

Insect numbers for this group are 0-1;
dt;xt_0;yt_0;zt_0;xt_avg_0;yt_avg_0;zt_avg_0;xxt_0;xpt_0;xp_0;wd_0;xp_avg_0;wd_avg_0;PCAsigma_0;PCAmu_0;PCAwt_0;vxt_0;vyt_0;vzt_0;vxt_avg_0;vyt_avg_0;vzt_avg_0;vavg_0;vv_0;vv_avg_0;vvt_0;vpvt_avg_0;axt_0;ayt_0;azt_0;aavg_0;axt_avg_0;ayt_avg_0;azt_avg_0;curvature_0;curveRadius_0;vxp_0;vxp_avg_0;axp_0;axp_avg_0;thetaToR_0;psiToR_0;aa_0;xt_1;yt_1;zt_1;xt_avg_1;yt_avg_1;zt_avg_1;xxt_1;xpt_1;xp_1;wd_1;xp_avg_1;wd_avg_1;PCAsigma_1;PCAmu_1;PCAwt_1;vxt_1;vyt_1;vzt_1;vxt_avg_1;vyt_avg_1;vzt_avg_1;vavg_1;vv_1;vv_avg_1;vvt_1;vpvt_avg_1;axt_1;ayt_1;azt_1;aavg_1;axt_avg_1;ayt_avg_1;azt_avg_1;curvature_1;curveRadius_1;vxp_1;vxp_avg_1;axp_1;axp_avg_1;thetaToR_1;psiToR_1;aa_1;xb__0-1;xb_avg__0-1;vxb__0-1;vxb_avg__0-1;axb__0-1;axb_avg__0-1;phi1to2__0-1;psi1to2__0-1;phi2to1__0-1;psi2to1__0-1;phiO1to2__0-1;phiO2to1__0-1;phi1to2__0-1;phi2to1__0-1;phiE1to2__0-1;phiE2to1__0-1;alpha1to2__0-1;alpha2to1__0-1;dphi1to2__0-1;dphi2to1__0-1;dpsi1to2__0-1;dpsi2to1__0-1;dphiO1to2__0-1;dphiO2to1__0-1;dphiE1to2__0-1;dphiE2to1__0-1;dalpha1to2__0-1;dalpha2to1__0-1;
38.8041666667;-46.435102428636746;-164.11747978083702;5.266075364076627;-48.1564900952105;-166.06477338826386;4.473464927773854;0.0;0.0;42.963587105188005;6.2058628579097705;42.35619227294366;5.676106180324357;[nan nan nan];[nan nan nan];[[nan nan nan] [nan nan nan] [nan nan nan]];;;;;;;;;;;;;;;;;;;;;;;;;;;;-112.36905991923533;-187.33480424356003;12.03252525489168;-111.94679033578645;-188.8974751809699;11.860078188402554;0.0;0.0;44.45593965113232;21.938418314479524;45.51564205553455;21.73550102007939;[nan nan nan];[nan nan nan];[[nan nan nan] [nan nan nan] [nan nan nan]];;;;;;;;;;;;;;;;;;;;;;;;;;;;70.22902355653486;68.28255744314117;;;;;;;;;;;;;;;;;;;;;;;;;;;
38.8083333333;-46.939056061499386;-163.22289181858048;5.325243316873269;-48.67621874302216;-166.12705043269858;4.420019250124703;0.52616797515531;0.52616797515531;42.221402506572126;6.317324536667778;41.93442196211331;5.692455816164807;[nan nan nan];[nan nan nan];[[nan nan nan] [nan nan nan] [nan nan nan]];-99.51775945962662;149.3647345354173;40.992178063196675;-137.2130877310933;83.49204523043309;22.78384815644111;162.22656008889902;184.1031423769421;175.25871486788208;154.886671716836;189.87237626105556;-31050.382933881545;-33958.46998793194;-10622.272964636692;9960.878246923727;-7811.841164406993;-6019.148979030363;-1401.4559002524657;0.3569453156313096;2.8015495825497942;-143.02586686987226;-147.6993942395239;-12126.193665503732;-3885.423773059768;59.02505361148385;94.88453865227298;47224.32262295784;-112.87186531631926;-189.77002432817739;11.399529816961163;-112.14017089626168;-190.55568499907395;11.684148274593433;1.6786921029775639;1.6786921029775639;46.7699605081984;21.413891600815074;47.03630024543452;21.611579010846405;[nan nan nan];[nan nan nan];[[nan nan nan] [nan nan nan] [nan nan nan]];-41.71169624132551;-394.82134400735805;-25.010809282983992;-32.009949088461134;-405.3825988215626;-19.592409584568966;407.11613918057753;397.8056056267872;407.47267383937873;397.6794105422947;407.6372950999354;4480.074455555174;-34481.68997401653;918.7027722978436;5686.228695540664;2189.0298158186415;-4952.9297871283325;1734.886672732252;0.019518860403937455;51.232499198481605;366.55442415875274;370.77807410214723;27459.397632074284;3476.7042572073715;174.71068501502688;121.36089906747047;34783.64594713064;71.33570310300242;68.69633461606314;207.1682920882824;144.11951407452963;-28637.963947522974;-7680.9240199635615;53.73424999122473;-88.82314731618851;116.81520915274244;-97.81308864262151;nan;18.740661753988817;53.73424999122473;116.81520915274244;nan;98.07454739875362;112.75930360270857;291.5258941677693;;;;;;;;;;;
38.8125;-50.0619699619521;-170.28861945660861;3.1206265272484472;-48.82134150002501;-165.20991898682146;4.683027222650777;1.1030502226024619;1.49123993994811;42.53073479332481;4.649620030365831;41.443742947946035;5.958407417943148;[1.85627108 2.97280784 0.97748142];[ -48.93785511 -167.07739648    4.15233053];[[ 0.56527187  0.5804884   0.58608953] [ 0.81636933 -0.49561095 -0.29649773] [ 0.11835889  0.64606734 -0.75404785]];-171.68999553176016;59.12792589000782;15.00559376183368;-135.1133804389506;79.07993937991645;22.11946862335319;158.10924475865212;182.20519759297554;173.16898659187012;169.29734401265165;188.5598071687067;-3592.2903807184884;-9355.19816183624;-1851.2875000091835;7932.719177245947;-6791.00336724128;-4016.2116770633256;-824.8336657674757;0.2811337959688488;3.5570252112656195;-166.38279877781181;-144.02694474832407;914.8663497020817;-3835.778376244408;59.98940677438791;94.68101894019496;10190.757981343537;-110.0892293779502;-186.5197279378093;12.675761181972618;-112.35285916580521;-191.90145370696987;11.571961718793597;3.0449614085307695;3.0457749601795436;42.456047077119266;22.263716320436888;48.32524751942951;21.548666274295016;[1.18257328 3.98533963 0.68206233];[-112.20560403 -190.74773417   11.64899422];[[-0.5625507  -0.56337147 -0.60510271] [ 0.71040799 -0.70377076 -0.00521587] [ 0.42291513  0.43280399 -0.79613033]];-26.80715281801081;-449.8770565747003;-17.80830165675825;-31.606296050565533;-394.59923451636485;-18.63309614781749;396.30128198504593;451.0267454180765;396.7183775038167;450.15590731658847;396.880756982088;2674.1063876316903;8054.947941721384;2538.500888290104;5241.632536101424;1960.5414028946846;-4573.262703656062;1648.1071853496778;0.018903512549287654;52.90022144787495;407.01372955949506;361.23200618661895;-8038.931039740036;3277.708535191055;174.6879024743901;120.41317114429084;8858.725533397219;62.91280754976644;69.8081292701432;122.31742094390553;138.96505883934432;-12090.45420175621;-5886.225882927219;54.671084809262624;-88.90044637072079;118.79409320421338;-97.81616309786055;nan;18.995366472283276;54.671084809262624;118.79409320421338;nan;99.7987267319301;114.66049158365053;293.4819956786035;-776.4214460970784;372.33745290322713;17.856163776047985;34.17615875620721;nan;-119.47796054271831;nan;491.8154134459463;385.1642370552739;443.67273122235497;
38.8166666667;-50.5907343541876;-170.25124692016675;3.131578886568221;-49.50553340518638;-164.8823443115691;4.761620733984947;1.8168902394633037;2.2538674184583343;42.05986698439788;4.729486155566585;40.74253973819676;6.121392171687687;[1.65793734 3.88954323 1.13517535];[ -49.27040339 -165.22218022    4.63592271];[[ 0.38792987  0.64160405  0.66170587] [ 0.91708406 -0.34037067 -0.20761657] [-0.09201764 -0.68738057  0.7204448 ]];-178.77892630153264;34.179338190468464;10.199564904983067;-140.22326533748563;65.98297354248874;19.75682782446327;156.22627559121148;182.30239376628663;173.2168192183808;168.0535696462296;186.5969921319124;189.6036112333896;-2620.1239339265026;-455.6063512761587;6707.727349005255;-5778.160307148908;-3357.8703738615072;-575.4791098077087;0.2293669170205181;4.3598266610984036;-162.0692030213716;-142.55130213162616;1155.659613387019;-3248.248229499797;65.01663301853978;93.40553950709194;2666.191310812187;-112.06951295501662;-192.62867433364727;11.509428228401788;-112.48776836493967;-193.84586286580455;11.475724863901734;4.992687190832657;4.997233133241611;48.71334447218089;21.460371217545852;50.09092044675989;21.500358936950963;[1.63065795 6.81268182 0.96456369];[-112.7552989  -194.04722899   11.25937573];[[-0.57087731 -0.57111533 -0.58985284] [ 0.70929292 -0.70490272 -0.00396452] [ 0.41352467  0.4206417  -0.80750102]];-19.621647704521457;-422.91030669294645;-10.7849845385135;-29.498782527284526;-384.56107588919497;-15.677791830668502;386.0093164890363;423.50260029574594;386.49872915935606;422.688872339286;386.6417160423565;774.936066839669;4889.092001508289;832.6913284633116;4099.581873269847;1605.6666906600929;-3453.1746710562634;1517.8902151746152;0.01671888638872971;59.81259617112449;380.76889066561995;351.7013072713999;-4558.591629306595;2459.0541898354227;175.03528055627945;117.90026003604329;5019.6734311506025;65.95891020544383;70.42273705013353;89.32228484599985;124.38725133149195;-3747.2111252183686;-4962.7586108265;51.28722795588546;-88.8480819350334;120.34626711246368;-97.67581488630151;nan;18.409149777438003;51.28722795588546;120.34626711246368;nan;101.93711733502568;116.30386097442525;295.3815476687431;-721.1674024643561;359.90280794633634;38.581167288585256;32.95594948618333;nan;-88.95264412317496;nan;448.8554520695117;361.3605780498461;412.8281750648883;
38.8208333333;-50.66241275533632;-167.50674441459506;3.918128537727199;-50.25209146278959;-164.71718627107143;4.808073837332717;2.513861422707812;3.0198856966501553;40.625093540505425;5.477138704365261;40.05721962479768;6.2631756730082735;[1.78385756 4.21785706 1.1866076 ];[ -49.77041636 -163.96210591    4.95518138];[[ 0.00744734  0.70685998  0.70731429] [-0.99632496  0.06560324 -0.05507076] [ 0.08532943  0.70430475 -0.70475081]];-181.30496123047217;18.201615464656594;7.468542770352505;-145.59817234399716;54.362496684889514;18.102092824066364;156.46659260154559;182.36931458833428;174.6020088528828;169.43344618310792;186.23349207619137;-1402.1003771239675;-5049.182974466498;-855.2842733473876;6107.719457948246;-5248.480177501061;-3095.3994284285454;-419.7560980644355;0.19660568531004316;5.086322902733054;-157.20900865212212;-141.77100603255457;1177.2336838542044;-2890.8843257705207;69.66928746732363;92.47345285055265;5309.580526313627;-113.62835258697373;-197.48544001692682;10.627726611522789;-112.57625210595529;-195.6504291784255;11.423559204987287;6.796260636168793;6.804720396001841;53.722761077144945;20.864808553814132;51.717028599091776;21.487516509697567;[1.66717222 8.10648475 1.04164515];[-113.12441763 -196.83307065   10.96284047];[[ 0.57082143  0.57203009  0.58901992] [ 0.71878651 -0.69489115 -0.02173117] [ 0.39687385  0.43578419 -0.80782627]];-15.421275774525919;-399.4685029304821;-5.937296335975741;-28.267194100272693;-376.1939762019971;-12.83672131067092;377.4728114804814;399.810145028632;378.04602977746447;399.0869171837512;378.174881481043;1241.2424595606299;6362.9738044844335;1494.1990087563613;3452.7871982912334;1273.4839480574271;-2877.3067312817843;1421.6483548488452;0.014891911027392048;67.15054892287557;358.80323384160386;344.07075416222443;-5984.923646229528;2104.3911257071145;175.28236312704945;114.35066808896637;6652.875254935998;70.06033453538835;70.82744111134235;67.3146908512369;112.2919287628174;-6816.433992275432;-4327.729208928865;48.20090609178734;-88.7516450059204;121.8969053117401;-97.53136177489218;nan;17.999716801094014;48.20090609178734;121.8969053117401;nan;103.89718851064609;117.87019355911096;297.17926843878956;-648.2462336079581;335.83980348740715;59.048918598125454;27.818902224736224;nan;-64.19774357835233;nan;400.0375470657582;328.4049203428434;370.87665922007153;
38.825;-49.905196467935845;-161.44434725810737;5.570642900251798;-50.9953577910324;-164.59751649331523;4.846617108193135;3.217336653181804;3.7737101285548116;38.90589444708243;6.924013901716491;39.391963046352075;6.397372071045259;[1.88502481 5.11537745 1.43282255];[ -50.21954134 -162.35703661    5.40216026];[[-0.36736253  0.66437179  0.65088778] [ 0.92792488  0.2142173   0.3050678 ] [-0.06324702 -0.71604544  0.69518252]];-186.00807354433846;-5.576574860876097;3.3014556071162917;-150.76255491656028;43.3860082552673;16.671970881863853;157.76453432372148;186.12093170834046;176.20045407898544;169.5845658694774;186.27467207672825;-855.393533529829;-6364.348381778516;-1144.9175650046338;5546.783298003546;-4786.012182815823;-2792.967349648629;-245.4093004479196;0.16310988903870757;6.130836124612225;-150.21185925778468;-141.060396876011;2181.398025425808;-2601.2148794721015;74.03769952282428;91.74189896354734;6522.841762031914;-112.35006397947927;-197.05396644524416;11.159998473080364;-112.65128209581067;-197.3701154215789;11.38584999274746;8.515094460326507;8.526455642477476;52.6765135584295;21.21768779728305;53.263994535639874;21.48595257702901;[1.64103484 9.27117342 1.0004618 ];[-113.420381   -199.50481545   10.80788756];[[-0.57696298 -0.56799982 -0.58693264] [-0.5876422   0.7877605  -0.18468904] [-0.56726569 -0.23834765  0.78828931]];-11.562647104492587;-371.05394473524774;-0.29532492121420517;-27.321557033740593;-368.19296236759897;-10.105427880890474;369.34353207878434;371.2341739771009;369.9931375659622;370.45853754380903;370.109436704686;610.8993020528429;7276.014129217911;1213.947270326751;2910.9096672701676;944.515478076696;-2405.7324289522962;1339.3047013162286;0.013157116284629358;76.00449660601069;332.76750333848486;336.8924118590949;-6512.226995257747;1842.9624509413625;175.4763252822673;110.23983634956078;7401.8408211039705;72.10164597917735;71.16708942385016;38.829911835330726;101.14189907227055;-6856.25993534941;-3664.0272642767563;45.27749960201617;-88.52657220762855;123.34545717868298;-97.40118197391666;nan;17.667877743078254;45.27749960201617;123.34545717868298;nan;105.67757943560473;119.31519912484046;298.8217824609503;-507.682569476912;329.1304303306742;57.386647546059486;28.631610741042472;nan;-28.24777505865076;nan;357.37820538932493;313.72468051477733;345.80858167076406;
38.8291666667;-50.29835171703151;-159.7239318672883;6.119163426199776;-51.76296613971011;-164.5655061421993;4.870311693752318;3.9258068075669645;4.542350924325573;37.99792854507274;7.4934814889585875;38.74714455269674;6.521375778089823;[2.60241128 4.74550768 1.32382296];[ -51.04334958 -162.12360149    5.44983255];[[-0.33696755  0.67153319  0.65992124] [ 0.93980015  0.19760289  0.27879881] [-0.05682031 -0.71414023  0.69769275]];-179.55174498765555;-11.296669215805155;1.1941949504968687;-155.49078185131526;33.76596185948317;15.686174654880556;159.88614541708358;179.9107277653648;178.14698770402168;165.89673224235156;186.68437717692044;3954.431240735817;3618.7030914019015;133.43244982529035;5235.645086548199;-4526.530756867537;-2628.6305734676275;-113.13747239425768;0.13939547877928501;7.173833819842698;-142.51042482622765;-140.43666673735635;1515.2905017253495;-2418.0378948654834;77.80804708357984;91.22050111941086;5361.9346061002525;-115.90900813644856;-207.53796562264216;9.410660520239318;-112.70476273740967;-198.97933336951266;11.374081735520825;10.121984946033198;10.136605037675364;63.68185591268557;20.110186990999395;54.70705554777164;21.505599286018104;[1.66652923 8.8551116  1.00231181];[-113.11956012 -200.5154307    10.97719783];[[ 0.59576072  0.52436527  0.60836685] [ 0.43720465 -0.8471343   0.30201916] [-0.67373679 -0.08604967  0.73394427]];-12.915487686648982;-359.8451819382933;-1.9493419944430144;-26.88280339725122;-360.8804824402029;-7.579440045991778;361.95974311541835;360.0821638468069;362.69128230536137;359.61715998226344;362.55311290932354;-1260.2627814873629;-1895.8079866691974;-2007.8754654744785;2606.7095043303843;649.2187653035526;-2180.160751073055;1272.929115946627;0.011799965964552015;84.74600714985748;323.1446987910262;330.548540890654;1893.2808124668143;1780.4695454031923;175.57433692482164;105.70084142801231;3035.4429801225606;81.25130160720494;71.38839686843596;36.44425606918426;91.82231933952957;5711.145167587543;-3133.783120770392;42.79885414505466;-88.25957068426938;124.69557034080167;-97.29953758968605;nan;17.464735604607775;42.79885414505466;124.69557034080167;nan;107.23083473619388;120.6069012286345;300.2699072656233;-483.7727089165028;323.03668966156766;83.20931330842787;46.05434261963728;nan;-20.649746348280935;nan;343.6864360098499;320.32348092518305;344.1954607218795;
38.8333333333;-50.64792859506643;-158.1030983206515;6.5423231921510165;-52.54542507056846;-164.6439879504892;4.8741292382524355;4.630541368760702;5.3287451933525425;37.24592298970592;7.934460798581372;38.14019755253727;6.629298287099252;[3.68065111 4.865356   1.37234284];[ -52.108712   -162.79893045    5.25225101];[[ 0.17514638  0.69365819  0.69868595] [ 0.98365233 -0.15345663 -0.09422932] [ 0.04185505  0.70376799 -0.70919586]];-165.79822593526933;8.37394521629951;5.869668974967169;-159.41116869692905;25.694930036383546;14.94589647650618;162.15896508174274;166.1132977688538;179.87335965094826;161.56558106909048;187.14065724765052;2647.2579044029717;5823.1918360021855;2110.7950819203297;5066.4335412953915;-4383.77127534255;-2539.9203167986125;-10.149786113508345;0.12270686282105595;8.149503434525135;-139.48980474050725;-139.8419134679721;-65.39286058191904;-2303.4507813456707;80.8827599394213;90.85114034083043;6735.947850834771;-113.38919653480814;-203.26096950672502;10.416213075046358;-112.7476374883481;-200.4622316277058;11.383388951737341;11.602248939858073;11.620152176358175;58.66397526805378;20.710811982013475;56.03705706346042;21.54283482643997;[1.58422071 9.03492472 0.94367396];[-113.0398605  -201.92688641   11.02341284];[[ 0.6094659   0.4931524   0.62076729] [ 0.39476463 -0.867794    0.30181859] [ 0.68754069  0.06110883 -0.72356997]];-17.17616635055988;-359.9317028371547;-5.535353392090302;-26.630606000321297;-354.4080037758426;-5.412001929391024;355.44832547250206;360.3838114218385;356.2433980832904;360.2231731747726;355.88434202666974;-784.8629771877501;1854.2779552173772;286.58999460724226;2449.5444998914195;394.9866228108064;-2086.5851669535264;1220.8260178249577;0.010823608552945415;92.39062879152917;325.0248737746722;324.99422664161796;-990.7968203196638;1814.68808025487;175.61530987676807;101.45475793911643;2033.8363880052239;77.39965798095795;71.4906720224779;58.10919693595043;84.11945343661303;4688.026448451319;-2709.602647319363;41.046811523042145;-88.04835014474475;126.08821076477177;-97.16258521774132;nan;17.43247961758951;41.046811523042145;126.08821076477177;nan;108.65573114718227;121.92957146246346;301.70352064153985;-477.9665817038027;307.45990186583055;108.40188921475763;50.31129073913293;nan;-17.65331710371158;nan;325.1132189695417;307.50301550010863;323.6062067488185;
38.8375;-52.39299488590196;-161.00059331308876;5.602850290437701;-53.25923068127382;-164.659645052331;4.880263318339791;5.308279576253149;6.042748849961562;36.453104707513035;7.276584368186838;37.55955767914491;6.729535943181395;[3.94452491 5.19708172 1.46392695];[ -53.06890604 -163.20203766    5.11504659];[[-0.35361229 -0.65989228 -0.66294836] [-0.93527715  0.26054251  0.23952923] [ 0.01466274  0.70474093 -0.70931321]];-164.36597491057935;6.424863888638948;6.424312978824008;-164.48347903254643;15.86625652943712;13.596726058251107;165.80537967874014;164.61690187080617;181.43778891521438;161.0950722142222;187.0131596855674;-1959.7774125471392;-6758.750873268121;-1844.5659600654674;4562.470251227795;-3914.8823203283846;-2340.0215935697115;118.87031987144522;0.09862200479453982;10.139724923289783;-137.04124156241943;-139.5569573727203;1240.7031860644997;-1971.497265109829;84.5088486655935;90.45321363975297;7274.878999314338;-115.44346981970159;-209.90606339361472;9.433721063604537;-112.81239180146507;-201.97804321899827;11.357837218900467;13.11879461255189;13.137561413319267;65.5727503548869;20.107511381516417;57.399928037696704;21.548893853798152;[1.57790942 8.60659044 0.92258873];[-113.0582744  -203.70851837   11.0001667 ];[[ 0.63535126  0.45359535  0.62496403] [ 0.28386968 -0.88982826  0.35724457] [ 0.71815513 -0.04956745 -0.69411547]];-14.098850728762164;-343.0265742001008;-2.0706483407969256;-25.70437984844373;-348.3078848790952;-3.0075446219679973;349.26801046903114;343.3224370528096;350.0854289101918;343.0877425873428;349.57376802128357;2261.974475649245;6260.183790572618;1376.4684300143153;1907.6808914167223;118.2637448225724;-1520.2573225241906;1146.332300621692;0.009688098647050733;103.21942792195057;309.3071492763297;319.4505219160309;-6553.71093888697;1444.1762619113122;175.75066001699093;96.65537817778143;6797.1387332511395;79.88606238922794;71.69209900234581;49.640374900646385;74.13038595480572;-8753.061025389994;-2205.1643122006526;38.767414904084035;-87.56615974003252;127.38754275464791;-96.9157514011891;nan;17.292654385038777;38.767414904084035;127.38754275464791;nan;110.09488836960914;123.27626356967754;303.1382027716388;-384.4112922250704;296.91321903734985;105.36238894225194;41.17626826277337;nan;7.854937575681354;nan;289.05828146166806;284.822619771019;292.0954592474784;
38.8416666667;-51.759787691878856;-154.8173346197758;7.515633635355911;-53.927076953362295;-164.5742050736867;4.923043146377159;5.976921211003046;6.717395977562443;35.507870129137;8.995929610592501;36.97778251303311;6.858524267646896;[4.15788291 5.45499326 1.50928916];[ -54.06816945 -163.64353503    5.00073948];[[-0.42027174 -0.64367032 -0.63957813] [-0.90720078  0.28335246  0.31096323] [ 0.01893176 -0.71091484  0.70302325]];-175.2975480020564;-18.05520246971003;1.9534536182886741;-168.03352513474135;7.568652522163912;12.714281495473417;168.68373669134542;176.2357417006956;182.73373847872875;167.08116353198776;187.28015809559972;-3287.3776713583525;-4991.680978726427;-301.44653298853126;3973.4540160610845;-3529.2236340754357;-1790.461039295217;356.60429778849846;0.06852458717417491;14.593302072119208;-135.7137658962546;-138.61408662445876;-603.5148663078396;-1840.2939026136935;87.42833991612021;90.1945206164395;5984.530136925997;-115.12090397288787;-212.12910835968017;9.942633111683378;-112.8907722079361;-203.4616624846819;11.337261006803258;14.604108716314341;14.623392155406165;67.39287150611318;20.603031435646326;58.745597678249204;21.5611918644204;[1.62927266 8.00153298 1.02346412];[-112.96230161 -205.22705566   11.09344301];[[ 0.66417233  0.39804119  0.63280197] [-0.17944788  0.90660519 -0.38192342] [ 0.7257228  -0.14010799 -0.67356972]];-9.859054861424843;-326.0257068020136;3.49236386250935;-25.34218060264556;-341.21869743532517;-0.8890680907270612;342.159635315487;326.1934381066873;343.014068735711;325.7324764088241;342.3406148800762;-226.8724593319339;1900.2325605000128;1293.777427570762;1689.875993669723;-171.16478282707624;-1281.932753323753;1087.6727021750498;0.009341591272518714;107.04814317254713;292.8193807931071;313.2925650198327;-1360.41793304939;1377.0281989047478;175.7498624174596;92.00373811292575;2310.0248762468714;85.47023336839342;71.97491533027745;22.71579867772247;66.06438227478357;-4170.735561600457;-1402.9180268213797;37.06375667551068;-87.14500106795515;128.65037661365355;-96.7433244615819;nan;17.285368641725256;37.06375667551068;128.65037661365355;nan;111.36500797192829;124.49209659163088;304.4002390311132;-323.77497984555185;302.2384159154832;91.3829745045866;41.02978045175411;nan;31.680940929596442;nan;270.55747498588636;274.48665054247465;274.9301784320457;
38.8458333333;-52.72141981320949;-155.45111493974025;7.311496824449463;-54.6289471388619;-164.60610451992568;4.933799259829988;6.650738511371591;7.420073019979668;34.68094693616267;8.929681419291866;36.41754733279148;6.962017806055875;[4.73487835 5.87864581 1.5373372 ];[ -55.02394719 -163.9227148     4.97966748];[[-0.51163189 -0.61229392 -0.60276775] [-0.85724216  0.31638077  0.40625002] [ 0.0580403  -0.7245684   0.68675465]];-187.8989587244577;-34.196641271548415;2.188503284759431;-172.0264139795177;-0.2582255108597162;12.018233532421768;172.4459095609597;190.99795420532084;184.61585831777413;178.42363125574548;187.93436102385496;-2761.2994753996877;-2756.2096461666624;414.270372893913;3920.6573422806546;-3454.909825714375;-1802.9876987176824;429.40359806851717;0.060782971434762724;16.45197620970673;-138.90537384285858;-138.19671214109135;-928.4569480639735;-1743.3247415354465;90.08579793222727;89.99400756766676;3923.402394392195;-114.3835284140274;-210.92622579857778;10.278565867247437;-112.92988222420475;-204.83659800399894;11.340581816060494;15.977859134112917;15.998887812769816;65.97180350528895;20.820837231797302;59.977487614999305;21.590369800189098;[1.505726   6.39978832 1.04608155];[-113.04731537 -206.93460349   11.10737521];[[ 0.70898186  0.04658912  0.70368613] [-0.07679331 -0.98678191  0.14270335] [-0.70103317  0.15521248  0.69603275]];-12.405061457909733;-321.6489784481008;8.140225958718581;-25.11449556768491;-335.23696459535523;1.2332962793356863;336.178644976803;321.99101565904033;337.055014216742;321.45732808471166;336.2040962554822;-995.2107069818826;200.5970493839068;937.1963786121072;1673.3755904528005;-413.98318976471876;-1245.0722756520302;1038.5561196768147;0.009575759720036542;104.43035636196852;290.95638434626557;308.1787044810207;466.1796385627301;1453.9322618082695;175.710512018742;87.1965013269399;1381.673108805609;82.99703043244442;72.10576879318451;12.016545490607884;58.633433690562036;-964.9059682220081;-1064.9357662948676;35.5639874688753;-86.68813983218047;129.86181957995902;-96.57261583233267;nan;17.35811219816945;35.5639874688753;129.86181957995902;nan;112.50370738178957;125.64978540110256;305.572331598701;-165.31471807728596;296.6918939775051;67.41645408625956;27.479855994017583;nan;63.32957078282907;nan;233.36232319467646;269.8310410103255;265.60831181559627;
38.85;-55.10933073550298;-160.1242239790039;5.848621988609381;-55.38788985337935;-164.7246650942676;4.939321926529564;7.369264240436198;8.18824041941476;33.62878976323199;7.864382622983284;35.84683446389772;7.069140761636858;[5.06517336 6.03725611 1.51644056];[ -55.9163483  -164.05320342    4.99823859];[[-0.54901525 -0.5953572  -0.5866277 ] [-0.83077842  0.31179834  0.46107376] [ 0.09159404 -0.74049416  0.66579196]];-199.2552075606869;-43.88332580505584;4.5276305476860035;-176.0462488974295;-7.437703709223884;11.761390938330669;176.59538924934068;204.08058080606648;187.05874703528656;190.79891471139516;188.87368758863414;-2689.699965986246;-1893.3989299159796;708.5107133102098;3912.680554597115;-3424.9333307149345;-1828.685637755162;484.5716053879867;0.05454463915625922;18.333607398798712;-143.23996248038003;-137.3300562614866;-1152.1455979453772;-1656.1933607639123;92.4138535026868;89.83878376249203;3364.7336961056417;-111.38777082834034;-205.42506221692105;11.922515604532762;-112.97293099844796;-206.17854337469853;11.366364038990834;17.318546019721055;17.34177101615168;59.642881387332935;21.973145454184117;61.18575918485829;21.641831899327844;[1.4842237  5.56448649 1.06465683];[-113.10025135 -208.53120786   11.13886733];[[-0.68705937  0.15877173 -0.70904228] [ 0.24653961  0.96888435 -0.02193932] [-0.68349663  0.18988062  0.70482459]];-17.30823236417037;-322.00477092568246;11.771795826793324;-25.597584450043158;-329.58474666326765;3.3034742782338173;330.5937907842105;322.6844008988675;331.54944381569425;322.0900794958382;330.59743737511855;-1358.3113280217533;-371.3774386208505;805.9571580623204;1737.6829013462939;-623.4415069007913;-1283.1836516353517;992.1200881346514;0.01015073140522867;98.5150685284508;294.27133925491285;303.68259755238523;1124.99871758736;1580.032041108973;175.52229377176434;82.66858903954085;1622.497397958066;72.5004892948908;72.1642136525918;10.532591463198203;52.6337251368657;252.60803506708655;-779.1027174982537;34.36563184346457;-86.38347628041697;131.16903007961577;-96.40140962448397;nan;17.54937648280521;34.36563184346457;131.16903007961577;nan;113.61965359681055;126.77948534615138;306.6913238513801;-94.57363834856918;215.49043522596182;56.22388030168942;21.4753407886287;nan;54.39146691918065;nan;161.09896830678116;202.01825680449485;195.6467088134693;
38.8541666667;-56.039259026302965;-161.55519272483264;5.575438301648575;-56.19477179489896;-164.8910765305219;4.9520367872029825;8.137602105169385;9.012202130508559;33.249517631778374;7.737549513994493;35.26000255076772;7.190422134688729;[5.12449028 6.00595498 1.48933333];[ -56.7205918  -163.99071098    5.08689417];[[-0.56125812 -0.59192959 -0.5784537 ] [-0.80142996  0.21419995  0.55841597] [ 0.20663818 -0.77700563  0.59461157]];-148.77622036401357;-32.74600534944129;3.103925952431118;-178.2314020958097;-11.587085124537536;11.455078580234007;178.97461289244575;152.36895670859383;188.1903506358212;143.7297281561755;189.34986496943105;26919.6138203858;7239.312748606444;-1391.888919031305;3942.2159043278434;-3439.688540272245;-1852.804830080226;526.0449067204944;0.05159743666935057;19.380807740668455;-107.02499215519379;-137.0999228840698;18535.331354033704;-1637.810681368992;93.71201259129049;89.76159577283678;27910.761581758463;-111.54231965991961;-206.72256691650534;11.8942929186083;-113.03325773635399;-207.51700615773296;11.408417032383145;18.656670201485362;18.682252418905147;60.88718268252575;21.985079008858268;62.40212415121805;21.71164231358436;[1.47843404 5.19222845 1.07329396];[-113.07659095 -209.90025618   11.22687462];[[-0.68931857  0.12614168 -0.71339202] [ 0.26470164  0.96049372 -0.08593517] [-0.67436855  0.24807275  0.69547607]];-12.384823153942214;-240.9260385138851;8.728448821646849;-25.582511933358695;-326.40705705875115;4.451637830945857;327.4383131124902;241.40200019341302;328.39923935893984;240.9996974465715;327.37141257502395;3721.547748929557;39289.168996285094;-2266.763720531357;1818.7043395998915;-761.5680547640096;-1336.0093955265204;970.9677996243239;0.010776825505380623;92.79170378148211;219.88532821789363;301.0200135629317;-36830.28401535668;1689.5794069002384;175.45148216739278;80.15922865096157;39530.07634486594;71.83738131877986;72.2059066722729;7.249868530592906;48.82571836947852;-1828.3150427174664;-596.1796612097343;34.186364818231326;-86.12633604812834;132.33425202977142;-96.34361703238254;nan;17.885858621359663;34.186364818231326;132.33425202977142;nan;114.44839340841176;127.89837740952181;307.7857341971642;-136.07524369839388;148.7607136952027;49.48533494237947;28.57127609754676;nan;29.90349867794307;nan;118.85721501725918;132.8380340166736;125.26749833246897;
38.8583333333;-57.53313526941469;-164.20104236030699;4.879296633536143;-57.04834991638498;-165.09035947597638;4.977052181093612;8.959255196364401;9.889091560117626;33.02947197681062;7.284013645435098;34.65316810989462;7.330535749365912;[4.97561157 5.96729423 1.51159504];[ -57.56737989 -164.16840432    5.12957919];[[-0.55730368 -0.60016489 -0.57377235] [ 0.77550004 -0.12933388 -0.61795828] [ 0.29666866 -0.7893509   0.53750615]];-92.21071998680613;-18.694041552366723;0.060976993269509366;-180.41403039092836;-15.450699579555558;11.241989457843287;181.42306580577554;94.08659728271869;189.4721320761047;89.84975571816909;190.0258838912336;231.8263606293086;-494.3701260233354;-68.72658136389481;3968.068252807004;-3456.3245257943777;-1864.8346896842975;567.2548029564555;0.04861968600164771;20.56780045774278;-67.47808099161162;-136.96597379707248;447.18600445479524;-1626.0240511548113;94.88545262896221;89.69595008812259;550.3350124905073;-111.84289836466947;-208.77339372814782;11.535220446360753;-113.11716626814938;-208.86191646574574;11.46446233754744;20.002630015519554;20.030942692666333;62.895389979259434;21.699655179637436;63.63802034531576;21.798521895126665;[1.47030095 4.43601396 1.09727962];[-113.15979139 -211.38521301   11.29281994];[[-0.65355546  0.25389243 -0.71302448] [-0.39416386 -0.91840115  0.03426649] [-0.64614249  0.30344353  0.7003013 ]];-4.723733464387847;-156.6146596509075;4.155088019548382;-25.6883440810905;-323.5913826104114;5.546938827824075;324.6568071852272;156.74096475351413;325.6253000831994;156.52402062208319;324.51085247079845;-44.22469794870927;1180.2928578793085;71.55053552776852;1909.2522438246333;-889.5006809105628;-1395.8817454503153;951.602239345633;0.011467437508598476;87.20344011032833;141.04389288771165;298.7296970503172;-1013.6049430701489;1800.6805393070042;175.35692938499358;77.85388158995363;1183.2863277346994;70.57298488602481;72.25198524811844;2.4388763000582934;45.44383661913043;-480.96122793544725;-418.0185467192128;33.57751819055987;-85.91494394456959;132.96478370649868;-96.22244845124541;nan;18.00263870713169;33.57751819055987;132.96478370649868;nan;114.96214499936698;128.46297081952207;308.32171309149226;-121.24316133559212;143.24959252087882;48.66750996384375;28.114174823671654;nan;32.62135860659016;nan;110.62823391428826;127.48341112252362;118.47346244388282;
38.8625;-60.53400016717895;-170.17609499344138;3.0566453944589256;-57.43457363126567;-165.1639599084339;4.977902836806574;9.335349839804113;10.282266464211615;33.974771286063806;5.962398541751714;34.36812761614116;7.383307858986234;[nan nan nan];[nan nan nan];[[nan nan nan] [nan nan nan] [nan nan nan]];-91.39057933730109;-20.496535582084363;0.14486275513324756;-182.43697284780748;-19.058359136780364;11.055887372399932;183.7626261252525;93.66091472803903;190.66600894434848;89.22228492765622;190.62651670768182;161.84115113341917;-370.8270082414372;108.99174705837413;3992.72035474465;-3471.961187497956;-1876.269449117437;605.7345111586252;0.04601501824234135;21.73203528320752;-65.80943223519999;-136.80621076643453;353.76539862257084;-1614.2086511574453;95.95295657224925;89.63989915856173;419.02795750202847;-113.20072762859957;-213.42930334178362;11.112400482046823;-113.13646459597017;-209.52472314534856;11.481154105896865;20.66500101354001;20.69424031448736;67.72014371174637;21.52945340968845;64.23450188636706;21.82760403923773;[nan nan nan];[nan nan nan];[[nan nan nan] [nan nan nan] [nan nan nan]];-5.010387929201841;-151.16623745500027;4.803494142203266;-25.80793080240481;-320.89728668166464;6.57516597573617;322.00054456408094;151.32550640746854;322.97417786906243;151.10394736067653;321.7592957220233;-93.36944516228864;1434.9497961596157;239.68440334671106;1997.776935294322;-1008.24271557028;-1449.851863188146;934.0711346055514;0.01221794640192046;81.84681509511422;136.52189508228142;296.5442558261949;-1156.954003537613;1902.4395869758876;175.25570537270332;75.75363379112187;1457.822823252574;68.62593827374499;72.26632224336117;0.44833835575959985;42.30621600408144;-474.4969853293699;-253.19453298223962;33.05240445407811;-85.71395825694186;133.57392464389804;-96.105523064903;nan;18.13505444367584;33.05240445407811;133.57392464389804;nan;115.4388702002222;129.00536102632736;308.82963001660136;-104.18209030006831;139.11408856420275;43.67357340368208;25.463739707833806;nan;35.621750906865834;nan;103.49233765733649;120.38306464395649;110.71580702320209;
38.8666666667;-60.83801304494638;-170.1640879601096;3.208008925983819;-57.81677258294165;-165.24614315557943;4.977560322704191;9.708003160682434;10.673201551009301;33.68643229999698;6.1522491292328825;34.09085076829789;7.434497205648005;[nan nan nan];[nan nan nan];[[nan nan nan] [nan nan nan] [nan nan nan]];-91.56340108019899;-24.255410889536748;-0.07935828725689216;-184.39439012063534;-22.54325803887657;10.875073956886444;186.08534822638825;94.72163254785782;191.81346832005613;89.47837080862297;191.16398815514685;-244.7955877244628;-1433.4331393336472;-216.61784740589914;4012.0058735016805;-3480.071879746319;-1890.7300735384865;640.6486008944787;0.04375275549647814;22.855703341484276;-64.09275101664798;-136.63558833842436;470.24158628148683;-1595.1673635218715;96.95817406611305;89.59064260641479;1470.2308446376867;-112.64526835809706;-214.0592836257929;11.683833024627603;-113.15653071368594;-210.16703862950322;11.499088071043674;21.30699685403684;21.337119352387113;68.05730021673169;22.032268725997092;64.81338611937996;21.857709360843042;[nan nan nan];[nan nan nan];[[nan nan nan] [nan nan nan] [nan nan nan]];-4.775739919628267;-143.93011962503715;6.046733409325841;-25.92346147812068;-318.29899591052623;7.567753108739918;319.4425574962917;144.13622033333914;320.4188680448997;143.8614351193045;319.0857255668703;206.00048975690063;2038.3867622228818;357.0704448717942;2076.4162406888076;-1120.7493982496198;-1488.3428455819517;916.6573868814759;0.013020392687305206;76.80259912398749;130.25470750947196;294.43575177807276;-1851.29603140921;1987.5341555773773;175.15046163435193;73.78125242495209;2079.6528789166973;68.42966827160387;72.2723092172856;-4.007788084049025;39.274213103447266;-1664.4437057797725;-100.66171566374459;32.56715851276333;-85.50938136153758;134.15853031083927;-95.98816366104816;nan;18.274483362186594;32.56715851276333;134.15853031083927;nan;115.88404694865267;129.52533257887637;309.3089919451912;56.784475538781294;271.2066068212666;17.451602868725086;14.694160386152037;nan;113.56415919634543;nan;157.642447624922;247.3678815291451;238.2079483450721;
38.8708333333;-61.928007242492285;-169.84535226794242;3.6106367758963813;-58.196161792409804;-165.33476437161792;4.979110026432684;10.078868880867873;11.06280685612546;32.54900126871523;6.689941964062443;33.81971568084786;7.487289514212219;[nan nan nan];[nan nan nan];[[nan nan nan] [nan nan nan] [nan nan nan]];-229.73575389270158;-66.5383838220753;17.016384650753366;-186.04229804401146;-25.60819650079488;10.80496078234448;188.1070534749511;239.78204787866034;192.90917621849022;227.28893617523136;191.75957167298458;-66077.93376222409;-18862.393868272182;8422.5744576437;3994.1504145342146;-3487.4334802508283;-1816.1731150582884;701.8265247829461;0.039869320613902276;25.08194232061491;-151.2291236458255;-136.35945898256062;-42295.70044825185;-1609.0282488453238;97.82433286344937;89.54700069987766;69231.66178289567;-111.43227356894218;-212.54808371331757;12.798674593488286;-113.17821782871351;-210.78444179080682;11.521183223748556;21.92420057487891;21.95529828305278;66.16250967532028;22.95488983647305;65.372184345386;21.891776710058895;[nan nan nan];[nan nan nan];[[nan nan nan] [nan nan nan] [nan nan nan]];-41.591289032659105;-310.6738805534662;22.828387662788877;-26.178190041739516;-315.69491855863663;8.468794069019284;316.89162139537405;314.2757239508488;317.876697054706;312.35786811742696;316.4029627631388;-17877.464063997773;-82075.39200779858;7698.123596785109;2189.0659849322237;-1232.0601284739555;-1567.468447411554;903.9249927849316;0.013885819043433851;72.01591759708745;297.5811281021182;292.38034333541185;82167.9779158108;2110.3134241194575;175.01905302652835;72.13669877774716;84351.85120378046;66.0198129075917;72.27005839632584;21.330766438798115;36.77579925040643;13826.949876731747;117.19182087874083;32.184220368244254;-85.3500118119112;134.73320871526633;-95.8933252340044;nan;18.431902367899706;32.184220368244254;134.73320871526633;nan;116.30130634736662;130.0085532316936;309.75226174179465;31.835265713301443;567.6107575956808;-104.29597439383282;49.7842838123256;nan;212.04391374312036;nan;355.5668438525604;377.7099191336662;372.0019653395259;
38.875;-64.39863612848168;-174.47631601410808;2.8045464752402154;-58.5798009252766;-165.4482715796589;4.976899003643717;10.45365625075425;11.46289154611724;33.99450488480292;6.285890234210542;33.556744509825855;7.537288817949354;[nan nan nan];[nan nan nan];[[nan nan nan] [nan nan nan] [nan nan nan]];-374.5770093167829;-104.6667835057488;38.692166623937574;-187.59538329779215;-28.23858085417338;10.841466089652513;190.0183745596102;390.8454365042518;194.0939500500908;374.24322100693837;192.42314068805354;-3445.86884128237;560.762020125041;1981.8008894780835;4106.857947598172;-3584.6966617847884;-1869.626535118305;721.6153157471001;0.038991577373775045;25.646564395534817;-243.86554143573613;-136.15340807932208;-2169.7800908719505;-1645.8684429946459;98.546369116034;89.50793356121122;4014.4739232023344;-111.36443581091852;-212.1329453035823;12.884744093549656;-113.1963285463495;-211.36645629304513;11.549477516121387;22.505842146697642;22.53828151256275;65.75069678796321;23.025012967991138;65.89884201529216;21.930984190264606;[nan nan nan];[nan nan nan];[[nan nan nan] [nan nan nan] [nan nan nan]];-85.42760694633077;-488.6816871141826;40.18081616223136;-26.527172901673215;-313.445685835324;9.298173893858776;314.7035826117846;497.71695303335173;315.69908817759676;492.94498418677136;314.05478065112567;-3163.968534550834;-3368.3551412800384;631.042082941238;2355.36766800411;-1324.6920000416976;-1730.5113482460713;893.4642858537837;0.014569245184192338;68.63773567933376;478.2822064800631;290.67571306380034;4568.539705537555;2295.2114193519155;174.87547281371675;70.75518991217267;4664.19632475502;61.03620608523963;72.23891098325186;60.60535545598558;34.7827369955735;5024.852851507245;221.5498980702125;33.04036247558688;-85.36395133763142;136.41858536768495;-95.8657123244968;nan;19.220851355490225;33.04036247558688;136.41858536768495;nan;117.19773401219473;131.5867315916209;311.29405818140174;nan;nan;nan;nan;nan;nan;nan;nan;nan;nan;
