

Insect numbers for this group are 0-1;
dt;xt_0;yt_0;zt_0;xt_avg_0;yt_avg_0;zt_avg_0;xxt_0;xpt_0;xp_0;wd_0;xp_avg_0;wd_avg_0;disSTL_0;disSTL_avg_0;disSTLz_0;disSTLz_avg_0;PCAsigma_0;PCAmu_0;PCAwt_0;vxt_0;vyt_0;vzt_0;vxt_avg_0;vyt_avg_0;vzt_avg_0;vavg_0;vv_0;vv_avg_0;vvt_0;vpvt_avg_0;axt_0;ayt_0;azt_0;aavg_0;axt_avg_0;ayt_avg_0;azt_avg_0;curvature_0;curveRadius_0;vxp_0;vxp_avg_0;axp_0;axp_avg_0;thetaToR_0;psiToR_0;aa_0;xt_1;yt_1;zt_1;xt_avg_1;yt_avg_1;zt_avg_1;xxt_1;xpt_1;xp_1;wd_1;xp_avg_1;wd_avg_1;disSTL_1;disSTL_avg_1;disSTLz_1;disSTLz_avg_1;PCAsigma_1;PCAmu_1;PCAwt_1;vxt_1;vyt_1;vzt_1;vxt_avg_1;vyt_avg_1;vzt_avg_1;vavg_1;vv_1;vv_avg_1;vvt_1;vpvt_avg_1;axt_1;ayt_1;azt_1;aavg_1;axt_avg_1;ayt_avg_1;azt_avg_1;curvature_1;curveRadius_1;vxp_1;vxp_avg_1;axp_1;axp_avg_1;thetaToR_1;psiToR_1;aa_1;xb__0-1;xb_avg__0-1;vxb__0-1;vxb_avg__0-1;axb__0-1;axb_avg__0-1;phi1to2__0-1;psi1to2__0-1;phi2to1__0-1;psi2to1__0-1;phiO1to2__0-1;phiO2to1__0-1;phi1to2__0-1;phi2to1__0-1;phiE1to2__0-1;phiE2to1__0-1;alpha1to2__0-1;alpha2to1__0-1;dphi1to2__0-1;dphi2to1__0-1;dpsi1to2__0-1;dpsi2to1__0-1;dphiO1to2__0-1;dphiO2to1__0-1;dphiE1to2__0-1;dphiE2to1__0-1;dalpha1to2__0-1;dalpha2to1__0-1;
38.9083333333;-73.19481030006713;-175.015775839853;4.449213053704938;-72.99460373899083;-166.92019266093052;6.100870843509277;0.0;0.0;28.90457341438283;9.08159334595863;20.835262554782055;10.570240201756818;nan;nan;nan;nan;[nan nan nan];[nan nan nan];[[nan nan nan]
 [nan nan nan]
 [nan nan nan]];;;;;;;;;;;;;;;;;;;;;;;;;;;;-116.4499609150983;-228.41664010542775;12.435375881124216;-115.70170718985288;-227.1825920734556;13.650685838323806;0.0;0.0;82.76517034419683;23.49438164758509;81.08398399393248;24.581916747679283;nan;nan;nan;nan;[nan nan nan];[nan nan nan];[[nan nan nan]
 [nan nan nan]
 [nan nan nan]];;;;;;;;;;;;;;;;;;;;;;;;;;;;69.18409611858365;69.63702134411639;;;;;;;;;;;;;;;;;;;;;;;;;;;
38.9125;-72.55188844831005;-171.2757225269262;5.541663575817992;-73.84439783926263;-167.26059734241656;6.350459411217815;0.9488518394170693;0.9488518394170693;25.866265065593087;10.023408612297164;20.868389764613582;10.934579590304988;nan;nan;nan;nan;[nan nan nan];[nan nan nan];[[nan nan nan]
 [nan nan nan]
 [nan nan nan]];-208.12758018807162;-91.66429958769439;56.923172389766236;-210.58625155069453;-98.00698059040045;55.11172921159539;238.72419291582437;234.43481185344427;238.89885098529214;234.36072912767244;238.89973729189927;-649.4607854213858;-1584.9907700130875;-467.3743139039465;1753.1755430178284;-626.5160779468318;-1572.5656635068892;-456.22288705096173;0.024053540028631037;41.573922125795015;26.379082787388324;37.865920118176746;2912.697466177936;2868.378968296738;114.23906602688342;83.86754607702609;1775.509448615813;-117.59455879610111;-231.6437843017378;11.887516294350633;-116.20752146917994;-228.24828592119215;13.724599157641377;1.1819537389624144;1.1819537389624144;86.20105080809739;23.150632731200563;82.29686982590594;24.737808777674378;nan;nan;nan;nan;[nan nan nan];[nan nan nan];[[nan nan nan]
 [nan nan nan]
 [nan nan nan]];-120.72448653717585;-261.4697190549376;17.66485326806752;-120.41707609088166;-264.8561725231176;17.616888543310466;291.4779907640027;288.53572165906104;291.4915666003292;288.51496312450024;291.4776690428663;97.88026676187424;-888.9791339653133;-11.865626037936304;864.6356524730007;86.36533889818396;-860.230047428179;-11.836607036075069;0.005159811741884762;193.80552043837218;295.3520762336867;297.90991426739424;666.0452486463306;647.1393366732294;155.32166667897542;82.42767789302195;894.4301204277315;75.58713436314778;70.62689207271049;222.63982381263045;213.3418299304903;-2359.0387635079337;-2322.4620510170107;31.338616820148598;-101.52180590110541;170.02026160828171;-102.20679387108946;12.215908131054244;25.21171896959532;31.338616820148598;170.02026160828171;19.122708689094353;144.8085426386864;145.577682847032;325.34192828725713;;;;;;;;;;;
38.9166666667;-71.90469727718707;-168.80630656380248;6.616731107977401;-74.70588849668101;-167.62873695548845;6.591730191311193;1.9161089318141196;1.9162734211789973;24.022195518235847;10.966599314295452;20.952885557740867;11.292631847713118;nan;nan;nan;nan;[0.47125684 3.34420917 1.26857101];[ -72.37389193 -169.68236419    6.37285447];[[-0.56436497 -0.5863431  -0.58111441]
 [-0.81890318  0.30865044  0.48387238]
 [ 0.10435401 -0.74895706  0.65434972]];-210.7836904026571;-98.24214239099429;54.99998921837922;-211.58959848957784;-100.94005222587404;54.330007414867524;240.6466331325716;238.96920616547527;241.05324599996737;238.80614114777714;241.05375828401407;-625.521615480823;-1572.3600110087305;-455.77352602697084;1742.6788417400778;-616.0892124766493;-1566.4810458599077;-451.1105858656957;0.023383219716945423;42.76571028733554;38.41974030594211;43.0175526338723;2866.8642533068023;2847.7044611363017;114.80008610388738;83.85275072241592;1752.5189878230055;-117.69384522003881;-231.55991130299782;12.152435206749018;-116.71142492378823;-229.32993897058887;13.798305819475596;2.377481915322741;2.3774974156359767;86.15157110787153;23.425016731721087;83.5216644504984;24.893485285378652;nan;nan;nan;nan;[0.60098644 1.57525853 0.52048676];[-117.02822779 -229.96208743   12.55862882];[[ 0.60497625  0.60877525  0.51322163]
 [-0.3811195  -0.34452949  0.85793203]
 [-0.69910776  0.71462727 -0.02358396]];-120.34174314947235;-265.1113458388182;17.615485705834004;-120.35610192942201;-266.258509981729;17.594138680172026;292.72638952652187;291.6787036678809;292.75391211788053;291.65029767992;292.7400059620235;85.86192834700985;-859.0550804954617;-11.831353432668909;851.0312345983699;81.13826476124176;-847.0719134618724;-11.828680298425658;0.004978040572413932;200.8822518525766;298.08620172952016;298.990134087493;646.3697069948097;638.482298481812;155.44758521156433;82.4260222931993;863.4164018528834;77.88006803389864;71.57514578798457;212.88941603548125;209.1769893005581;-2321.1968621826345;-2305.4189163457872;31.31096752413959;-101.31839987877515;170.44628403644134;-101.93278871290354;11.647577867757937;25.291547952043736;31.31096752413959;170.44628403644134;19.663389656381653;145.1547360843976;146.11105362802698;325.8938692480057;-130.86662463254135;73.5447335957243;100.99387457658969;63.20710625532247;-110.06415583651211;-53.787132965111724;-20.802468796029434;127.33186656083645;122.88457772682722;130.9609174711597;
38.9208333333;-72.25799477834781;-168.36896115504732;7.157608199062437;-75.57865494462814;-168.02439364994524;6.824886661114406;2.9018579154808952;2.9024921757876383;23.317425738245667;11.542600967629356;21.087949415477183;11.64454000887344;nan;nan;nan;nan;[0.79942953 3.8506875  1.67255332];[ -72.80951866 -168.2572755     7.10557708];[[-0.26858764  0.67159509  0.69052206]
 [ 0.95731131  0.2656221   0.11401734]
 [-0.10684444  0.69166823 -0.71426839]];-213.34067279959658;-104.76718497476966;53.124893692325934;-213.55240814100907;-106.60699964898741;52.80941155106161;244.45555290349353;243.5419061433639;245.17933211435053;243.2634364789426;245.17906995899918;-601.8794329534157;-1559.6466646466793;-444.2922441453117;1722.5280220133072;-595.9127373744586;-1554.7706289505643;-441.2245317393666;0.02213599298982482;45.17529439314816;50.27000248647329;53.00055020257999;2821.3077039368536;2807.7759184197;115.8552937935526;83.8448308996839;1729.783850243583;-116.20434387040518;-227.84322428224567;13.199434525161777;-117.21362884799339;-230.42702614868645;13.871806476087071;3.586245098333113;3.5863031917453965;82.1271610918011;24.210742034351497;84.75802266202811;25.04896679857123;nan;nan;nan;nan;[0.7424629  2.15767492 0.78942908];[-117.36804993 -231.034222     12.97031248];[[-0.64154096 -0.65473736  0.3996801 ]
 [-0.32635232 -0.23856605 -0.9146477 ]
 [ 0.69420412 -0.71722049 -0.06062516]];-120.00875905918949;-268.628956044062;17.566254076140833;-120.22425546097084;-268.9970391268845;17.550202254193596;295.16315532149076;294.7408888473344;295.2071086009525;294.7032272598601;295.1931725662413;73.9958040002646;-829.4511762226313;-11.800378418607417;824.7724433599516;71.02280231080996;-821.6238846789275;-11.812578167889741;0.004635052587148798;215.7472825168396;300.73877977232786;301.09566249998016;626.9024711961657;621.7400351061823;155.69263192100527;82.4219900250931;832.8288429668934;74.19550686125774;72.48244362288106;203.29618418892053;201.10522238638558;-2283.5943168333233;-2272.5008144986828;30.76839671008425;-100.9095505795814;170.74913729088692;-101.64902411658835;11.192358890504028;25.067388297001052;30.76839671008425;170.74913729088692;19.576037819580222;145.68174899388586;146.62369050363685;326.44176921189217;-128.98726137801853;75.11223593917379;106.63890136098853;53.834013772101564;-111.20665884982444;-51.81353504746635;-17.780602528194308;126.925770986641;122.61846314351956;129.89018506219338;
38.925;-71.96006884477303;-164.9450548518322;8.099056430283852;-76.46228157251186;-168.44734814177505;7.050130223193966;3.9061601080454826;3.907689261896849;20.843106488837233;12.384907099348856;21.27278562232083;11.990445708989645;nan;nan;nan;nan;[2.68870676 3.74311524 1.49097107];[ -74.19619448 -169.07882488    7.21299666];[[ 0.14613656  0.72364083  0.67452802]
 [ 0.91542073  0.15957129 -0.36951576]
 [-0.375032    0.6714767  -0.63911661]];-215.79976482645336;-111.2390832250523;51.2973878699529;-215.50321209516767;-112.45406319189834;51.27153356291262;248.42769754114607;248.14329355874818;249.46687110188455;247.727142871157;249.4658715566447;-578.5342378390832;-1546.8507309268903;-432.9304682589301;1701.7356515419222;-575.2000505189029;-1542.4806117950038;-431.048363699913;0.020924869212182295;47.79002391172929;61.931022093610224;63.21221493850276;2776.027818067934;2766.458788394628;116.91467945688201;83.85319298584926;1707.3013320641437;-117.19843016014372;-230.34687717951283;13.118382184194473;-117.71434189350238;-231.53902794066406;13.945101722486063;4.80790106265527;4.808037095854216;84.82179536021874;24.298970598264663;86.00560287122613;25.204273524417093;nan;nan;nan;nan;[0.83496164 2.36803958 0.84453616];[-117.62712502 -231.77152189   13.22462755];[[-0.61162815 -0.6237484   0.48667129]
 [ 0.39176624  0.29564406  0.87127137]
 [ 0.6873356  -0.72355548 -0.06353934]];-119.72490004104236;-272.0238836256687;17.517144639024497;-120.13423662974817;-271.73075988441866;17.504452061021066;297.6176179595766;297.7211704077045;297.67542679054986;297.67327034376126;297.6614780879247;62.28189372159802;-800.1674211467212;-11.772700995751727;797.8377312636682;60.642004867266934;-795.4422480011164;-11.799269831902784;0.004299420331983935;232.5894941140955;303.3106783031723;303.21077966193417;607.6435412503326;604.5126884000903;155.92605341052624;82.42222268181006;802.673989013521;79.68124829158616;73.34944255485046;193.85913095634945;192.8514530888548;-2246.231127459871;-2238.4497869635775;30.220412318868473;-100.47678425730362;171.05915681640568;-101.40606282744255;10.730376569120388;24.843321844001164;30.220412318868473;171.05915681640568;19.490035749748085;146.2158349724045;147.13509177575048;326.98521022693194;-124.009963197936;76.92213611093604;111.36003694067604;44.32041088114456;-112.24982520508908;-48.00449170358891;-11.760137992846708;124.92662781452538;122.38642609898207;128.80724471255058;
38.9291666667;-74.04386393228381;-167.17805172364308;7.902918059099122;-77.35635792577737;-168.89737971316066;7.267660205361088;4.929053219471968;4.932003780906512;21.139571555035605;12.498362877144729;21.506603265957;12.330489183581674;nan;nan;nan;nan;[3.26170262 3.40275841 1.45294418];[ -75.21542672 -169.23507007    7.45773673];[[-0.06662638  0.68919254  0.72150854]
 [ 0.88857151  0.36991784 -0.27129591]
 [-0.453874    0.62303646 -0.63704314]];-218.16220393077367;-117.65749302782959;49.51697380961928;-217.42956871036805;-118.35596283850118;49.73705419063605;252.50252642016792;252.76464069325198;253.80976076578156;252.1921637263092;253.8080494867347;-555.4860301379049;-1533.9722098494074;-421.6881983678645;1680.8119232377337;-554.3539910554854;-1529.9528550616417;-420.7904884710622;0.019773962722793182;50.571552805008245;73.40395189190107;73.4688305958194;2731.0245957001976;2724.682106599661;117.9520081645653;83.87998731697247;1685.0686653401929;-118.3439987248442;-233.89616394780342;13.854788404173775;-118.21377006942014;-232.6654303898541;14.018192096433484;6.042105325498475;6.04236006137241;88.53710512472793;25.23316148285617;87.26406710525299;25.359425349469245;nan;nan;nan;nan;[1.27109927 3.33176244 0.83190013];[-118.10187886 -232.95349201   13.37881043];[[ 0.60501795  0.61393079 -0.50699336]
 [ 0.39858393  0.31769269  0.86035005]
 [ 0.68926347 -0.72260663 -0.05249317]];-119.48953186974819;-275.29746253861373;17.46814365452179;-120.06995945124937;-274.4372162094162;17.45801532440335;300.0622653758143;300.61865735410703;300.13026956528427;300.5600620569217;300.1163179089468;50.72019751105005;-771.203815267831;-11.748321164101926;770.7847235620158;50.196428693138245;-769.0581622172431;-11.787779691877127;0.00397596532564192;251.5112477341713;305.8027652630983;305.312754997951;588.5929171573756;587.1506912264823;156.14911483036374;82.425149873606;772.9591749694118;80.30711800332054;74.17679540586357;184.57725902123363;184.56301509923796;-2209.107294062406;-2204.026978900668;29.69350286526749;-100.02089306823989;171.37507259038;-101.2004073351542;10.26563673342221;24.63560883827219;29.69350286526749;171.37507259038;19.427866131845278;146.7394637521078;147.6455110298328;327.5241874207437;-118.37445564271137;79.48196513800708;114.31293353909379;33.76212665534623;-113.94019242121962;-43.91228971662672;-4.43426322149153;123.39425485463337;122.15797112276447;127.70157133501313;
38.9333333333;-73.75330701159982;-162.21105585515477;9.971849149266518;-78.26047870589534;-169.37426621247332;7.47767386066861;5.970552965305007;5.975536652302244;17.281886139254762;14.43591257741712;21.788616237255212;12.664809268481006;nan;nan;nan;nan;[3.71651044 3.17054005 1.5521272 ];[ -76.14906609 -169.03800022    7.79114264];[[-0.39113033  0.54871339  0.73887122]
 [-0.7838285  -0.61934338  0.04501854]
 [ 0.48231727 -0.5615402   0.67234117]];-220.42922756012035;-124.02207026913304;47.78315356967196;-219.31229392053726;-124.30591495959992;48.21480890079791;256.6603018699461;257.3980342614449;258.20890483957555;256.65375550703766;258.2065210881443;-532.7348098498023;-1521.0111014141867;-410.56543447207684;1659.7516158253284;-533.422799332759;-1517.1524196472574;-410.4681217162472;0.01868441209177911;53.52054938030331;84.6899446459729;83.73845478675989;2686.298036833491;2682.46455130501;118.96798270102288;83.9222911245995;1663.083017841908;-118.09121185557667;-233.5329528931561;14.144254856791761;-118.71211674224276;-233.8057250977269;14.091078078439889;7.288511648853139;7.2889288695371075;88.10592765984923;25.481337827285323;88.5330810076817;25.514441839666556;nan;nan;nan;nan;[1.40267146 3.65228008 0.92273333];[-118.42819136 -233.78579922   13.5961047 ];[[-0.59631358 -0.60158941  0.53150757]
 [ 0.40722073  0.34389588  0.84611282]
 [ 0.69179578 -0.72098946 -0.03990989]];-119.30202032002248;-278.4510267378958;17.4192373826692;-120.04208423529188;-277.0922661144569;17.41083939035066;302.4786988471659;303.4326550897599;302.5542623704089;303.36334665076714;302.5403213573651;39.310715368581256;-742.5603585858624;-11.727238923657934;743.6734693041266;39.7110785205718;-742.5190345457745;-11.778901764577752;0.0036654422044567797;272.81837885320044;308.2159085931679;307.3860714605622;569.7505989172301;569.684660009768;156.35842931553972;82.43163492803886;743.6926425740185;84.08371883094253;74.96515084239977;175.4495710669753;176.26638307910568;-2172.2228166407995;-2169.2505706047255;29.18699595888573;-99.5487839494647;171.7001746173301;-101.0367260700997;9.794961359078032;24.443284413137945;29.18699595888573;171.7001746173301;19.3920345998077;147.25689020419216;148.1549786599086;328.0586039328698;-106.705234207061;80.25637276441218;117.97135477325514;25.3766677573171;-113.00532518912401;-35.939744228405516;6.300090982062801;116.1961169928177;121.872808286579;126.59427435092121;
38.9375;-78.9539477689122;-172.67637279478993;7.413704178153935;-79.17424377037405;-169.87778405427937;7.680366367413977;7.030654583857759;7.038354163622759;23.67951374492858;12.742459613055383;22.118043230272555;12.993543399835293;nan;nan;nan;nan;[4.28998956 3.00648024 1.63084755];[ -77.13072256 -168.95752548    8.08631085];[[ 0.49232757 -0.47589604 -0.72879113]
 [-0.69755988 -0.71651868 -0.0033474 ]
 [ 0.52059945 -0.51002347  0.68472789]];-222.6020731620438;-130.3324708349611;46.09542920846688;-221.1276423313461;-130.25757934163732;46.72041748897393;260.85871384584163;262.0363038281121;262.63037299428004;261.10750610489043;262.6273646169698;-510.280576974815;-1507.9674056212496;-399.56217657158606;1638.6996060367574;-512.5830822127424;-1504.1487350925554;-400.16442292359625;0.017662370229319505;56.61754266366819;95.79015312039395;93.93044089310806;2641.8481414678904;2640.1152703910802;119.9564450542792;83.97745230819088;1641.341492986897;-118.14567808173116;-233.73732559142678;14.213434765558347;-119.20958263586459;-234.95940922390676;14.163760091766505;8.546772509306013;8.547397007146303;88.31604598757097;25.560157789622657;89.81231383851501;25.669342240335943;nan;nan;nan;nan;[1.743876   4.43408099 0.9541848 ];[-118.87366076 -234.8816619    13.75903732];[[-0.5924209  -0.59652392  0.5414764 ]
 [-0.41217246 -0.35306915 -0.83991431]
 [-0.69220758  0.72076445  0.03670519]];-119.16173116658184;-281.48591017849657;17.37041208350344;-120.05666299674968;-279.66382544128595;17.36321430760089;304.8392015497037;306.1626479823822;304.9201019276327;306.08297050171115;304.90618639316784;28.053447294211516;-714.2370511008645;-11.709454274419796;716.7354484120436;29.274926701630147;-716.0405533562945;-11.773174008692955;0.003369874757758183;296.7469333089555;310.55097623443015;309.4075271116774;551.1165865299287;552.2561951765546;156.55094488200578;82.44207393915046;714.8836775236604;72.87433030503355;75.71515337545824;166.47506977702378;168.03513441136255;-2135.577695195116;-2134.3768930374067;28.70704906824411;-99.06828528874668;172.03742229986392;-100.91905627969275;9.316135129911292;24.269673090633344;28.70704906824411;172.03742229986392;19.39091393833282;147.76774920923057;148.6634941225233;328.58836718186967;-96.55265676843379;80.41650083333596;121.86340240555988;16.70769501117699;-111.3711381463741;-28.875608244737883;14.818481377940305;109.29210907807426;121.4939645257949;125.4639218460355;
38.9416666667;-79.14517197517925;-171.2321225656799;7.76422620396626;-80.09725813274862;-170.40770821933432;7.875930829136671;8.10933426119869;8.120491212497722;22.21524805837613;13.093268939357605;22.494107742250478;13.316827614104342;nan;nan;nan;nan;[4.85817078 2.95098514 1.31383182];[ -78.08291066 -168.92932034    8.37461644];[[ 0.76285862  0.22734938 -0.60527596]
 [-0.1856565  -0.81969405 -0.54187944]
 [-0.61933706  0.52575082 -0.58310178]];-224.68197818409524;-136.58835061131268;44.45330278435981;-222.9336646759408;-135.99782778908062;45.25607191403258;265.0338469974756;266.67295508145384;266.869145397027;265.5493141996269;266.8654850265444;-488.12333151298066;-1494.8411224706194;-388.67842466641093;1618.66225026461;-492.4062151205668;-1491.7575977958259;-390.20875074856536;0.016731346066478855;59.76805428724552;106.7057300797337;103.82620183095504;2597.6749096034723;2599.3557115833487;120.8727997218031;84.05309671166405;1619.8411298635788;-118.92209751950122;-234.96681744311064;14.016025876339228;-119.70636583157193;-236.12598548615753;14.236238502424317;9.816539537611543;9.817415447640636;89.74346135288916;25.485194324102434;91.10143847417014;25.824145476190424;nan;nan;nan;nan;[1.85794579 4.64300003 0.92372772];[-119.29033526 -235.93395983   13.92325358];[[-0.5942433  -0.59826713  0.53754195]
 [-0.40668707 -0.3530977  -0.84257204]
 [-0.69388798  0.71930415  0.03348156]];-119.06803018414273;-284.40344681539864;17.321654017061253;-120.03674080584322;-282.212018364189;17.317573534362076;307.1682613903927;308.8082836814744;307.2477675943072;308.7188755906434;307.2338623023017;16.94839328795962;-686.2338928128853;-11.694967216387532;690.8129623036064;19.16812791117506;-690.4467473156894;-11.765240339628296;0.003091809915455024;323.435148778488;312.80883612793497;311.3996520682085;532.6908799955025;535.4118317728372;156.74457849542722;82.44959298350898;686.5427706547949;75.38832891118633;76.42744336054838;157.6527578348279;160.04091237652202;-2099.171929725419;-2100.803754002638;28.29778567382694;-98.5656893263543;172.36897772370017;-100.82525383878874;8.853250315835385;24.143786544567917;28.29778567382694;172.36897772370017;19.444535357991555;148.22519117913225;149.17058539563004;329.1135562191274;-95.4520565988226;81.1952885405993;126.19066053344035;4.993713038715839;-111.0282179646057;-27.514434657051083;15.57616136578321;108.7097231976491;121.01570567531559;124.28914348760624;
38.9458333333;-79.28180525162563;-170.1110685283947;8.20577826421517;-81.0291319625856;-170.96381225458524;8.064558274619378;9.206550468065055;9.221954260423846;21.035427021875805;13.531998709104561;22.91603807361591;13.634796548061875;nan;nan;nan;nan;[5.42811608 3.7345174  1.07614485];[ -79.23616658 -169.39595562    8.55771184];[[ 0.74054915  0.64333035 -0.19419839]
 [-0.18177636  0.46998286  0.86375544]
 [ 0.64695    -0.60435269  0.46498766]];-226.67018007383646;-142.78936548421862;42.85627635569803;-224.70211485038078;-141.79679662830546;43.800121420106635;269.2876205634021;271.3021080883213;271.1740497166805;269.97536962434265;271.16977685952855;-466.26307346422345;-1481.6322519622506;-377.91417875651405;1598.46423503652;-472.1026003247374;-1479.0802427711178;-380.16927927127375;0.015849139846994965;63.094906704959286;117.43782828861731;113.75652011151996;2553.778341240085;2558.08587410378;121.77350023173099;84.13966388688829;1598.5789033501737;-119.8251648735873;-237.15781579194464;13.98116700862954;-120.20266176804577;-237.30496216038892;14.308513619174473;11.097463930153461;11.098633363314395;92.11292622953316;25.602517045488995;92.40013140748543;25.978870151330003;nan;nan;nan;nan;[2.04108585 5.04899079 0.78903182];[-119.66773669 -236.85274683   14.13696653];[[ 0.58969078  0.59389778 -0.54731181]
 [ 0.42144062  0.35181325  0.83583206]
 [ 0.68895035 -0.72354189 -0.04283163]];-119.020283147421;-287.2049706035992;17.272949443379094;-120.0514259266792;-284.7169536636254;17.27113434784857;309.47436186570513;311.36935899728485;309.5519435604113;311.27109342760383;309.53806233285025;5.995553349787675;-658.5508837218289;-11.683777749561095;664.8126327073014;9.00055304289628;-664.6476771478104;-11.75975825241454;0.0028235119225966695;354.1688604170442;314.9903562147434;313.36892509886326;514.4734793138888;518.4304897067016;156.92634005711156;82.46040876964636;658.681807683553;78.56453043967846;77.10265699769417;148.98163792379108;152.02098661146687;-2063.005520231582;-2066.8193262570444;27.902443595173875;-98.05275693536707;172.70755980680835;-100.77982548793295;8.388042312024893;24.029043021927208;27.902443595173875;172.70755980680835;19.51440128314898;148.67851678488114;149.67594382690487;329.6338998639199;-92.87814687926459;82.2020450414608;129.4458446086082;-7.9003579992427095;-110.73520220914685;-25.28709284922117;17.85705532988205;107.48913789068112;120.52090442017632;123.0854474514901;
38.95;-80.32213833437814;-169.76527833746405;8.912355827529069;-81.96948058548773;-171.54586827317377;8.246437657888869;10.322245212862121;10.34272401886113;20.188902755222234;14.364021321476486;23.38306732798373;13.947583438797112;nan;nan;nan;nan;[5.79253498 4.30858029 0.94654866];[ -80.51237841 -170.01390068    8.71866134];[[-0.71813655 -0.69220781  0.07161179]
 [-0.22323699  0.32661304  0.91841666]
 [ 0.65912453 -0.64356218  0.38907915]];-228.56791627881526;-148.93517133966733;41.30385198083994;-226.48989294103453;-147.78722453822763;42.31235439081245;273.73174948340846;275.9184404900671;275.63085982327897;274.38213473714956;275.6259790710023;-444.6998028286182;-1468.3407940961888;-367.26943884193247;1577.6857025069246;-451.18520477607916;-1465.8663489316139;-369.8106731232017;0.014994916695398515;66.68926679044971;127.98760051159616;123.96845187747158;2510.1584363778793;2515.3814085976987;122.67669774075414;84.24047946613028;1577.5517243342947;-120.65137740449545;-239.3868992341196;14.164099764661259;-120.69866324136432;-238.49585308066253;14.38058569352865;12.389196834200092;12.390698775523076;94.48923903802282;25.926174921208776;93.70807274772679;26.133534549242416;nan;nan;nan;nan;[2.13417165 5.24719297 0.65397591];[-120.02699493 -237.76811021   14.35728859];[[ 0.58331706  0.585703   -0.56275501]
 [ 0.43414066  0.3607461   0.82545996]
 [ 0.68648605 -0.7258197  -0.04384813]];-119.01785583113316;-289.8918154980762;17.224284622493798;-120.09115629120144;-287.25601299852985;17.22289424727547;311.8245194166459;313.84580717315265;311.8978314712041;313.73973938936047;311.88398300086385;-4.805072520266956;-631.1880238277901;-11.675885873940524;638.1459611532371;-1.4723928400615742;-638.0359687500114;-11.755950695190624;0.002557879775505483;390.9487887492218;317.0964044359018;315.37301238290326;496.46438448514976;500.91287187142734;157.10369395331892;82.47392338019793;631.3142929290427;80.63000951651627;77.74142633143732;140.46071272737666;143.77515740609172;-2027.07846671373;-2031.6601229970115;27.502351868836797;-97.51410048857569;173.04560512820512;-100.78363956346611;7.928015166130391;23.914499589092504;27.502351868836797;173.04560512820512;19.574336702706407;149.1311055391126;150.17904960959095;330.1492990815241;-86.62164285840115;84.26973394121116;129.5242648656517;-22.69565965614974;-111.2627523358803;-20.902475320724157;24.64110947747924;105.17220926193575;120.03360266162645;121.84773398349544;
38.9541666667;-80.95942322096526;-168.47228153824722;9.352051130392255;-82.91792448308301;-172.15364695442935;8.421755858213798;11.45634521493445;11.4827578883754;18.696582343762046;14.864191962088976;23.89443341215163;14.255320123710996;nan;nan;nan;nan;[6.11582659 5.07804417 0.86148858];[ -81.89103855 -170.85920824    8.79211296];[[-0.66027246 -0.71733789 -0.22241094]
 [-0.38362555  0.06754632  0.92101516]
 [ 0.64565604 -0.69344347  0.31978812]];-230.37642424659273;-155.0254240636892;39.79553171813315;-228.2152072737608;-153.75528531002632;40.85336536403948;278.1939360470334;280.5171354828466;280.0869773249481;278.7663267887193;280.0815287184834;-423.4335196060911;-1454.9667488723878;-356.74420492262965;1557.0390978257622;-430.42645894344236;-1452.5348596616345;-359.5084102871973;0.014198841702010821;70.42828006585786;138.3561995132941;134.0761500961142;2466.8151950167053;2472.735089035579;123.55182565922624;84.3496276391657;1556.7564400368374;-120.53226256193719;-239.30458485748858;14.591171693493777;-121.19456040499703;-239.69817763917746;14.452454919748176;13.69138970871668;13.69325914901234;94.369292359373;26.33257014259737;95.02494622057249;26.28815663280127;nan;nan;nan;nan;[2.0821584  5.03075876 0.62913796];[-120.54271353 -239.06326889   14.50754618];[[-0.58399043 -0.58631545  0.56141729]
 [-0.42967111 -0.36351471 -0.82658321]
 [ 0.68872195 -0.72394147 -0.0396337 ]];-119.06011400999537;-292.46531545382607;17.17564581444181;-120.16574866769255;-289.7162678982877;17.174460396446275;314.11826614778164;316.23768640173523;314.18634966103804;316.1250074393851;314.1725456610473;-15.453484322241074;-604.1453131306752;-11.671291589525788;611.8075755182575;-11.8630697644532;-611.57959582216;-11.754786739691243;0.0023049438284849;433.850052067137;319.12784873247045;317.3264947441612;478.6635955092237;483.4955410235238;157.26703507719515;82.49055447864295;604.4556134265171;81.30604646205656;78.34437925082938;132.08898492898908;135.61569809620377;-1991.3907691717395;-1996.5581230767539;27.128459037846714;-96.97404156362873;173.39257684882048;-100.8456618045933;7.4652489602820555;23.81831724818371;27.128459037846714;173.39257684882048;19.663210077564656;149.57425960063676;150.68028469707295;330.6596119260156;-80.53322437668302;86.23848539297832;129.05068265664733;-39.50473710909645;-111.60152860581293;-16.63288082019131;31.068304229130124;102.8713662131692;119.46993738351463;120.57319583299662;
38.9583333333;-81.60874207250671;-167.43595063118062;9.89769914461182;-83.87408929303722;-172.78691754387728;8.590697680107162;12.608763002338238;12.641992171184159;17.41269875335431;15.474837086252665;24.449379036106354;14.558137040520453;nan;nan;nan;nan;[6.17326155 5.40042197 0.86526889];[ -83.34443683 -171.92952325    8.78760855];[[-0.61033461 -0.69054692 -0.38811934]
 [-0.49304712 -0.05232079  0.86842793]
 [ 0.61999694 -0.72139275  0.30853898]];-232.09694142471758;-161.05977954227313;38.33081762593577;-229.877279307048;-159.69127403962975;39.424662574188396;282.66441333337184;285.09383435070487;284.53227715056926;283.1249012665102;284.52629741368986;-402.46422379671486;-1441.5101162908945;-346.33847699864157;1536.559650732287;-409.8577808553187;-1439.1096948001002;-349.2784649291226;0.013457983215468462;74.305338622403;148.54477805826383;144.06570154819855;2423.748617156712;2430.216026421719;124.39882478675428;84.46584932191128;1536.1898344459316;-119.9135576755506;-237.42239291373778;14.9912746707693;-121.69054076981138;-240.91146078628697;14.524121434845021;15.003694662444614;15.005961935909452;92.39248121665122;26.619348279735256;96.35043916813058;26.442754044268213;nan;nan;nan;nan;[2.08949836 4.986348   0.54571335];[-121.02500319 -240.28240311   14.6601105 ];[[-0.58515967 -0.58591244  0.56061999]
 [-0.406667   -0.38609468 -0.82798119]
 [-0.70157688  0.71248685  0.01234422]];-119.14642345872386;-294.9268044258276;17.12701927925997;-120.27397732782649;-292.0960877681929;17.125904697027483;316.3530475962418;318.5451694520387;316.41504272066925;318.42716520225395;316.4012937959047;-25.94968205609843;-577.4227516305766;-11.669994896316908;585.8565411592497;-22.155800340343262;-585.3193987439801;-11.756223217687253;0.002064186972789391;484.4522386693843;321.08555704549644;319.22772002555274;461.0711123861716;466.20541779464185;157.4168439536713;82.5101280191108;578.1233509211675;79.9456409905729;78.91213948944038;123.86545721209075;127.5537486503013;-1955.9424276057334;-1961.5700521246513;26.78050484501683;-96.43473161469532;173.7478529110485;-100.97277006060068;7.000825563331441;23.740312294753146;26.78050484501683;173.7478529110485;19.77967928168539;150.00754061629536;151.1793296317711;331.1646968647198;-74.75292785185685;88.1120019925952;128.09274711744638;-59.03678347954718;-111.7810702488319;-12.565800578929899;37.028142396974715;100.67780257152553;118.8300768625708;119.25613319921463;
38.9625;-82.38399440119608;-166.97289779784052;10.20745605511351;-84.83760580904114;-173.4454478532303;8.753445853323937;13.779397938173645;13.820344076530903;16.701512410767798;15.876886872898604;25.047151713016845;14.856163227254212;nan;nan;nan;nan;[6.10060557 5.37059688 0.86264802];[ -84.62328119 -172.57262437    8.91137941];[[-0.60649889 -0.68816292 -0.39823473]
 [-0.50210117 -0.05685859  0.86293772]
 [ 0.6164848  -0.72332489  0.31104274]];-233.73070526074994;-167.03789366144906;36.90921176259568;-231.47359151622322;-165.5891081014402;38.02803411562918;287.1339542268543;289.644593275064;288.96105090661274;287.4550361892879;288.9545761273057;-381.79191540041796;-1427.9708963516618;-336.0522550699325;1516.2636563426004;-389.50185107775707;-1425.5993911970104;-339.13147800100404;0.012769032898239514;78.31446656683542;158.55448891112792;153.9259933017478;2380.958702797751;2387.8634596752754;125.21851867389447;84.58775154525043;1515.848628864398;-121.18140788990665;-240.51850679159463;14.820848064005531;-122.18678920406622;-242.13523303048183;14.595585318580838;16.325764770711405;16.32845507420572;95.7366604370803;26.663948341349872;97.68424254892135;26.59734410529076;nan;nan;nan;nan;[2.2022021  5.2592998  0.53929236];[-121.48337746 -241.37718403   14.77065489];[[-0.58504321 -0.58577014  0.56089017]
 [ 0.40665132  0.38649527  0.82780197]
 [-0.70168308  0.71238666  0.01208777]];-119.27614995203503;-297.2776163690762;17.078391276984725;-120.41636445264947;-294.3919137730275;17.07725657023102;318.52524611858394;320.7685342892438;318.5806300645389;320.6465493666865;318.5669465757003;-36.293665721874746;-551.020339327403;-11.671995794313872;560.3406071000336;-32.33915343704725;-559.2829960492002;-11.760333772462142;0.0018351081235818364;544.927019367208;322.97039731603945;321.07407972853923;443.68693511593335;449.06063031419785;157.55315766419528;82.5326176585647;552.3376503641953;83.27952498365885;79.44532662535077;115.78913226008704;119.59830228636238;-1920.7334420155896;-1926.7284641812055;26.457348834707727;-95.89861920815673;174.11123089376193;-101.17486794716909;6.535236221900334;23.679709908015457;26.457348834707727;174.11123089376193;19.922112612807393;150.43152098574646;151.67586750860218;331.6643885579572;-69.32328596779267;89.82264602249016;126.81052670719718;-82.14419428047405;-111.74537953383555;-8.721004502620458;42.42209356604277;98.54365052511062;118.11534609401508;117.88975002796394;
38.9666666667;-84.63898473383153;-169.89598144075154;9.802352330137523;-85.80810998082353;-174.12900426039704;8.91018103286335;14.968137179559022;15.017713537362019;19.22144229282972;15.816153358496425;25.68700375924172;15.149526322256913;nan;nan;nan;nan;[6.05935604 5.25556399 0.82535408];[ -86.15270885 -173.99130442    8.80040166];[[-0.62655471 -0.7017563  -0.33906825]
 [-0.4576123  -0.02091975  0.8889057 ]
 [ 0.6308884  -0.71210986  0.30802495]];-235.27895320223922;-172.95942230720627;35.53021618647073;-233.0041540303127;-171.44595671844118;36.66380915670845;291.5971309398685;294.1658441203556;293.3692516130289;291.7541173207638;293.3623154766807;-361.41659441727074;-1414.3490890547369;-325.88553913653794;1496.1589066701715;-369.36783619849547;-1412.0093926675704;-329.07195354372436;0.012128369152101222;82.45131620410412;168.38648483644025;163.65331938174023;2338.445451939969;2345.695679870654;126.01201649270776;84.7142584100524;1495.7294825764632;-122.35701588317053;-243.4910318167877;14.8153505730224;-122.68348793341819;-243.3690304384066;14.666846593467884;17.657254372463246;17.660387445176674;98.93312311557636;26.858023280229816;99.02605093789502;26.751943816904397;nan;nan;nan;nan;[2.36455326 5.64287036 0.51858531];[-122.05984043 -242.72019636   14.83630809];[[ 0.59052324  0.59183107 -0.54865134]
 [-0.39918495 -0.37664441 -0.83593682]
 [ 0.70137984 -0.71265348 -0.01383278]];-119.4486592646448;-299.5190852385516;17.029748067652907;-120.5925019807482;-296.6034778255285;17.02852658869375;320.6339740419867;322.9081555822146;320.6823969051519;322.7835613929315;320.6687885732135;-46.48543531953481;-524.9380762212446;-11.677294283516682;535.2942811418886;-42.40853500027965;-533.4819756744746;-11.767124236643362;0.0016170818094626634;618.3979030302047;324.7832374851469;322.8652504650052;426.51106369856825;432.06880341236155;157.67637838039315;82.55792542086529;527.1216546163624;82.84932990083249;79.94455608115895;107.85901275643937;111.75230815113262;-1885.7638124014284;-1892.0484334120615;26.157563779584724;-95.36729205538333;174.4821195943201;-101.46474325626355;6.069316644591228;23.635597289928736;26.157563779584724;174.4821195943201;20.088247134993495;150.84652230439136;152.16958027229248;332.1584979747132;-64.42271825654157;91.55692953314608;125.03496530462627;-110.52892662534421;-111.71584798267875;-5.23479937620992;47.293129726137394;96.79172890935642;117.32779487413366;116.46188481968673;
38.9708333333;-87.47763181265053;-174.59269876913726;8.773796978381966;-86.78524291413818;-174.8373517094736;9.06108179896669;16.17485657308424;16.23398485544526;23.969057439590735;15.24101140209863;26.368192294321194;15.438352564185061;nan;nan;nan;nan;[6.53345807 6.10381312 0.76539245];[ -87.49807829 -174.92013978    8.84469985];[[-0.59983422 -0.65900416 -0.45377575]
 [ 0.50060031  0.13332253 -0.85535047]
 [-0.62417805  0.74022876 -0.24992627]];-236.74292269674513;-178.82402136557428;34.19333295590908;-234.4701125519338;-177.2605188781182;35.33165373822056;296.0504196736321;298.6543588883077;297.7538866085883;296.0197242672657;297.74651991476566;-341.33826084720386;-1400.6446944000725;-315.8383291984229;1476.2493692780429;-349.4585962820601;-1398.3436996107519;-319.10153170629985;0.01153241070630899;86.71213898521096;178.04191859882224;173.2473894058811;2296.2088645832214;2303.721202421378;126.78050727440944;84.84449737398539;1475.8289936371752;-122.70007832683741;-244.2011091608294;14.898619767326338;-123.1808165409155;-244.61239463484372;14.737905224768124;18.997819348766974;19.00140929358153;99.71970858598725;26.99640980549261;100.37556252641397;26.906569859530585;nan;nan;nan;nan;[2.40907599 5.7908888  0.54056214];[-122.64495208 -244.09161074   14.94114859];[[ 0.58923164  0.5903103  -0.55167003]
 [-0.4002422  -0.37986926 -0.83396974]
 [ 0.70186341 -0.71220299 -0.01243611]];-119.66331717126995;-301.65254498924855;16.98107591130097;-120.8015702877939;-298.73200009130073;16.97971701758286;322.67962137783496;324.9644970054851;322.72085232846376;324.83866350233865;322.707328130933;-56.52499084911335;-499.17596231201264;-11.685890363925349;510.7481780590628;-52.362541611407785;-507.920444611156;-11.776568797885561;0.0014095074907280842;709.4676733384707;326.52494549387836;324.6019443715723;409.5434981340177;415.2326603796538;157.7870501975742;82.58592264108852;502.5020158906966;78.25257177817839;80.4104391239742;100.07410138455423;104.0159302849272;-1851.0335387631303;-1857.5368767079317;25.879654784976154;-94.84186481893015;174.8597529439493;-101.85940289950634;5.604024725785091;23.607034870493624;25.879654784976154;174.8597529439493;20.275630059191062;151.25271807345567;152.66016205938558;332.6468031415235;-60.04908220850169;93.30980271262622;122.8201423005841;-146.25224598663274;-111.6936666807938;-2.1094892849306524;51.644584472292316;95.41929199755688;116.4692519544665;114.95715502823458;
38.975;-89.850727248341;-178.2752517476781;8.288094510441923;-87.76865087077682;-175.57025371075233;9.20632465711942;17.39942149056525;17.469028190920948;27.854362640699023;15.127385512576334;27.08997924098573;15.72276679201102;nan;nan;nan;nan;[6.52579389 6.13909357 0.74997657];[ -88.68532901 -175.50018886    8.98735644];[[ 0.5997879   0.65479001  0.4598962 ]
 [ 0.49692765  0.1456656  -0.85547907]
 [-0.62715021  0.74164114 -0.2380148 ]];-238.12385119181744;-184.63134672254282;32.89806412926826;-235.86337020623733;-183.03470301659252;34.03469495781563;300.4855942874606;303.10721753606606;302.118965702061;300.2496174221294;302.1112050384205;-321.55691469028574;-1386.8577123877158;-305.9106252556219;1456.5055685567822;-329.78016617340955;-1384.5709602162856;-309.21961348094743;0.010977645825001728;91.0942123604031;187.52194296282894;182.70122622827432;2254.2489407276526;2261.909445669373;127.52660410212997;84.97681748720085;1456.1436997902058;-123.25558033556902;-245.4255892886485;15.093210586018998;-123.6789519670041;-245.86487280272948;14.808761120494124;20.347117384070856;20.351172614210025;101.06353448189732;27.280849345598103;101.73247912227058;27.06123859297869;nan;nan;nan;nan;[2.54768544 6.09309856 0.49996225];[-123.25697395 -245.5688137    15.04395859];[[-0.59237727 -0.59331463  0.54503846]
 [ 0.39272982  0.3780377   0.83836196]
