 dt;xt_0;yt_0;zt_0;xt_avg_0;yt_avg_0;zt_avg_0;xxt_0;xpt_0;xp_0;wd_0;xp_avg_0;wd_avg_0;PCAsigma_0;PCAmu_0;PCAwt_0;vxt_0;vyt_0;vzt_0;vxt_avg_0;vyt_avg_0;vzt_avg_0;vavg_0;vv_0;vv_avg_0;vvt_0;vpvt_avg_0;axt_0;ayt_0;azt_0;aavg_0;axt_avg_0;ayt_avg_0;azt_avg_0;curvature_0;curveRadius_0;vxp_0;vxp_avg_0;axp_0;axp_avg_0;thetaToR_0;psiToR_0;aa_0;xt_1;yt_1;zt_1;xt_avg_1;yt_avg_1;zt_avg_1;xxt_1;xpt_1;xp_1;wd_1;xp_avg_1;wd_avg_1;PCAsigma_1;PCAmu_1;PCAwt_1;vxt_1;vyt_1;vzt_1;vxt_avg_1;vyt_avg_1;vzt_avg_1;vavg_1;vv_1;vv_avg_1;vvt_1;vpvt_avg_1;axt_1;ayt_1;azt_1;aavg_1;axt_avg_1;ayt_avg_1;azt_avg_1;curvature_1;curveRadius_1;vxp_1;vxp_avg_1;axp_1;axp_avg_1;thetaToR_1;psiToR_1;aa_1;xb__0-1;xb_avg__0-1;vxb__0-1;vxb_avg__0-1;axb__0-1;axb_avg__0-1;phi1to2__0-1;psi1to2__0-1;phi2to1__0-1;psi2to1__0-1;phiO1to2__0-1;phiO2to1__0-1;phi1to2__0-1;phi2to1__0-1;phiE1to2__0-1;phiE2to1__0-1;alpha1to2__0-1;alpha2to1__0-1;dphi1to2__0-1;dphi2to1__0-1;dpsi1to2__0-1;dpsi2to1__0-1;dphiO1to2__0-1;dphiO2to1__0-1;dphiE1to2__0-1;dphiE2to1__0-1;dalpha1to2__0-1;dalpha2to1__0-1;
38.7541666667;-40.43217249384735;-177.223487471343;2.3495038629775706;-41.930864203033195;-179.39103058486205;1.7087557719300945;0.0;0.0;54.13867315461673;2.722826120199665;54.16889886044513;2.3176144175166478;[nan nan nan];[nan nan nan];[[nan nan nan] [nan nan nan] [nan nan nan]];;;;;;;;;;;;;;;;;;;;;;;;;;;;-122.51352139819178;-182.91337704730944;8.95948542826612;-121.82811647122034;-184.5442667817207;8.886420206601105;0.0;0.0;48.278588442903555;20.160545942941454;48.88053239677746;20.022541151532586;[nan nan nan];[nan nan nan];[[nan nan nan] [nan nan nan] [nan nan nan]];;;;;;;;;;;;;;;;;;;;;;;;;;;;82.54341001943688;80.42928536781687;;;;;;;;;;;;;;;;;;;;;;;;;;;
38.7583333333;-42.106477002006386;-181.20124268550552;1.2614413392702772;-41.97007633000562;-177.57130102744406;2.1804419717322348;1.8802768743262641;1.8802768743262641;55.03760650997299;1.9246535581443964;53.25991072247483;2.7628551148576275;[nan nan nan];[nan nan nan];[[nan nan nan] [nan nan nan] [nan nan nan]];-58.884703717662255;306.9630591569857;74.3941724676173;-78.56045810657925;309.94849921718827;73.48031887301406;328.08409746067053;321.2914890190426;330.3332821401161;319.50532745641607;330.7250207043089;-13579.065013626705;21975.48353932116;4281.873344488632;7662.390920065871;-6688.270598713464;-3412.7246180623924;-1527.2791793132783;0.06880624862253058;14.533563739043176;-194.19302064472498;-213.1903350640252;-23004.464661462473;-4095.0199006657954;19.13956799051003;131.4648430996839;26184.86820225602;-123.25284298840435;-186.14114724415003;8.494303297148534;-121.50363440448442;-185.21293689475186;8.888553281311317;0.7432448329467571;0.7432448329467571;51.03338933538401;19.845429995290342;49.13952192340898;19.992047208554673;[nan nan nan];[nan nan nan];[[nan nan nan] [nan nan nan] [nan nan nan]];96.30277144937715;-148.14028016673478;21.097529451431846;114.11048763249681;-167.98819615686355;24.763466235889055;204.58364229766536;177.9462619603561;205.37295913892592;177.08817883560152;206.3473103499689;22409.19612278549;-7837.610049413736;5353.531578096742;7004.09299502239;5868.089495294556;-3222.9370817352906;2058.038125329802;0.07926332781182434;12.616174813831398;47.026337225107795;52.61494486262518;-9431.981921585178;-848.3690415535729;145.19730365013595;-79.89627290778475;24336.402826091915;81.61770434132954;80.52383759646993;-52.69370773413543;-75.00834638526443;-29417.792074268928;-9956.794306306758;81.62774173497841;-87.12602161907073;63.44055830592121;-98.75050180910438;33.901436950356036;nan;81.62774173497841;63.44055830592121;47.72630478462238;nan;100.76730972548845;208.63786195605715;;;;;;;;;;;
38.7625;-42.49525850620815;-180.03084440952244;1.4745910129054067;-42.09755543391937;-176.48304768667901;2.45324865089884;3.0063965389506637;3.0094224538769505;54.04347471316002;2.1694258744878328;52.65046466997428;3.0336162775686226;[0.75583786 3.65961089 0.95716862];[ -41.85239656 -177.11967017    2.29351813];[[ 0.2852419   0.67429049  0.68115299] [-0.95771774  0.22839829  0.17495985] [ 0.03760042  0.70225818 -0.71092873]];-96.05885731979618;329.35365265542197;76.50414657433296;-80.34898789926888;300.71169291528224;71.23153299180382;319.30770959182036;351.50251354737185;323.45085185291634;347.1031432078042;323.84707690036646;-4264.5287153758045;-11227.99866010815;-3269.0857732723375;7788.820807196603;-6492.229067360172;-3976.4755150248297;-1644.4858716177587;0.07242334170395057;13.807703103341499;-238.04774414673022;-210.27726231358983;1954.1973805377029;-3632.62150047639;19.650494992639704;129.85839925248112;12447.533123822841;-119.95139130654401;-182.82807706010743;9.293606102573605;-121.29689712867768;-185.762153252657;8.929988025743562;1.3294132543516852;1.331543861540824;46.2980981549936;20.15331554175217;49.417339838249795;20.014199491006245;[1.69803846 2.11668743 0.55852401];[-121.2250494  -184.68058068    9.03087706];[[-0.57211439 -0.51998574 -0.63427121] [ 0.60118531 -0.79191939  0.10695744] [ 0.55790801  0.32012264 -0.76567627]];141.86961425626816;-174.3471128761379;32.247154079359305;110.64593371296773;-171.32176376761248;24.051996293486418;205.35863242961554;227.07659977127773;206.37883575115566;223.09083124544298;207.33724462169863;-537.1115755147383;-4741.669651088009;-1.711756700386122;6529.7093295199;5511.598225251;-2842.2614894181766;2044.7343488090617;0.08040422289484;12.437157701379583;38.205304361227846;58.52547369980573;5197.886146939017;-915.6846997694211;146.53849643896552;-79.72117713202279;4771.993593322607;77.90002577571605;80.55964325933353;-114.88868633521491;-71.62315416619185;-435.7976542002771;-9742.658100559585;82.5263043305489;-87.03729857530674;66.2995528275673;-97.9676425662308;36.078602387205024;nan;82.5263043305489;66.2995528275673;46.44770194334387;nan;102.1767993231886;212.83804926653283;-199.67229128288577;676.4842055582225;-51.79731502101116;136.80473111336238;1121.2159297085038;nan;-1320.8882209913895;nan;237.74812520210205;980.2021997553447;
38.7666666667;-42.44920730402788;-176.45567320206658;2.4065353122105364;-42.46078219431944;-175.01327553446933;2.8003934089623437;4.542821269796247;4.5627007103180794;52.04798467306125;3.0331713095947324;51.641635550435545;3.403324926765591;[0.69416473 7.13311066 1.88528841];[ -41.81287894 -173.34755033    3.28896499];[[ 0.3417923   0.6627482   0.66629036] [-0.93961657  0.25403701  0.22931616] [ 0.01728354  0.70443596 -0.70955709]];-108.10065895441244;298.7894702221467;67.68662870317725;-88.91052500951005;284.58155263008456;66.78740640835062;305.53608495490425;324.87286696061744;312.9738810608066;319.80458403850093;313.3535001890628;-1515.5360692472505;-3442.8089078838684;-963.3228048882119;7359.863755081628;-5735.37580182102;-4314.5014812532845;-1630.3790582295103;0.07331744206901053;13.63931926401283;-233.11449444578687;-209.8778416319721;413.76247591822073;-2815.863722218996;21.34318737139328;124.97885885909433;3883.0108910240792;-121.774770550295;-188.14582190960562;8.449135726444837;-120.70111130907299;-186.44743922947458;9.064366026739906;2.218979656576686;2.2494954180059046;51.39917334411712;19.636417541909577;49.53140806695152;20.079338445211476;[2.0674114  5.90339135 1.1803146 ];[-121.29831188 -187.05070272    8.70555782];[[ 0.54602503  0.56987265  0.61408618] [ 0.7702178  -0.62983442 -0.10036504] [ 0.32957732  0.52778193 -0.78283142]];139.26228515996112;-189.2528602359374;32.23794360001327;110.56899262229955;-179.4876455294034;24.722544836508643;212.25579203025785;237.17064359447022;213.67628482504142;236.3571721034794;214.49830795091523;-714.40639071417;-2413.0890816242663;-2.709273385603267;5435.622344683295;4446.981615912363;-2605.9556409997635;1726.0764695978262;0.0597900961396437;16.725177990422264;55.29491337145204;66.90100250905866;3005.126177978052;-390.8668519755162;147.73837801707808;-79.29317755258201;2516.6212959263003;80.40968586500016;80.08472336535216;-112.7401203783542;-75.12883895948373;1467.1093134925225;-8187.362913005947;81.77127733058992;-87.24607142164567;69.04603485293491;-97.39265404363073;40.448007589892235;nan;81.77127733058992;69.04603485293491;41.32326974069769;nan;103.11446470198321;216.784412870013;-248.51684810934776;692.5621955567517;-53.895148978444006;127.3631234023547;1283.5637654096372;nan;-1532.080613518985;nan;252.13607731635773;1016.8668008566497;
38.7708333333;-41.77886747386707;-170.68710306154247;3.975519144740062;-42.89804591158429;-173.73843391455065;3.090783205684912;5.8989227323488675;5.941376505548313;49.76413288095236;4.4131151288850266;50.666733468751644;3.729460685373688;[0.89431051 7.6559146  2.04116653];[ -42.08213452 -171.07809687    3.89461204];[[-0.10751677  0.70375182  0.70226314] [ 0.99400601  0.06202088  0.09003036] [-0.01980405 -0.70773355  0.70620183]];-117.04750361767691;274.13176047486866;60.86397486437991;-96.92157380434669;267.58577174158614;62.298333126648004;291.33660775400415;304.22485703911957;302.7914124382218;298.5508986714609;303.15600728152776;-2778.949369117244;-8392.891770804403;-2311.5510377330743;6943.47085551291;-5117.809793554285;-4421.8015302234035;-1570.8219713484425;0.07539470139035331;13.26353154212438;-228.90974507094336;-208.58355130871254;1604.5172240064082;-2235.2254779028403;23.295665130014395;120.556309373143;9138.186913857598;-118.63272073973934;-183.37448012330577;9.957854765441695;-120.11465034320885;-187.21504585995805;9.198714309738207;3.188503514730271;3.2247932518951594;45.66401676054396;20.646446477966172;49.73571737459334;20.14691666659921;[1.93597111 5.84886906 1.04161814];[-120.95976707 -188.47322918    8.71616946];[[-0.53683171 -0.54342987 -0.64536478] [-0.71710108  0.696902    0.00967706] [-0.4444972  -0.46798673  0.76381324]];136.85464365476474;-197.01880033880212;32.961148205531885;109.33899031100376;-187.23487269039396;25.145895157473394;218.27557902085258;242.14053454108102;220.25130983646093;241.93250607138546;220.96671602838924;-441.2615317808072;-1314.5621677484578;349.8474840345401;4608.1208025465085;3627.7595898305217;-2433.8954691502618;1466.3868979585127;0.04520113191225977;22.12333978585109;65.9898051042095;75.69542805770112;2128.421853740424;9.610067152377875;149.0694797239414;-78.84023361620298;1430.0974422711085;78.12344486771113;79.60223753987346;-112.11453786815252;-77.55664356689383;-1166.8297085992097;-6954.495042518723;80.86236856985828;-87.46894286714847;71.93692120721883;-96.82760314028617;45.42206846810869;nan;80.86236856985828;71.93692120721883;35.440300101749585;nan;104.15803369987268;221.00640093116024;-303.751238927135;690.0137972332192;-53.296531176692;111.4805099093804;1488.5797523873932;nan;-1792.330991314528;nan;255.27562032756552;1024.5536155756374;
38.775;-42.20869061222235;-168.4005292842147;4.561373803180473;-43.361621018939495;-172.52336328261825;3.3644486481554554;7.2078594701169365;7.2703578053214155;48.405134485964396;5.0158724058286035;49.69901476338743;4.04338304764161;[1.33577727 7.4424724  1.93565776];[ -42.57744152 -169.79282861    4.16794369];[[-0.34902911  0.66824661  0.65698185] [ 0.93554671  0.20797164  0.2854823 ] [ 0.05413898  0.71427885 -0.69776407]];-128.81084987155498;236.77426681866888;50.687830378064696;-104.53469687381909;250.3207723045626;57.85938876180039;277.37285513464195;274.2691098548758;292.90430010477615;265.5363826260306;293.2535448173476;-2867.456832749445;-9538.705184187706;-2572.9983157024676;6596.476918936788;-4540.750440194542;-4537.997551363227;-1517.1260348963117;0.07822550704448127;12.783554083342295;-221.35549010890693;-206.81318782707856;2021.5251577743054;-1683.614724754985;25.51529508327393;116.54270079516357;10287.34784145742;-118.70579459084885;-185.12608735043364;9.672734613192489;-119.54059226607338;-188.0245463981073;9.333015556740001;4.188622757438902;4.226227534379359;46.98830670418044;20.399875181393107;49.992199011713595;20.216712171709567;[3.26292074 6.53330264 1.53669818];[-120.13932316 -189.06839063    8.95532493];[[-0.57116286 -0.51295095 -0.64082315] [ 0.60258132 -0.79214107  0.09699625] [ 0.55737666  0.33074741 -0.76153622]];132.75025388817727;-204.7797942335697;33.48712237569315;107.44419170306305;-194.68074265551562;25.41984524743;223.810219659494;246.33063430828764;226.35689401931904;246.2552393346568;226.97465178730164;-1528.845556182526;-2410.7149017459087;-97.37988235655699;3840.632568831431;2864.0776895712597;-2243.455569684395;1230.6196096767414;0.03302160918853731;30.28320013995947;78.36206360987138;84.66324132435919;3810.262228981132;356.58099296150436;150.44091639457707;-78.37121518855938;2856.290936450035;78.47086860149685;79.14522236219926;-115.15458579894046;-79.24043051716318;-292.39329818236064;-5818.934657871123;79.70030359634548;-87.69519766313267;74.81738648257418;-96.3312946819445;51.144372301638604;nan;79.70030359634548;74.81738648257418;28.555931294706873;nan;105.2155986796194;225.25830287715127;-329.94296033095054;699.7865955624053;-56.92392054236489;108.30347250661181;1793.643824982135;nan;-2123.5867853130853;nan;277.00646627787177;1040.5944306927074;
38.7791666667;-41.21947920509106;-159.43397219167588;6.993790427992479;-43.873441775064876;-171.4540025772602;3.5979829962213823;8.386846887944234;8.4786752703492;46.51449765914885;7.161446063719405;48.759152259827225;4.326073893354875;[1.85049472 7.05751058 1.8076348 ];[ -43.16742734 -169.0838619     4.29129802];[[-0.37938248  0.66273241  0.64564285] [ 0.92186234  0.21118202  0.32491842] [ 0.0789858   0.71846218 -0.69106681]];-126.6464030673627;234.39589854937222;50.6466479169456;-111.39566073998921;232.88256360462498;53.5240462320299;263.6438984460089;271.1933472854589;283.29524628481823;264.3800078415841;283.6301739068528;3906.391298766327;8397.08841494099;2553.230734369628;6242.53639308648;-4036.818461803215;-4536.472021758843;-1446.9896064772252;0.08168083362662303;12.242774168676705;-218.6562614864993;-204.30956692915782;-725.8954190225534;-1254.3454549371422;27.954222290469968;112.9975337765447;9606.76709462362;-124.25714159341025;-200.8259283339845;6.11178480784713;-118.97419497941921;-188.85686919611464;9.47339054478429;5.204607731991702;5.242727541108529;62.86189937370248;17.837557158856548;50.28563241712839;20.29388017359432;[4.19309178 6.12794331 1.82675705];[-118.89208175 -188.60474542    9.44826082];[[ 0.58783447  0.4935963   0.64094721] [ 0.5333006  -0.83219928  0.15177227] [ 0.60831004  0.25260056 -0.75243063]];127.49294775450309;-206.4002862680551;31.40635606260177;104.67740908244127;-201.40965993737186;25.487561394547733;228.41371866449128;244.62601885285724;231.52784019798918;244.51961769863976;232.0687427365218;-994.6613879771693;1632.8787251943252;-901.3879479272214;3221.2857811386384;2264.6481046377203;-2042.1546885574135;1038.101764727198;0.02460705759819819;40.638747481666535;83.25906306203184;93.5645378378921;-1459.7024919501835;576.3218290093841;151.8573115434614;-77.88251388707735;2113.7985808949156;92.78645020754512;78.66794972430557;-108.97855666280003;-79.9222493668344;3256.8872835309794;-4911.845719569488;78.33110824546563;-87.91308062695421;77.687036184162;-95.89859889104139;57.82689973800293;nan;78.33110824546563;77.687036184162;20.5042085074627;nan;106.2853305359356;229.5443477276234;-370.2817857145146;679.1606999249643;-63.15733754592731;103.90738526517987;2608.974458260574;nan;-2979.2562439750886;nan;304.2631994527809;982.3479749870991;
38.7833333333;-42.14664407762362;-161.00074374172783;6.743279092975158;-44.43504476786906;-170.5502443924628;3.786847234639304;9.420662658667066;9.559344728910943;45.95984804650374;7.05877050952671;47.854385679146645;4.573536445077621;[2.56504347 6.74223988 1.73043992];[ -43.87850543 -168.77344773    4.28218294];[[-0.2751776   0.69085773  0.66857527] [ 0.95353228  0.10737622  0.28150763] [-0.12269264 -0.71497269  0.68830267]];-122.23479018272043;245.78861484630954;54.3677857107451;-117.37705991251711;215.53533205080367;49.35452171348641;250.337217308022;279.83788743158186;274.070981142441;276.0707646412495;274.3922150310766;-1788.8171141318185;-2928.5845923978313;-767.0845933414768;5909.1499030305395;-3610.0621363056257;-4473.675180478881;-1368.1134192988345;0.0859587783235662;11.633483159053261;-219.94928850817075;-201.09347865861955;105.24244861870993;-920.295889694677;30.573206971680495;109.90144874964417;3516.3750021837427;-120.0928471116116;-193.76061646055507;8.685596904027989;-118.43434015033863;-189.73104468338695;9.612074909870762;6.240749751894259;6.279481789785063;54.48027656547665;19.73418776188195;50.645216208462486;20.37349619129943;[4.673694   5.73771579 1.92903723];[-117.90387717 -188.54342952    9.79351211];[[ 0.59838653  0.47169419  0.64764045] [ 0.49526782 -0.85316241  0.16377939] [ 0.62979627  0.22275209 -0.74413585]];120.9787965862177;-212.6998971250744;28.939391852013767;101.15113230984522;-207.17281937008931;25.366258995000738;231.93873274793265;246.40333573478884;235.5999673304485;246.04887064119114;236.0794267486204;-2132.131172800536;-4656.691936561123;-282.75487315677486;2715.920304075957;1781.6744863482552;-1850.0782734220677;882.6491403719493;0.018544089068446203;53.925539092753574;92.21876610511983;102.0871150633691;5760.359952629919;721.140202235197;153.28098168732944;-77.3742445930475;5129.3969868158065;84.57300057612105;78.18560081387481;-96.23123296909661;-79.70380885131293;2861.828089454755;-4176.1837662315165;76.95077892692105;-88.16956366765235;80.64894144559389;-95.42876574438945;66.09140417648888;nan;76.95077892692105;80.64894144559389;10.859374750432167;nan;107.52398589860154;233.92992313292334;-437.17376962256407;670.9527931705418;-59.74517798905991;90.02008727819089;nan;nan;nan;nan;309.1230566931869;968.2432318629201;
38.7875;-43.90241404395758;-165.26927577629283;5.285474392870938;-44.92882846729284;-169.50070342268222;4.020038395529238;10.59001361995731;10.742449418522881;45.66474101826152;5.909218183925551;46.937016747439834;4.853812811607541;[2.88662164 6.37394116 1.68254173];[ -44.55574289 -168.3086317     4.33432128];[[-0.02818473  0.70830878  0.70533985] [ 0.98912033 -0.08215838  0.12202854] [-0.14438346 -0.70110533  0.698287  ]];-133.85009407461575;220.7584792295325;47.48180796317136;-124.24461846536344;199.21983688678674;45.27941841834381;239.11397775769004;262.49700174091686;265.146330269588;255.7946882384341;265.450378305908;-3786.5287539752567;-9085.880503650205;-2538.184725492878;5653.100898519555;-3061.220927293389;-4568.706902716014;-1308.9665542780874;0.08898911940179088;11.237328863598972;-217.49974230099056;-199.13194557332886;1070.5397308279187;-400.4470663712433;33.575430500197115;106.89009263879855;10165.304040313682;-119.45687331587627;-193.1435270552285;8.821023466699643;-117.91175374813174;-190.57687158168167;9.73511017863929;7.242271212813584;7.281308804299715;53.592356261810586;19.775432365352426;50.97945794264528;20.43944549155122;[4.71289294 5.61260489 1.96015402];[-117.20760994 -189.191116      9.96350829];[[ 0.60035289  0.47476038  0.64356739] [ 0.48243258 -0.85680995  0.18203164] [ 0.63783635  0.20119466 -0.74342821]];119.838680782899;-222.95741310609873;30.13006113082036;99.10220587782987;-213.48568779993604;25.615244285921758;236.75626041372377;254.91005875503637;240.7925952502625;254.24675701411567;241.17654548013692;1584.875587212311;-266.9157343213331;854.2761269844236;2083.3334003616037;1047.9517509555365;-1676.5215336127833;656.7729684328577;0.00899139787652664;111.21741176760139;103.65816144184457;110.06109899622282;-269.45019101218867;1061.0345562219834;154.38387216897905;-76.88040249454505;1820.1270113114006;80.6098648273691;77.75979508544896;-101.01795316314855;-81.16612946282723;-5159.4537826037695;-3064.847117282296;75.24542669784485;-88.43939177317024;83.34670868353638;-95.0327040138316;79.56835355683981;77.59556568389092;75.24542669784485;83.34670868353638;-4.322926858994961;5.751142999645452;108.82085719804196;237.73058085251543;-523.5215888495625;686.0525612834963;-54.43630335716616;78.25879334339551;nan;-2444.318185990667;nan;3130.3707472741635;305.22656095968813;1010.9602816466048;
38.7916666667;-44.42856504794152;-163.9485913660963;5.4956059411656355;-45.45366801939167;-168.50200593541032;4.239912115562154;11.721252364010681;11.891883052662589;44.74273966371169;6.166806821033369;46.02147494157866;5.125742284837363;[3.1770113  5.36238675 1.47703064];[ -45.1261386  -167.39566515    4.51143376];[[ 0.17949943  0.684199    0.70686044] [ 0.96788945 -0.251364   -0.00247942] [ 0.17598285  0.68460782 -0.70734869]];-145.80447090697282;187.2638570511394;38.493382546611436;-130.01732296720905;182.40947185485405;41.30837360439064;227.78081882319734;240.43385034976177;256.24492127723533;228.1480719926785;256.5362870342423;-1951.572125563392;-6991.538141991503;-1776.259474460525;5547.002619483111;-2646.411709325381;-4706.502671437854;-1270.6595645751695;0.09554538969475561;10.466229748968086;-211.82124741790443;-195.9703508902812;1655.1378130556961;31.62659703323558;36.79234719097806;104.27484681627595;7472.973777072203;-121.4503979827906;-200.23505946186384;7.445024019486667;-117.4261835121202;-191.5035438260958;9.85323650863753;8.291157007237402;8.334140097768277;60.568990423343244;18.78083187747808;51.41370592600511;20.506619144677252;[4.49637818 5.90724964 1.92548256];[-116.56597724 -189.94740219   10.10573652];[[ 0.60364532  0.46809315  0.64536898] [-0.47082948  0.86255906 -0.18523353] [-0.64337541 -0.19204339  0.7410718 ]];119.93719235210165;-227.59937005570734;31.591748593750868;95.38556305104096;-219.23454512877004;25.438066601526696;240.4356185110819;259.19961793619717;244.76091842014858;258.5642391238045;245.0781590569024;-1537.5900339907414;-1961.2236014913526;-152.66614477629645;1616.662875330549;468.0753783115791;-1462.6538843039632;505.12167585744976;0.006468849353862815;154.5869976710555;109.86826420383692;118.65609074360401;3250.2995167679805;1261.6990436992237;155.75840200976577;-76.3326066592691;2496.775536454012;85.1637877642431;77.38367387246572;-110.63025463873491;-80.41570098896514;545.5490743130413;-2262.005612203551;73.30766418006655;-88.66744015089449;86.24021472201476;-94.67859835040457;nan;65.15476322551996;73.30766418006655;86.24021472201476;nan;21.085451496494798;110.10001137104462;241.99861673178054;-611.6872817713864;683.424167878434;-50.05351926069636;68.81000317818398;nan;-1670.173217462654;nan;2353.597385341088;307.71920230696696;1009.7092119508721;
38.7958333333;-45.184080917105106;-164.06965155859808;5.300266299257572;-46.04424591791457;-167.6610494291029;4.415720128555644;12.72163602194414;12.934427323740444;44.1092619131583;6.074423673863468;45.12451889493168;5.365023434418948;[3.30311366 4.35176424 1.25180652];[ -45.62013447 -166.15656534    4.78450388];[[-0.28700745 -0.65568512 -0.6983579 ] [-0.93337402  0.35542075  0.04989019] [ 0.21549863  0.66614797 -0.71400786]];-152.56822500929601;162.71793290259225;32.50928983305716;-136.0382351327723;165.27896563768732;37.34137334758361;217.29683859593285;225.4130495247101;247.67754757841783;208.66378598929165;247.95530076562898;-1295.0298435493046;-4790.505449298918;-1096.1050280426994;5270.67147776217;-2306.217582614447;-4593.042539593452;-1168.4598913187265;0.10093708481503078;9.907161494038787;-205.81682024983314;-192.84487372492282;1226.987227616055;272.4444088526277;40.48166508194048;101.79293697948995;5082.075460670222;-111.4442532360456;-183.25817485553034;12.61802508025896;-116.91309807494098;-192.4348500242324;9.986194021396113;9.360994187931095;9.40571165428327;40.61670248015598;22.335581539888178;51.843275954660605;20.584942826461536;[4.51458478 5.82958381 1.92928192];[-116.05922209 -190.89579481   10.23016267];[[-0.60248458 -0.47099889 -0.64433872] [-0.47436214  0.86056281 -0.18550531] [ 0.64186673  0.1938858  -0.74189986]];112.05333437925458;-238.21441542769423;30.18334706255055;91.60961056265914;-224.92398219397006;25.34595879743017;244.18340676793838;264.9775309398242;248.84036804462713;263.51914599492176;249.1012841283988;-2246.661792971818;-3133.9981770583117;-523.3665901998093;1421.0603095868664;14.141371056581466;-1373.082006783268;365.86640697909667;0.009313425804882411;107.37187592945298;126.15106910300462;127.22474170876534;4565.446834827664;1470.6723878771138;157.09143650533815;-75.70243523416474;3891.4452808104015;69.36973011068676;76.91797880908943;-104.20070045165427;-79.93233031088826;2540.6369354854655;-1555.6180086741683;70.88274679076541;-88.89302763447994;89.06381336089852;-94.38054740263668;nan;57.22624746730319;70.88274679076541;89.06381336089852;nan;31.837565893595333;111.36441187270589;246.15524986623666;-668.4232180270049;691.0958112946942;-39.5911978676372;62.83934861915741;nan;-1300.5779744212361;nan;1991.6737857159303;314.80832011309616;1026.8951936547835;
38.8;-46.389596293601144;-166.25161020561058;4.67341832653085;-46.66870527694971;-166.94147379331758;4.560690303450564;13.622486297282894;13.89814664922451;43.8164022950727;5.6446314105291275;44.25629787976289;5.580027447863682;[3.38015842 3.6579732  1.11692936];[ -46.14341076 -165.04111591    5.03201243];[[ 0.36313878  0.63018952  0.68628813] [-0.90039485  0.42678231  0.08453381] [-0.23962331 -0.6486278   0.72240061]];-157.60771278236703;143.21789772041274;28.13152550950182;-141.58350630811822;148.3072572457634;33.56448908526074;207.7679155640172;214.80907821466823;239.71129155469328;194.17271518748723;239.97598755212346;-1123.9242875278144;-4569.511438156278;-1005.2218472658845;5008.320173359813;-2037.992542391258;-4450.25864827067;-1060.686249337;0.10677486573104793;9.365499953133826;-200.62304087612065;-189.3657803889423;1266.026871767639;440.01952713198773;44.45406789163057;99.60459747539751;4811.871938212466;-111.69544804855255;-184.77458935861267;12.286291151544347;-116.42670690918608;-193.4002052432266;10.116501080252105;10.44585899993565;10.494503183710025;41.985895070373815;22.06269618006706;52.32927479437036;20.664665408544273;[4.24879116 7.09032139 1.88449502];[-115.66817126 -192.1886044    10.29426433];[[-0.60152216 -0.47132044 -0.64500243] [-0.47928413  0.85887202 -0.18062554] [-0.63910705 -0.20048916  0.74252696]];102.94164024514731;-250.05143762836212;28.223054157944645;87.22166202871017;-230.16873718930597;25.133232125337017;247.42058375049643;271.8809363349595;252.3867249192125;269.13740068336307;252.60271848562888;-2126.9513914023705;-2547.7724792673043;-417.57400401209856;1378.6270155351435;-361.64905927508823;-1305.3728132424035;256.5623205702542;0.013291088535731195;75.2383822673096;143.9530306402849;135.76737957273218;3979.494703075843;1643.0802914696667;158.47744404370263;-74.99399614024465;3345.061266453433;68.30747296447197;76.46175508380965;-94.00429965632634;-78.69336529123734;2353.6354462774652;-969.6495010813275;68.21027016530529;-89.08455281140027;91.93541612100138;-94.10518165725307;nan;51.23665307999863;68.21027016530529;91.93541612100138;nan;40.69876304100275;112.66433805693586;250.412860164704;-718.736687292409;692.1169654205188;-24.225070026049835;55.66164792285438;nan;-1068.966183313178;nan;1761.0831487336968;318.03323404658374;1033.146281562253;
38.8041666667;-46.435102428636746;-164.11747978083702;5.266075364076627;-47.31564779299197;-166.3050666549147;4.686630877164438;14.460500905188137;14.814339692736967;42.963587105188005;6.2058628579097705;43.40937872618317;5.7803823539873065;[3.34045396 3.70956683 1.13837886];[ -46.7346815  -164.20218226    5.2031327 ];[[-0.35647834 -0.63437631 -0.68592265] [-0.90680214  0.41173201  0.09048002] [-0.22501793 -0.6542503   0.72202734]];-162.1315279666744;123.88883400973691;23.900827090987782;-146.700931676314;131.6631928535749;30.00818861914883;199.39120113811097;205.4417802900227;232.4033069612296;180.21246320797908;232.65495478072256;-1047.5070009386575;-4708.439142961013;-1025.5133936192117;4773.684938604032;-1824.844875229653;-4307.03933610159;-952.5866006178277;0.11271955981578355;8.871574743853596;-195.1928903381298;-185.65395081350238;1340.445386465227;563.9543963082691;48.67526123310751;97.69250035720933;4931.3636856832345;-112.36905991923533;-187.33480424356003;12.03252525489168;-115.97932028844724;-194.4199701527964;10.23772191358402;11.556987071221984;11.614668238351396;44.45593965113232;21.938418314479524;52.89453486385225;20.741334711176666;[4.20599253 7.17697017 1.88250748];[-115.31860298 -193.51437035   10.32482155];[[-0.60164308 -0.47447946 -0.64256895] [-0.47560913  0.85910142 -0.18905214] [-0.64173325 -0.19186975  0.74253918]];94.82206441493615;-258.35270920166056;26.87080162629595;82.37001832968978;-234.96525475948664;24.835514488955948;250.22049005578066;276.51290427715634;255.45931768488944;272.66060807378994;255.6377337221915;-1770.445007095695;-1436.837875911571;-231.5072111785372;1443.86469686074;-692.2324761534016;-1255.7705188424793;169.1149484976928;0.01710916262409515;58.448214092703836;158.04515404352503;144.17099583447148;2784.7245304733624;1799.5388537046633;159.88976469167207;-74.19163082834588;2291.849513740336;70.22902355653486;76.04963963865903;-86.36857154503709;-76.85418173791678;1311.5140471386503;-457.4812263813429;65.31255330720735;-89.2229542833769;94.82294512168731;-93.85688616414373;nan;46.38809768046017;65.31255330720735;94.82294512168731;nan;48.43484744122714;113.98781454031487;254.71270981335937;-759.8024417834746;687.5274852753872;-4.01182650109853;47.68950811956429;nan;-902.5594262608274;nan;1590.0869115362145;317.4884011432036;1030.5168500718657;
38.8083333333;-46.939056061499386;-163.22289181858048;5.325243316873269;-47.98210288346936;-165.7479913123142;4.7951196826963995;15.240592257178529;15.689705413954348;42.221402506572126;6.317324536667778;42.58443920579531;5.967203346920576;[3.38621457 3.60912494 1.12884024];[ -47.41363512 -163.7088532     5.27256446];[[-0.37614632 -0.6290721  -0.680281  ] [ 0.90014799 -0.42215013 -0.10734458] [ 0.21965323  0.65273084 -0.72504821]];-166.1584854714672;104.84808259838998;19.813427803980737;-151.4004675574017;115.45422330349969;26.695787566827764;192.261395836573;197.46983222779662;225.76427131403793;166.88912395594826;226.00277146612973;-885.4326013628828;-4431.1215344915745;-936.4382641451944;4556.643479804815;-1668.223259079725;-4155.90385321708;-841.7209292447118;0.11815702981581835;8.46331362220925;-189.71348048480104;-181.76716385046385;1289.6713431337664;639.2589073089824;53.09381723612168;96.04422739238132;4614.73136461338;-112.87186531631926;-189.77002432817739;11.399529816961163;-115.56885990714323;-195.48396722346283;10.351693198234964;12.688670672296881;12.760773357758845;46.7699605081984;21.413891600815074;53.528883383039336;20.816344247773753;[4.10843526 7.87409821 1.88896004];[-115.10111466 -195.16636876   10.30888731];[[-0.59768279 -0.48818731 -0.6359626 ] [-0.48437974  0.85197528 -0.19878227] [-0.63886739 -0.18923865  0.74567901]];87.81549219279103;-262.75267536074017;26.041875802537742;77.12023302800604;-239.30265497385156;24.470413362989635;252.61055431233228;278.2601451404844;258.0735763335737;273.69012158690373;258.22151446285665;-1592.7096595358482;-675.1458804480219;-166.3771842255677;1574.739072849266;-977.619249547652;-1230.2187340364487;103.08063299092349;0.020497237461028422;48.78706225174533;167.94582329867546;152.37564805439953;1967.596712002453;1944.9457527965233;161.31935501155024;-73.2699498967931;1737.8801416943463;71.33570310300242;75.67838592000697;-82.36624754529127;-74.46455374347778;609.6014727420365;-15.389087056242381;62.22079777120222;-89.28642839495068;97.70305749950538;-93.64133459122931;nan;42.32860155238932;62.22079777120222;97.70305749950538;nan;55.374455947116054;115.31461500732391;259.0224125110556;-788.884911878;678.2559701418846;20.925186136695455;39.208779269387676;nan;-773.9494876267479;nan;1452.2054577686326;314.41540972065434;1019.5742720426563;
38.8125;-50.0619699619521;-170.28861945660861;3.1206265272484472;-48.666743859380844;-165.27265970483361;4.885804436255992;15.962271431921211;16.528095017596524;42.53073479332481;4.649620030365831;41.78277130669885;6.140003065600636;[3.11032336 4.12108681 1.18784932];[ -48.11632235 -163.40107736    5.30735401];[[ 0.02547048 -0.70865484 -0.70509543] [-0.98199096  0.11434555 -0.15039568] [ 0.18720315  0.69622799 -0.69298021]];-170.85301965247317;84.31488063636745;15.465736955943852;-155.75786953606354;99.77610906076178;23.642501035899066;186.47990164345032;191.15162160097864;219.80677355985293;153.16533848165503;220.03198076497972;-1367.9438055193505;-5424.81540727743;-1150.4533429118846;4359.160650032143;-1564.4749704014787;-4003.0890412601284;-727.995719437288;0.12248435521995397;8.164307990226408;-184.11979476166204;-177.81433272715924;1395.2978039721559;672.2330904301566;57.652684924170316;94.64310595368498;5711.692862217862;-110.0892293779502;-186.5197279378093;12.675761181972618;-115.18913641832282;-196.57290939614344;10.461645260469806;13.829158805170104;13.919252722872454;42.456047077119266;22.263716320436888;54.211577814214884;20.891790566516217;[3.30445602 8.85892319 1.52889204];[-114.49203215 -195.91991409   10.5642772 ];[[-0.59530075 -0.48132076 -0.6433874 ] [ 0.50364723 -0.84742534  0.16795765] [-0.62606429 -0.22405496  0.7468888 ]];80.57663486885761;-266.57474681126513;25.384530195879712;71.59163003770404;-243.2184164651899;24.0730257549616;254.6764028493592;279.640955687011;260.31473362795145;274.32820401578374;260.4372477987744;-1881.9418559510787;-1159.4484158034722;-149.14870697006094;1746.6365262635068;-1232.3813529296092;-1236.5438654507345;54.172175933692564;0.02361398035110701;42.34779504053922;177.4951724946861;160.32954657119294;2616.090902081771;2096.399213705463;162.74800939831167;-72.19679914275257;2215.4618288024312;62.91280754976644;75.32990154245043;-80.20636562251299;-71.65264048219962;427.14185019050166;380.07025015920965;58.980866292340025;-89.25638617088607;100.5523408323201;-93.45947359648038;nan;38.86676912828062;58.980866292340025;100.5523408323201;nan;61.685571704039475;116.63355121651034;263.30035023063175;-803.7032115040289;673.4177198646861;48.18320061784778;30.411684452361694;nan;-671.4135637901862;nan;1344.8312836548732;309.0601626027938;1018.4787732064057;
38.8166666667;-50.5907343541876;-170.25124692016675;3.131578886568221;-49.36675692906602;-164.87425729066027;4.960231581063037;16.631334956812537;17.336972128926387;42.05986698439788;4.729486155566585;41.00349353508738;6.299871470872595;[2.8661993  4.54706809 1.24091292];[ -48.8213074  -163.03110211    5.34523519];[[ 0.34884866 -0.67779183 -0.64722704] [-0.92626758 -0.14428074 -0.34815433] [-0.14259376 -0.7209586   0.67814874]];-177.1517052483038;60.05630552153889;10.383942383707335;-159.8454206054122;84.67489139600006;20.851973220972962;182.08569550805936;187.34276811424158;214.50678641487542;137.69812083784572;214.71887286237637;-1655.4252804776042;-6219.300647831742;-1288.8080517598287;4174.858865331826;-1506.0905939472998;-3845.6744734167587;-609.8569609129245;0.12487638260070112;8.007919345306096;-177.8519151293135;-173.87752872159203;1613.2844195527293;667.9479173529115;62.28798658277662;93.47149639902909;6563.62396863544;-112.06951295501662;-192.62867433364727;11.509428228401788;-114.8370641388694;-197.67357285147074;10.56870882992295;14.969421685522894;15.079803255919849;48.71334447218089;21.460371217545852;54.92843191052941;20.968188951096135;[2.94687406 9.58502565 1.44788776];[-114.11141091 -197.06428805   10.67047513];[[-0.59150162 -0.49634722 -0.63542527] [ 0.51242389 -0.83986195  0.17903534] [-0.6225332  -0.21970739  0.75111988]];72.54370714227278;-271.780892369655;24.629928608333294;65.87103132519562;-246.75939406708477;23.670477368801716;256.49460584399566;282.37223001995335;262.2572858161674;276.00874110764295;262.3581630513634;-1973.8634528073949;-1339.501452221561;-213.06005505190615;1942.7156521879797;-1465.6884822432921;-1274.9706456364945;18.741159003173752;0.02653872464718586;37.680785843868314;188.72482976554116;168.01460449388617;2774.1445879246776;2259.9632501084116;164.1636741940565;-70.92938183515004;2394.9521201667317;65.95891020544383;74.99200052379567;-78.93852148857485;-68.50907979475294;181.42333409802893;744.0419419978535;55.64675683888593;-89.11205184381156;103.35519058402076;-93.31459476398443;nan;35.879022488833456;55.64675683888593;103.35519058402076;nan;67.4761680951873;117.93474342166255;267.5188647780773;-791.076564591796;664.1768221545137;76.88595689436664;21.913287112626673;nan;-580.6155293642422;nan;1244.792351518756;303.21637124741716;1007.9901697770702;
38.8208333333;-50.66241275533632;-167.50674441459506;3.918128537727199;-50.09051902315137;-164.5700356995306;5.014685577555516;17.238649252601597;18.123958522124063;40.625093540505425;5.477138704365261;40.248439683685085;6.44448821073565;[2.94615233 4.559336   1.2470407 ];[ -49.56843518 -162.68809865    5.38277836];[[ 0.36318861 -0.67162195 -0.6457693 ] [ 0.92400035  0.17062378  0.34221466] [-0.11965528 -0.72097953  0.68254753]];-183.75370996509866;35.48551889995994;5.552319835261126;-163.60707565456826;70.13591589822985;18.377995154935213;178.9527105383934;187.23107710284114;209.98516997178334;123.346357142803;210.08289189791066;-1513.536983586595;-5574.6769305373555;-1030.3707714966745;4022.9696375522244;-1502.2426599719738;-3699.110838539197;-494.09584032780555;0.12556059502254113;7.964282104751702;-171.57820822725776;-169.85401381131982;1398.0948934367757;628.8676816668947;66.92571304172664;92.52081398984463;5867.664016225235;-113.62835258697373;-197.48544001692682;10.627726611522789;-114.51766446108238;-198.79436561957053;10.673183012102125;16.115227171968172;16.249891901252862;53.722761077144945;20.864808553814132;55.69070425167052;21.046623410895577;[2.6427833  9.7384639  1.38928122];[-113.57347074 -197.88305706   10.87724127];[[ 0.5924295   0.50577462  0.62707203] [ 0.49795069 -0.84176785  0.20849939] [ 0.63330277  0.18872976 -0.75053892]];63.51754864623578;-278.20956598348846;23.51132717453295;59.71132905758973;-249.95356477325024;23.22162886596664;258.033857096056;286.335160426127;263.85657939671415;278.565853308964;263.8325451637057;-2358.692625294264;-1746.261882419733;-323.86863317271093;2130.2391858541964;-1662.368547203807;-1332.0773001560483;4.457423608579637;0.028956062598065217;34.53508213049719;201.41616363525296;175.60904908321692;3317.695669542015;2414.5250691331694;165.62351817615917;-69.35761009016042;2952.5840130575143;70.06033453538835;74.66151516226286;-76.74996241585045;-64.69317811089043;869.0850208091132;1041.9334792455672;52.28333952980683;-88.8548594990707;106.1641551645255;-93.20604289271071;nan;33.271656096696056;52.28333952980683;106.1641551645255;nan;72.89249906782945;119.20905257153348;271.78767334068465;-751.4225016565036;642.3148312763574;103.73086398078065;14.811346778705275;nan;-496.74906661148407;nan;1139.063897887841;295.4203535420501;973.0638392664454;
