

Insect numbers for this group are 4-5;
dt;xt_4;yt_4;zt_4;xt_avg_4;yt_avg_4;zt_avg_4;xxt_4;xpt_4;xp_4;wd_4;xp_avg_4;wd_avg_4;PCAsigma_4;PCAmu_4;PCAwt_4;vxt_4;vyt_4;vzt_4;vxt_avg_4;vyt_avg_4;vzt_avg_4;vavg_4;vv_4;vv_avg_4;vvt_4;vpvt_avg_4;axt_4;ayt_4;azt_4;aavg_4;axt_avg_4;ayt_avg_4;azt_avg_4;curvature_4;curveRadius_4;vxp_4;vxp_avg_4;axp_4;axp_avg_4;thetaToR_4;psiToR_4;aa_4;xt_5;yt_5;zt_5;xt_avg_5;yt_avg_5;zt_avg_5;xxt_5;xpt_5;xp_5;wd_5;xp_avg_5;wd_avg_5;PCAsigma_5;PCAmu_5;PCAwt_5;vxt_5;vyt_5;vzt_5;vxt_avg_5;vyt_avg_5;vzt_avg_5;vavg_5;vv_5;vv_avg_5;vvt_5;vpvt_avg_5;axt_5;ayt_5;azt_5;aavg_5;axt_avg_5;ayt_avg_5;azt_avg_5;curvature_5;curveRadius_5;vxp_5;vxp_avg_5;axp_5;axp_avg_5;thetaToR_5;psiToR_5;aa_5;xb__4-5;xb_avg__4-5;vxb__4-5;vxb_avg__4-5;axb__4-5;axb_avg__4-5;phi1to2__4-5;psi1to2__4-5;phi2to1__4-5;psi2to1__4-5;phiO1to2__4-5;phiO2to1__4-5;phi1to2__4-5;phi2to1__4-5;phiE1to2__4-5;phiE2to1__4-5;alpha1to2__4-5;alpha2to1__4-5;dphi1to2__4-5;dphi2to1__4-5;dpsi1to2__4-5;dpsi2to1__4-5;dphiO1to2__4-5;dphiO2to1__4-5;dphiE1to2__4-5;dphiE2to1__4-5;dalpha1to2__4-5;dalpha2to1__4-5;
48.3583333333;-188.08963985558808;-327.78370168429177;19.2953335632226;-187.01717712365115;-325.49039709654005;19.385412149910408;0.0;0.0;203.7190904484262;41.21905901693855;201.1999461559576;41.13263755517558;[nan nan nan];[nan nan nan];[[nan nan nan]
 [nan nan nan]
 [nan nan nan]];;;;;;;;;;;;;;;;;;;;;;;;;;;;-158.08437457433928;-271.49492095616574;21.075982187677752;-154.43665043266074;-267.8218759605269;21.765005806375658;0.0;0.0;140.0831539400363;38.18688239886904;135.1132220020179;38.3344681448328;[nan nan nan];[nan nan nan];[[nan nan nan]
 [nan nan nan]
 [nan nan nan]];;;;;;;;;;;;;;;;;;;;;;;;;;;;63.811546682249755;66.28896098948637;;;;;;;;;;;;;;;;;;;;;;;;;;;
48.3625;-187.74932243448265;-326.792264382277;19.282351598254294;-186.23582977433324;-323.880603413494;19.473476124916488;1.7915620686861535;1.7915620686861535;202.69022645828684;41.146457544709484;199.4183609202814;41.092834221700556;[nan nan nan];[nan nan nan];[[nan nan nan]
 [nan nan nan]
 [nan nan nan]];163.45241105557326;360.94529288323434;7.914785323071551;189.23392651253988;418.0598561356351;9.421934140650363;458.9905174384891;396.30901953040916;459.0068592837101;396.2001319480019;459.0305421163656;29161.58005054916;61701.972715142314;2593.8403237797584;14968.87420969792;5785.574566936939;13805.088303869772;-117.72407795349653;0.002842535754256071;351.7985652432763;-393.65085185764394;-455.8374353634552;-67872.77356304612;-14813.368435391243;24.38044489877661;-92.5965772867515;68295.3819493677;-154.92294052606212;-267.6493385387451;21.831838910998655;-152.875292853163;-266.25814049693383;21.983319558995845;2.2205330409018353;2.2205330409018353;135.20832783072646;38.46209515147709;133.00170360948272;38.321829455420364;[nan nan nan];[nan nan nan];[[nan nan nan]
 [nan nan nan]
 [nan nan nan]];240.89494789689303;3.878835133594059;5.461982206084768;293.06776027032674;31.717867251691555;10.367267020792788;294.9613795708551;240.9880796509653;300.82645228030435;203.73785482916898;308.06357044282646;47717.100575446595;24682.45209268922;4230.6618367597775;12412.540362583186;6605.828363278899;-10461.587335835244;-994.6759785721176;0.12844125785553404;7.78566028312151;-113.36457179147449;-159.94285120697043;-43531.74834223697;6701.240657767516;83.82692013036976;-90.21795089895845;53889.17913841516;67.69015373072241;66.6604866216696;-228.72932794867145;-227.87536400625288;-16524.695877915132;-16309.203389788996;6.421206769977347;81.03294769296902;126.91560249516357;91.19870717481999;30.917066071196253;10.022190781831448;6.421206769977347;126.91560249516357;-24.495859301218907;116.89341171333211;30.801651668753955;210.74252262553333;;;;;;;;;;;
48.3666666667;-186.605004535604;-324.8291081947247;19.400261544288938;-185.8079167773179;-322.9122720951876;19.48393842206315;2.84934142112121;2.850280413993001;200.42149700748968;41.08314783920269;198.367322419164;41.032293345712446;[2.16484712 4.36087454 0.30201414];[-185.79490038 -323.05223278   19.57019288];[[ 0.57897203  0.57961958  0.57343921]
 [-0.43960343 -0.37041706  0.81825425]
 [ 0.68668785 -0.72583217  0.04034163]];221.57816407431832;487.62596464615444;11.712761729650465;186.12534226584245;412.2181062053537;8.812481230044511;452.3760271527827;535.7360851939823;452.4035164071972;535.7040048257298;452.42928092395397;-1261.2186015996772;-895.2502690440335;-770.8116486261788;13605.176067248825;5195.981258175266;12572.38819135549;-194.03543850697025;0.003100233690657812;322.5563295481182;-532.1078397472952;-449.2232681649305;1413.4193761229565;-13454.520490044193;24.324268808390023;-92.47043731351262;1728.0902762593935;-153.8903619134074;-268.62994392635164;21.714523165601378;-152.28577484608732;-266.4562360805153;21.969353323077094;2.5559726090820485;2.8426008801659144;135.5295778100227;38.2247397916088;132.9072309869334;38.23340657888493;[4.457142   5.38296269 0.73891319];[-152.42964174 -265.43609163   22.0597506 ];[[ 0.57700393  0.57700881  0.57803745]
 [ 0.70794109 -0.70626953 -0.00166261]
 [-0.4072909  -0.41017579  0.81600854]];337.4140113703548;34.19312473028607;11.927494701491636;291.3063251411698;30.256921612529844;10.186687882861355;293.0505502174369;339.35180856702226;300.24255061405165;321.9351858642302;308.1444656139235;-1387.9501082674885;-10131.593086318184;-1127.2158389713834;13241.059198425366;5198.749864713106;-12115.351274060959;-1231.629833375261;0.14743636931576612;6.782586987463648;-182.60911924981556;-156.950590549511;10294.365562306684;8805.468220223835;84.07375817176555;-90.20686606811844;10288.158217941544;65.06880752874993;65.85089129582306;-272.8843444319803;-219.90457032970093;-4669.712034045408;-17108.272778759914;7.6689237256758584;81.66460642907639;127.8605436552385;91.25737093174925;30.760127127308067;11.888157676258588;7.6689237256758584;127.8605436552385;-23.091203401632207;115.97238597897991;31.993192534065884;211.93430182700405;351.53137635356586;-84.92450652777342;39.15356320788316;47.698452928810426;84.02110386753797;530.9254939574316;267.51027248602765;-615.8500004852049;328.4703769421535;326.0324634952392;
48.3708333333;-183.93342436488638;-319.16084816803055;19.950844984628304;-184.8737263488702;-320.87272597280054;19.539432669275413;5.093229834919315;5.094281250316584;194.19453366994262;41.191855421943195;196.13793715480122;40.93361369622263;[2.35044747 4.89928551 0.28578939];[-184.86802116 -321.0158628    19.64581259];[[-0.58283628 -0.58245482 -0.56661121]
 [ 0.39283039  0.40843359 -0.82393343]
 [ 0.71132704 -0.70280039 -0.00924396]];217.05923699215538;483.70677446433933;9.341168540205116;187.20646311747598;416.61414031650236;7.874645504066366;456.810257969792;530.2586288369181;456.8504065125441;530.2128184023055;456.8731894562846;-907.8663978423191;-985.9610182233263;-367.55308230853603;11021.562011466227;4157.016846403232;10204.823997579562;-235.8119796352489;0.0027692446743254042;361.1092978787087;-526.4292981162788;-453.5379886576114;1312.280606767097;-10889.83688037344;24.21580990095208;-92.19694084055638;1389.7610564775773;-150.1590646603613;-263.40036356516873;22.402855663944948;-150.86783495402233;-266.22581687082055;22.028836077379882;3.9183484978114804;4.280371636498465;129.18811411144335;38.33716438094287;132.05699884455382;38.10231924651081;[5.40742495 6.47285819 0.91380809];[-149.99197155 -262.85192969   22.431772  ];[[ 0.57250729  0.57981614  0.57969703]
 [-0.81987719  0.39962324  0.41000324]
 [-0.00606609  0.71001022 -0.70416525]];333.6873616739608;5.867618992920021;8.715352814995924;296.19795408833977;21.449543924826752;9.388865115496568;297.1219643999048;333.8527245182592;304.5176397007862;317.9322601034982;311.4661619455032;-400.84174600589023;-3464.6496676307656;-414.612266548017;11884.529842260858;4039.908393688733;-11117.455856871935;-1150.3760309985955;0.12968573103008119;7.710948552759791;-153.44592268543647;-149.52273472610298;3703.9687886121687;8466.354208398208;85.86015833992067;-90.13111166035372;3512.3175762346873;65.23765303080822;64.75440888876412;-282.14524728277155;-219.93563204806787;224.47866565741901;-14521.909637698685;9.101389741454057;81.83923889710886;127.38833286950654;91.46364770357123;31.117148899671182;14.0753066024801;9.101389741454057;127.38833286950654;-22.015759158217126;113.31302626702644;33.31719964240614;213.24849120942721;370.0797511320126;-26.939574967631582;38.89629835798467;44.23877841943603;77.12118530320762;547.3897926787641;292.9585658288049;-574.3293676463966;352.2816775028265;349.7653692577916;
48.375;-182.59711070685168;-316.6952414500466;19.922172691405635;-183.96143207669869;-318.8487223898032;19.581544769810233;7.3135414613353715;7.314786772046837;191.3916659393416;40.95041295703673;193.93309042127012;40.824785298618195;[2.46328477 5.22185222 0.26541634];[-184.16857191 -319.48197158   19.60985801];[[-0.61376123 -0.61069341 -0.50035059]
 [ 0.34045627  0.36707264 -0.86564843]
 [-0.7123108   0.70164894  0.01738055]];212.27349908158388;477.76594604518084;7.491371909239745;187.57955018220952;418.99013274158176;6.863262281641027;459.11428136196656;522.8541462643941;459.1667447743345;522.8004651896122;459.1867860105431;-1389.2877992327797;-1865.636622968032;-520.3493005547347;9173.21598039755;3439.5134604807763;8500.250055763225;-251.76887752423642;0.002431579140074563;411.2553786628288;-518.8697744675538;-455.7566547393603;2316.2907446214376;-9058.81997765846;24.13209381329477;-91.91244854641717;2383.5863719706963;-145.09146703069365;-256.00589116134614;23.273553069599245;-149.4739914180012;-266.1712933744296;22.068749112256185;5.238765824617148;5.675852078826354;120.33703371747681;38.42186258246337;131.38548832651836;37.957658461132915;[5.69512811 5.72235876 0.82841824];[-148.33027407 -262.64228051   22.5322523 ];[[-0.56158653 -0.57823825 -0.59182861]
 [-0.80003567  0.56196332  0.21009557]
 [-0.21110067 -0.59147084  0.77820226]];329.2885475801318;-15.776184653912866;6.203190275166645;300.2260816738595;13.121964566772203;8.616484004987171;300.6362085111152;329.7246049952248;307.97212344279;314.9154700349174;314.03753469740434;-1710.5890190319126;-6924.37608284643;-791.2257525694602;10538.795128223057;3371.4133380024446;-9931.386479558696;-1033.1202508111085;0.11208933288400892;8.921455541490369;-130.0126225011303;-141.93145426132529;7544.015299854462;7739.618344527666;87.49839958862673;-90.0717746271529;7176.289927271427;71.42200148740483;63.576855092223354;-285.0396654039679;-217.29545142985413;-1613.799363831625;-12190.215078601455;10.598351861957905;81.99088612247567;127.15283943417316;91.65485803948965;31.46030299287144;16.31253679257404;10.598351861957905;127.15283943417316;-20.861951130913535;110.84030264159912;34.730445675252675;214.65123902279987;388.79249852451267;29.77765175072021;38.46780085445451;42.07970777095466;67.3126997256169;562.339361782;321.47979879889556;-532.5617100312793;376.49827058663396;373.8725936507316;
48.3791666667;-182.87103296880403;-316.35261101677514;19.923166285535842;-183.06489937393414;-316.8418361855945;19.61727574044385;9.511669988275377;9.513113368808988;191.2337256745761;40.98227162194951;191.75102633716207;40.71196407404384;[3.27231463 7.05470141 0.30376137];[-183.03969779 -317.01295677   19.6920524 ];[[-0.59827833 -0.59700035 -0.53446574]
 [-0.36983299 -0.38597908  0.8451294 ]
 [-0.71083514  0.70328567  0.01013249]];206.46021980455467;469.6305103619369;5.454276114897735;187.58661436253075;420.19663140352225;5.823918404378253;460.20415573573996;513.0383881860068;460.268999050917;512.9679591123033;460.28667863645023;-1401.0862537380845;-2039.3725049814698;-457.456680728682;7434.585338002885;2768.7019268309346;6894.54179805119;-269.5221388591295;0.0021730994517770758;460.172220457853;-508.88339914590966;-456.7848151261076;2477.169409765201;-7336.757056337845;24.06749262070887;-91.62376145253924;2516.217303658712;-143.07256623936104;-252.4203355594151;23.950618478466623;-148.08710694007044;-266.1769200458795;22.101464017504906;6.567783998676074;7.063133766005381;116.28741169583147;38.77323323944131;130.77828282217416;37.8076859574631;[5.74071692 5.55174787 0.803287  ];[-147.15095771 -263.17873688   22.48368031];[[-0.52267304 -0.59319829 -0.61231421]
 [-0.84320162  0.46567497  0.26862214]
 [ 0.12579321  0.65670588 -0.74358151]];324.8601146612785;-35.6230040233547;3.9711024479636006;303.81598403309783;5.308285508690371;7.887476000616626;303.964705725355;326.83155014171933;311.12703353200277;311.53973261118665;316.41580992685846;-415.0587820160167;-2602.097214474659;-280.17640448654896;9375.601063377253;2703.7792662062875;-8928.21578451303;-937.2491047774212;0.09773269223858343;10.231990719735998;-107.49360612499615;-134.4899413507069;3265.1125606785045;7175.947984894624;88.9993662084657;-90.02597806641762;2649.8457547065655;75.4153443957971;62.40319849473915;-281.4579731314479;-212.98406527747287;3333.011654644196;-10100.911538036518;12.185387667553986;82.16337471675871;127.16383641144296;91.83230419039984;31.759825443864543;18.63688820813621;12.185387667553986;127.16383641144296;-19.574437776310557;108.52694820330674;36.25288028826286;216.16320261990865;386.3466938984634;67.3769424936971;22.90124804656687;41.91384787167589;65.2289614762728;541.7618759301744;321.1177324221904;-474.38493343647644;381.480836578742;378.4157659127401;
48.3833333333;-182.23061326306942;-315.49726467189583;19.746557497581534;-182.19248625101892;-314.8673395060936;19.643972869053894;11.670212004581892;11.671921959460532;190.16754311199756;40.71005060370552;189.60917563404075;40.593850786276725;[3.84447588 8.4005483  0.29679421];[-182.02001031 -314.73835034   19.73268848];[[ 0.59828648  0.59649906  0.53501603]
 [-0.36688106 -0.38967254  0.84472102]
 [-0.71235635  0.70167241  0.01429161]];204.20642312328278;463.28121186800576;5.819509718547;187.08133765916014;419.74252711311215;4.7515760398603675;459.57131486038696;506.3236230002087;459.6520458810027;506.27935027141433;459.66776369626757;319.26384672773156;-1008.2907721070966;632.7688104795985;6130.029136342403;2286.255313476861;5681.056341820395;-275.48628834823853;0.001924186426564074;519.7001632454353;-502.2561991964336;-456.12661942419436;703.8865659895664;-6047.906179040236;24.02964191381245;-91.3288701201732;1232.4674650713825;-144.72302590026277;-260.36271412424287;22.773032546180247;-146.72992018816691;-266.30276157987885;22.120442364549238;7.86306140824131;8.426274312272817;123.93735777371897;37.9429931489922;130.30204980567567;37.64981887409562;[5.33869812 8.59879602 1.13122946];[-146.8383709  -266.12187201   22.11961855];[[-0.36016235 -0.65086693 -0.66832277]
 [-0.92926562  0.31339063  0.19558048]
 [ 0.08214922  0.69149009 -0.71769977]];329.2337050356621;-12.876074934550438;6.751438148378199;306.65520909028487;-1.9586783998895936;7.193526751676583;306.7458239494185;329.55455960174623;313.64830788664307;322.8301778507308;318.2690498218147;2514.382161718221;13520.623177094747;1614.7375406850767;8320.286023880426;2273.7627074652296;-7959.502874300616;-838.7351568406792;0.08496752077481318;11.769202995227664;-129.1983270210681;-127.06466344917277;-13683.378590790526;6535.743762278215;90.3658574377933;-89.9914193352907;13846.903844450431;66.75175896626293;61.201524547190424;-252.85538716559972;-206.63579044782642;10396.22960896922;-8309.68105996832;13.838289349661993;82.31145112959611;127.40098653209581;92.00552227091426;32.02124215725155;20.998698140757107;13.838289349661993;127.40098653209581;-18.182952807589558;106.40228839133871;37.867931263474446;217.76684396988912;392.88030341127336;82.21585697610364;21.6523760033841;42.98973171523204;57.103553523750584;544.422887611024;335.77674988752295;-462.2070306349208;390.51310015125415;387.2552669822805;
48.3875;-182.23382304912803;-315.3929567037172;19.380184363094187;-181.34439754222961;-312.92824859924525;19.66272804140133;13.786402980877662;13.788447357249922;190.06916361978872;40.34575375094286;187.51033134427973;40.471600153291384;[4.33224287 9.59396372 0.28993948];[-181.07376278 -312.57818869   19.75708518];[[ 0.60108748  0.59848992  0.52962597]
 [ 0.35924744  0.38963249 -0.84801403]
 [ 0.71388733 -0.69999739 -0.01919724]];201.8686380062651;457.4607117545302;5.80895101272181;186.23681615546855;417.84680483701345;3.6650721949059877;457.4861055359178;500.05499069735725;457.5911883651755;500.02697265835303;457.60537041067374;-1441.4007028943813;-1785.5492823590648;-637.8369892766206;5118.465664837922;1932.184164240822;4731.778118902535;-275.0108198905934;0.0016952574834085228;589.8808940747913;-496.06440598278914;-454.0592959353473;2268.1741765601278;-5051.7212998738805;24.0269438097112;-91.02975212162777;2381.7342947790903;-142.86762603583617;-261.7693250113331;22.80287390768285;-145.37993931789327;-266.4737784127408;22.1345565379046;9.163948437102482;9.787117549797406;124.32537262605501;37.74965916862344;129.88250277113258;37.48876005535466;[6.27571922 8.1111603  1.07684041];[-145.37007116 -265.9504928    22.17123248];[[-0.36306914 -0.64848427 -0.66906573]
 [-0.92679129  0.3254131   0.18752125]
 [ 0.09611817  0.68816747 -0.71915703]];328.80319938798544;-3.80991979788654;7.679116185819775;308.90891181031174;-8.583888934487964;6.548469280485189;309.09752731943365;328.91492553856074;315.70942844580526;325.6703799517384;319.76857709659214;-2721.02487260804;-9168.868711524343;-1169.4520827160447;7399.225561269644;1976.9539556951152;-7090.855280833898;-748.3069890609872;0.07408213400758781;13.498531236931912;-137.01688168079482;-119.80530932549559;9930.472354143363;5924.231260294692;91.59135640362425;-89.96627121180903;9635.338498479987;66.61010544120468;60.05771538531055;-239.58091526091889;-198.36007199163456;-4024.4830947394207;-6799.296943237513;15.404943450040998;82.35421845048009;127.72531093222373;92.18158625599712;32.30340012283345;23.151570507554073;15.404943450040998;127.72531093222373;-16.898456672792456;104.57374042466967;39.431887259752195;219.31666733584797;426.495176358068;135.5038512919842;34.69436067772817;42.57826301506342;34.16650183761613;584.0067029463793;392.3286745204521;-448.5028516543951;425.1765359374383;422.0488622114136;
48.3916666667;-181.2071760217549;-312.8337479564198;19.58784953253847;-180.490766058325;-311.0066627405271;19.692468783375116;15.889206590176771;15.891317641996944;187.34848948981394;40.37790035260196;185.42370730740404;40.359773064719874;[4.24145255 9.48133009 0.26242817];[-180.13043559 -310.47908256   19.79160864];[[ 0.61339845  0.61027616  0.50130365]
 [-0.34080064 -0.36807177  0.86508849]
 [-0.71245861  0.70148854  0.01779215]];199.97576620795599;457.392266292271;3.89577650899505;186.57718169225652;418.9071897381424;2.6755010659751934;458.5863459028053;499.21254933049;458.7109193846571;499.1615260962499;458.72285475070595;532.8222397030007;1752.695460472237;-280.4867725130938;3459.3794583312383;1298.94401477232;3193.070394361893;-290.4343985496272;0.0015706061863781761;636.6968427050474;-495.0329340110247;-455.1360700643039;-1773.0676301079438;-3406.506671961042;24.009915219978964;-90.75048494471477;1853.2441139355928;-142.16103974733892;-262.04769178605966;22.964992813813154;-143.98630597953655;-266.4100622043334;22.176704349119053;10.55331289033058;11.182843194393534;124.2652165834289;37.821577493742744;129.22539708050016;37.34620334928596;[5.96123668 7.97684784 1.04090465];[-143.72036526 -265.50450284   22.2756249 ];[[-0.29701634 -0.66687086 -0.68342121]
 [-0.95088528  0.27190362  0.14793786]
 [-0.08716925 -0.69379512  0.7148775 ]];325.02382796053695;-34.06276627221553;4.1316551798370895;312.56886117985624;-15.879794503608954;5.8696681758931595;313.02701777521406;326.82997317070135;318.9182910363626;319.3621383912058;322.19401260273673;906.9265874286494;-5352.497596174644;-533.3292001578001;6287.38545917864;1350.5838300653174;-6105.755868010654;-653.3639954195162;0.061928066459875336;16.14776719450661;-106.22758206439848;-112.76386619137551;4848.391461743337;5358.3843222009045;92.90785252117797;-89.94541903783576;5454.923133077246;64.15005343755762;59.094396320810546;-253.92298667321734;-193.47984400055202;-2859.7111831704424;-4783.169188380204;17.112291878089085;82.49188759629097;128.0861186735633;92.36377003520784;32.49710510328278;25.535555537515382;17.112291878089085;128.0861186735633;-15.384813225193692;102.55056313604793;41.122207098068046;220.99397119474128;451.15844185174103;183.78064178920135;33.828986308351084;43.82788192587633;22.0307922089371;601.6497486634521;429.12764964280393;-417.86910687425166;455.4680378054658;452.0693588815045;
48.3958333333;-178.1809715939974;-306.28552103877774;20.214488956427644;-179.6621588921775;-309.11607600129105;19.711135966507342;17.953294419697034;17.95559875611202;180.19265442836414;40.50205908975118;183.3764612944234;40.24073023433935;[4.35673743 9.76043116 0.28633307];[-178.98045439 -307.99425144   19.87552553];[[-0.60912492 -0.60627283 -0.511273  ]
 [-0.34798643 -0.37497931  0.8592415 ]
 [-0.71265158  0.70130148  0.01743452]];198.10703593458004;456.0111115491063;2.435334080295771;185.56824579571636;416.4969213075792;1.625277498977501;455.96918846928673;497.1905694953587;456.121245497361;497.12439517183793;456.13223166309996;-1429.8127709251241;-2415.6497371971845;-420.5255932620173;2081.083988697446;774.6181628388907;1905.9438649619979;-313.4569403071107;0.0015773114247633487;633.9902090990272;-492.87201087415343;-452.5434685235386;2810.310735808434;-2033.465963289704;24.01595513953928;-90.4583687365895;2838.4097638131425;-140.90599861200013;-261.714191513336;22.89941569554982;-142.63991265632689;-266.50552774438984;22.19854917278643;11.877868270033481;12.532793506976518;123.40434983154377;37.58641097170259;128.7406954237927;37.19213946469096;[5.64553558 8.02444411 1.03412888];[-142.30490843 -265.63035431   22.3065869 ];[[-0.23530527 -0.67819308 -0.69619363]
 [ 0.96532513 -0.2463914  -0.08624776]
 [ 0.11304349  0.69234776 -0.71265402]];325.41082526624933;-49.984377520671046;2.454279760913491;314.5544643571849;-21.88429670866235;5.2853464521612965;315.35911018486155;329.2364905136356;320.9577634593814;319.8708491570111;323.8462719602669;-721.1678806883687;-2289.8758030732565;-271.8110009245517;5826.212089019912;651.0930038195646;-5754.745519311145;-635.3968953239386;0.057646037322608715;17.347246167219218;-89.90539945952662;-105.99527411380691;2986.2561885829996;5385.775371019994;93.97923149461934;-89.93319372103697;2416.090959765495;58.16558998298389;58.06120775813634;-253.0526625864103;-184.73540187148078;3277.4667448427695;-3562.590242054644;18.959069919691363;82.64333812279447;128.8545096929902;92.53640511445596;32.58812097148024;28.018293032106957;18.959069919691363;128.8545096929902;-13.629051051788874;100.83621666088325;42.975025059230646;222.83374118760955;464.0997322855362;204.4807068904802;28.93252849507797;47.3530091390846;14.676088048346951;604.1388913710337;449.42364423718925;-399.658184480553;475.1256754076158;471.269768063184;
48.4;-177.73855684966856;-305.51925925008715;19.90936542079099;-178.82430133992546;-307.19506052142503;19.72493358761674;20.04888597431195;20.051427023432346;179.29872781237304;40.12985240090253;181.2984328573124;40.11518458138053;[4.26676413 9.60942833 0.28267524];[-177.94474236 -305.6795297    19.94115515];[[-0.61027466 -0.60767154 -0.50823237]
 [-0.34734491 -0.37133999  0.86107963]
 [-0.71198059  0.702027    0.01554777]];192.292410479874;445.77071981716506;0.7952529690475271;184.86749076509054;414.32882286713044;0.55149603990326;453.701076423811;485.4776392397065;453.8892720469647;485.3920318655696;453.8987884841299;-1361.2074473358953;-2499.738294139206;-366.71334013762043;1225.6417695013192;485.3058451900073;1083.042760823343;-306.0953478883474;0.0014940563754335195;669.3187863877207;-481.0836592023748;-450.31807410264884;2848.098066650824;-1178.8823750321337;24.045828519593332;-90.15609285536141;2869.852945309843;-142.78206955063462;-269.47138959114767;21.6307969823647;-141.27777407986557;-266.6939185899352;22.211134808951027;13.214664043590478;13.907955683015052;131.10895622132074;36.69283221739442;128.34016722996355;37.02822796156104;[5.01543434 8.43647002 1.05508281];[-141.02461879 -266.14435437   22.27876718];[[-0.03170944 -0.70541536 -0.70808452]
 [-0.99265951  0.10495136 -0.06010246]
 [ 0.11671163  0.70098102 -0.70356521]];323.6184286226628;-56.229937215247006;1.7612155999838854;316.7090565926398;-28.51145901947402;4.6276149091722685;318.023496998204;328.47190909394635;322.92148915841614;319.3711053338824;325.23974470251767;-139.1825082357246;-707.9928503220289;-60.859796322234814;4869.175924562104;458.219162861997;-4818.0194117912515;-534.4140068560683;0.04734975515614652;21.11943338887971;-80.92014884089684;-98.60320234853867;1326.6641083634497;4665.959808785526;95.14359183028039;-89.92494658286547;724.106043003566;50.243091444064156;56.97837143186719;-235.95939320423219;-176.17970760278956;4927.302558607955;-2080.663778535775;20.871945560186713;82.77379581552721;129.61762402180656;92.72900238459012;32.68069503835724;30.549303443043865;20.871945560186713;129.61762402180656;-11.80874947817053;99.0683205787627;44.917774079780045;224.76121585208693;472.58717417343166;244.56240091731186;24.646922238048013;50.010186874889655;-1.328620011618189;594.9481573212092;473.91579418504983;-350.38575640389695;491.810732854948;487.5675439913839;
48.4041666667;-176.34677828763967;-302.31065970000685;20.03390582407046;-178.0112669260561;-305.3159834050487;19.731430417176473;22.095997712795448;22.098863951940615;175.83490391794174;40.02176724841617;179.26919453713901;39.98630126273034;[4.13667214 9.41027147 0.28674354];[-177.19310584 -303.9062015    19.92758093];[[-0.61639969 -0.61148861 -0.49611803]
 [ 0.33002918  0.37141618 -0.86783107]
 [-0.71493508  0.69866423  0.02713173]];186.4492783064501;434.7588188199026;-0.785577412077503;183.92853473589287;411.02820135856746;-0.5234551786951778;450.30452163783093;473.05304253808936;450.54138836555006;472.94930645402036;450.54980762235976;-1443.4959959030487;-2785.974184544338;-392.08524280158105;598.4508777732763;281.4315905085707;437.71813568735394;-295.53772460010623;0.001504649234648735;664.606724924466;-468.6204223821056;-447.0002170908467;3134.2556070775017;-520.5805432283906;24.107837998889945;-89.85116232210976;3162.129612264241;-145.83385606239813;-283.4994274656838;19.94236172645772;-139.9281557791083;-266.92206422372874;22.219001504127373;14.543458679675089;15.276744152009073;145.02775669355614;35.632426988545596;127.99148376163001;36.86188616989018;[4.89694051 8.47312659 1.06066422];[-139.78751507 -266.62791341   22.23953846];[[-9.74297406e-04  7.07143558e-01  7.07069331e-01]
 [ 9.94374040e-01 -7.42086754e-02  7.55866511e-02]
 [-1.05921292e-01 -7.03165031e-01  7.03092895e-01]];322.91381849281964;-59.19737778498639;1.4762232232097845;318.39473791020464;-34.60537924803715;4.008799421510805;320.29488268564376;328.29840533459316;324.5385199106777;320.05266295490037;326.37986479816726;-199.03035408876707;-716.3786231540653;-75.9365445290423;4036.252998525957;337.80435633083187;-3997.3832810363615;-445.14423442819617;0.038636276165487225;25.882411537716305;-75.26942521306837;-91.37101323670389;1385.6832329927297;4016.2235181126152;96.20247367105841;-89.9220608121622;747.3806074255776;35.84563099206206;55.952435569916375;-214.96618650737844;-166.16795401768982;5149.436655873356;-836.4747431355049;22.826567688737278;82.88444252692011;130.5585155837441;92.93101352394831;32.710421705216454;33.05278379353195;22.826567688737278;130.5585155837441;-9.883854016479177;97.50573179021217;46.93440568762722;226.76098925480252;477.879916046343;278.72006900785317;20.96019860081702;53.534709513188744;-18.218883757063693;580.1223996955332;496.09879980340673;-301.40233068768003;506.2889273569144;501.625801811265;
48.4083333333;-176.47668010955408;-302.14537024574287;19.87846792689588;-177.2218645859266;-303.48030452294887;19.731560695692135;24.093819573191467;24.097081415021584;175.7545998777902;39.88229756099722;177.2894023639595;39.85487159228423;[3.99793501 9.15141038 0.31205692];[-176.54560218 -302.29178458   19.8950607 ];[[-0.63802775 -0.62973662 -0.44311666]
 [ 0.2845174   0.34193995 -0.89561539]
 [-0.71552109  0.69750187  0.03899615]];181.15429689042008;424.13457626634363;-2.2602946260077634;182.89818676106276;406.86778738909186;-1.5853566454446435;446.08929206053926;461.2072495075177;446.3904636746538;461.08832321388525;446.3981289418819;-1098.095083792249;-2313.6622411721096;-315.77901988572904;331.28646694952386;121.41046358080831;-117.03610627536939;-285.1539449926857;0.001640875104381979;609.4309050880756;-456.7721596473414;-442.89938558800856;2552.91050561626;37.41223001053901;24.206024841939293;-89.54703858779763;2580.4189909148954;-144.40443089666167;-281.11880296286387;20.292195981333947;-138.58095384134353;-267.16250140006224;22.225811605617558;15.87608992137268;16.645250445148665;142.2868494135757;35.75518725697571;127.66583265628945;36.69500044629387;[5.89292202 8.28059342 1.08417386];[-138.45412611 -266.79905253   22.26084735];[[ 0.30776139  0.66224052  0.68316939]
 [ 0.94544331 -0.29349809 -0.14140655]
 [-0.10686377 -0.68941741  0.71643825]];322.57815783225186;-60.99410233618647;1.3343185530636297;319.74762277247555;-40.21799686151832;3.4255325092942073;322.2852212143378;328.2967085370297;325.9373259576951;320.925284642245;327.38148405290184;37.913237015490324;-146.04916142890528;7.822302859013411;3346.379357939627;226.23798700497065;-3317.8932988034526;-372.3643890539355;0.0316331844887637;31.612372138986075;-70.73721035021724;-84.32400165069672;789.7799011776965;3487.3929882454017;97.16863468923084;-89.92340251842776;151.09255281812307;38.35253410373746;55.012043155165365;-193.42108004835146;-155.02361284356937;5192.214444468742;202.01157383619696;24.810172011631753;82.9791868341776;131.6556440294507;93.14575394188084;32.66962320492709;35.50720475405366;24.810172011631753;131.6556440294507;-7.859451193295339;96.14843927539705;49.016196853571046;228.82427871868157;480.0743965264408;306.04749490387496;17.932787823770465;57.864687532794385;-35.00896382211465;560.011494481559;515.0833603485555;-253.96399957768404;518.6374314091244;513.5269228683281;
48.4125;-175.94418607390935;-300.57407845895574;19.745644443343735;-176.4575229401691;-301.6929932482164;19.724883938742494;26.037241933245394;26.040980672521435;174.12953088285974;39.65687708670894;175.3640243506217;39.72072190250913;[3.67192653 8.57323701 0.37318913];[-175.93398806 -300.76140358   19.83831546];[[ 0.66688332  0.65286885  0.35920594]
 [-0.20633675 -0.30141198  0.93090062]
 [-0.71602499  0.69491948  0.06629578]];177.42294287434774;415.6061028359577;-3.394993338706962;181.8365507578204;401.93125487714485;-2.6274466582941454;441.15775898714503;451.90580805346656;441.5423584842745;451.782927285636;441.54958820754734;-692.9548439206015;-1780.0050054080455;-228.87636220949022;637.950533004691;7.935548711221827;-576.066469562739;-273.9805326535867;0.001899343992733919;526.4975717013738;-447.51995743300586;-438.118288136493;1888.1465572607676;489.3349420129894;24.344579759811356;-89.24576401512716;1923.795369619381;-138.06744532994992;-268.2121284746287;22.00762474846691;-137.23720729166828;-267.41537570527026;22.231303364320787;17.210564204299107;18.01259471906516;128.0231010977164;36.427002149192916;127.36423855152114;36.52745025683743;[6.52267838 7.42609633 1.00955685];[-137.3073456  -267.51599338   22.19853481];[[ 0.42981815  0.62437504  0.65223628]
 [-0.89408951  0.39507316  0.21100035]
 [-0.1259377  -0.6738494   0.72805679]];323.11122531736504;-60.89060169567693;1.4346336712947865;320.7838655754338;-45.42776970333652;2.867480671490139;323.9972115916104;328.801744938681;327.1271710861838;322.49721175558875;328.2438885529024;217.95915583760026;195.7294688752156;40.328953892077436;2777.22095896719;134.4476305697247;-2756.240774522648;-313.07648014442395;0.02599413616217595;38.470214734625394;-68.22261613683214;-77.4043427707846;417.2253212456389;3053.5828162060325;98.06002144442009;-89.92819060741591;295.7070224422183;49.870430628519415;54.16105068235499;-172.00190231109798;-142.94077915889653;5088.990869403979;1052.1902205690249;26.808900322456577;83.05911084859358;132.8811828254761;93.37713610322486;32.5585976739076;37.887137124327786;26.808900322456577;132.8811828254761;-5.749697351451022;94.99404570114831;51.15348008226793;230.94120426989616;480.9196608259436;328.2604637483239;16.138436693965794;62.94115840980811;-52.36323972045354;537.6879971306817;533.2829005463972;-209.42753338235943;530.5053404557248;524.9506945643182;
48.4166666667;-173.9021216024097;-296.50019745526;20.085683103576955;-175.71224544517318;-299.94584972072954;19.71272490714207;27.936222266640293;27.940479788666547;169.59913291109075;39.663775837217536;173.48296770023188;39.584252576952125;[3.2991322  7.80458853 0.43615603];[-175.35516868 -299.25202002   19.78418108];[[-0.69461398 -0.68081626 -0.23238038]
 [-0.1017353  -0.22681473  0.96860983]
 [-0.71215262  0.69645122  0.08828564]];174.33401408605246;407.6292761111408;-4.542759062906302;180.85576136599613;396.42997261479326;-3.641065700355656;435.7508312855802;443.3673554403304;436.24158125026497;443.2422728347331;436.2486333768833;-789.730974462857;-2048.871822507943;-322.0511854068923;1004.6854693721131;-71.93269416678324;-967.2083307163346;-262.1576336296404;0.002269277569822117;440.66887775142794;-439.0722056546053;-432.89573716650864;2166.774296376729;865.7588148967202;24.52738346596164;-88.95070434820217;2219.2944201063224;-133.58480025652884;-261.4609273960901;23.005821290853532;-135.89280252607492;-267.6707855861971;22.236930926893088;18.550467293391236;19.38105737857974;120.12641862626617;36.724746978637974;127.07635590337101;36.359986316057864;[6.71510984 7.17745353 1.00594444];[-136.09756018 -268.06825076   22.19161463];[[-0.46656753 -0.60976437 -0.64070442]
 [-0.8722832   0.43712425  0.21919034]
 [ 0.14641298  0.6611428  -0.7358352 ]];323.1915553229193;-62.72867946047329;1.2488610160585978;321.5945243802367;-50.348032922196474;2.3227243403483016;325.5201339070235;329.2251939216376;328.182480376436;323.4445210033534;329.0202570261216;-179.40075317181066;-1078.0067959764813;-129.4998284051343;2301.0766825870423;54.64313398650578;-2285.1914956778064;-264.32528281598667;0.021375855528655726;46.78175330383549;-63.55551780207824;-70.55739121001483;1822.9818794361063;2694.2714252697015;98.89762992226787;-89.93599620589826;1100.4787539825795;53.49545825412893;53.400200821429195;-152.15372388078077;-130.22876736963886;4438.134777157102;1758.753835051616;28.8107919826852;83.12862673270901;134.2060398203162;93.62795967132077;32.37788183974282;40.17396720806639;28.8107919826852;134.2060398203162;-3.5670898570576206;94.0320726122498;53.33817544864684;233.10366974258406;478.12894797528975;349.2285586774511;13.887671739681984;68.8904295181066;-69.97997847257139;506.2952047806332;548.1089264478611;-157.0666461031821;540.1584877675251;534.0938689879337;
48.4208333333;-173.93973195580287;-296.2971097498609;19.813185453803257;-174.97899841621629;-298.22960905791695;19.696592327586604;29.80209966062548;29.806864925311352;169.43581537255352;39.395563839398164;171.63469137201352;39.44589381363995;[2.82327336 6.82729947 0.44659679];[-174.68133274 -297.54426717   19.77442387];[[-0.70333851 -0.70820288  0.06134836]
 [ 0.12150489 -0.03473942  0.99198273]
 [ 0.70039382 -0.70515378 -0.11048369]];171.10404005163394;398.64822986117355;-5.86660420165193;180.02779793649526;390.49931581865627;-4.619583202822164;430.0244925974217;433.8564517652089;430.64769997346724;433.72439699358404;430.6547947915514;-760.6565620579712;-2262.0303774737476;-313.39448119074217;1336.9549992856496;-125.78123638709857;-1307.507155790575;-249.10397075170235;0.00273883589911476;365.1186258816082;-429.69646793658796;-427.38453861471044;2333.579808268667;1185.2566504879412;24.757793756726176;-88.66514570120103;2406.9889768872417;-133.33878610866776;-264.8050715264329;22.64186852437875;-134.54461374735706;-267.92279738606754;22.24325864491491;19.89804096892886;20.752612324744874;123.08099645955117;36.38207517691834;126.7957167503809;36.192667209822076;[6.94958706 6.98738036 0.99280184];[-134.93375812 -268.61877162   22.15342845];[[-0.4819186  -0.60386114 -0.63490644]
 [ 0.86266328 -0.45393717 -0.22305407]
 [ 0.15351395  0.65520438 -0.73968959]];323.2275183056244;-65.28759773579084;1.036344432827777;322.2278235916931;-55.07507055829547;1.780180743022115;326.90549511612426;329.7568392284027;329.1424934552853;324.2413590419417;329.7375920152515;196.66298487303155;-150.2739761748845;27.491868454475533;1888.8757708086973;-15.548202228492695;-1875.6216459270759;-222.83036661420041;0.017451449722112405;57.30182970030958;-58.00264990678829;-63.724360251827115;842.3947102979334;2384.15899359886;99.69910670121992;-89.94667339768398;249.0269069110769;51.46053558856153;52.727701496429255;-131.63921786390924;-117.12962643640813;5408.828110934231;2358.172274881567;30.816564162672545;83.19359782104328;135.6166866900453;93.9016457566399;32.122237342903844;42.36787043374988;30.816564162672545;135.6166866900453;-1.3056731802312989;93.24881625629541;55.57435791939872;235.31579339126523;468.5354709999084;362.4465340597045;10.717043991312535;75.84375859017915;-84.51252584753786;462.8498938274369;553.0479968474463;-100.40335976773238;544.5809446922848;537.9125448097385;
48.425;-170.4996045105737;-289.5197975922936;20.54110489874533;-174.25946199445616;-296.5489390864702;19.674868581617854;31.629907873596192;31.635212850707664;161.88685411821763;39.56219141669421;169.82403265311038;39.30433372636782;[2.41365924 6.01933651 0.45796213];[-173.96210868 -295.78037677   19.75755239];[[-0.6659774  -0.69019596  0.28302587]
 [ 0.29233241  0.10758868  0.95024546]
 [ 0.68630595 -0.71557964 -0.13011502]];168.44053054746317;389.7099900659276;-7.044309403645715;179.2010281267406;383.70826530110696;-5.563991807986279;423.52803844244465;424.6124244334715;424.31335199869307;424.4759566361169;424.3208835137067;-517.8279999480415;-2028.3247242453886;-251.90401576677468;1608.4323131843112;-149.93800537067025;-1583.7438962009642;-237.33598944763725;0.0033053798780213056;302.5370870832034;-420.65111423536797;-421.1366952666934;2008.1899683202605;1434.561205000319;25.04429629756357;-88.3887137977639;2108.4834971312316;-133.69108803389253;-269.5371106457726;22.296268940932293;-133.19953956505074;-268.193524581701;22.24733810202691;21.24583830175236;22.124667138640042;127.56561597791978;36.15725621440414;126.54672658835372;36.023811775537204;[6.98740906 7.03399194 0.9892519 ];[-133.86602599 -269.60483962   22.0420011 ];[[-0.47925162 -0.60305863 -0.63768188]
 [ 0.86146345 -0.46222447 -0.21030753]
 [-0.16792439 -0.65012986  0.74103479]];324.39553363419145;-64.33830019193375;1.2758799016906879;322.4815678829971;-59.40900567773142;1.254595553621246;327.91060609546616;330.7166566457195;329.87924141578134;326.0214310730459;330.3217597409608;363.9843728428577;605.9367972283512;87.48515659964511;1650.6732644625442;-105.35742091380601;-1634.8651322005146;-202.08423833841613;0.015247483057855721;65.58459492662205;-55.99951514492466;-56.979145937250024;119.10997539641644;2231.6647268176926;100.43817417485512;-89.95961670746757;712.2483264525266;41.91962861991692;52.13225312242276;-108.08512596987117;-103.16943524504336;5897.1359982139675;2738.449259250677;32.795199882479054;83.24435733053969;137.1162778092948;94.20204658397162;31.794715352471425;44.39309391457142;32.795199882479054;137.1162778092948;1.000484530007629;92.72318389472336;57.83949618004262;237.55445198414992;453.5159120988859;367.5490879039437;8.024098036680586;83.51430854084262;-96.87888413077286;412.4886677070681;550.3947962296587;-44.939579803124445;544.7969724092661;537.5195391520627;
