dt;xt_46;yt_46;zt_46;xt_avg_46;yt_avg_46;zt_avg_46;xxt_46;xpt_46;xp_46;wd_46;xp_avg_46;wd_avg_46;disSTL_46;disSTL_avg_46;disSTLz_46;disSTLz_avg_46;PCAsigma_46;PCAmu_46;PCAwt_46;vxt_46;vyt_46;vzt_46;vxt_avg_46;vyt_avg_46;vzt_avg_46;vavg_46;vv_46;vv_avg_46;vvt_46;vpvt_avg_46;axt_46;ayt_46;azt_46;aavg_46;axt_avg_46;ayt_avg_46;azt_avg_46;curvature_46;curveRadius_46;turnRate_46;vxp_46;vxp_avg_46;axp_46;axp_avg_46;thetaToR_46;psiToR_46;aa_46;xt_47;yt_47;zt_47;xt_avg_47;yt_avg_47;zt_avg_47;xxt_47;xpt_47;xp_47;wd_47;xp_avg_47;wd_avg_47;disSTL_47;disSTL_avg_47;disSTLz_47;disSTLz_avg_47;PCAsigma_47;PCAmu_47;PCAwt_47;vxt_47;vyt_47;vzt_47;vxt_avg_47;vyt_avg_47;vzt_avg_47;vavg_47;vv_47;vv_avg_47;vvt_47;vpvt_avg_47;axt_47;ayt_47;azt_47;aavg_47;axt_avg_47;ayt_avg_47;azt_avg_47;curvature_47;curveRadius_47;turnRate_47;vxp_47;vxp_avg_47;axp_47;axp_avg_47;thetaToR_47;psiToR_47;aa_47;xb__46-47;xb_avg__46-47;vxb__46-47;vxb_avg__46-47;axb__46-47;axb_avg__46-47;phi1to2__46-47;psi1to2__46-47;phi2to1__46-47;psi2to1__46-47;phiO1to2__46-47;phiO2to1__46-47;phi1to2__46-47;phi2to1__46-47;phiE1to2__46-47;phiE2to1__46-47;alpha1to2__46-47;alpha2to1__46-47;dphi1to2__46-47;dphi2to1__46-47;dpsi1to2__46-47;dpsi2to1__46-47;dphiO1to2__46-47;dphiO2to1__46-47;dphiE1to2__46-47;dphiE2to1__46-47;dalpha1to2__46-47;dalpha2to1__46-47;
440.341666667;-29.56227147786037;-197.50688866421018;6.939294899639123;-28.293130338959905;-195.85613214487498;9.150347997846328;0.0;0.0;73.63178650853752;6.147907856715568;72.67049368425502;8.147591148627953;nan;nan;nan;nan;[nan nan nan];[nan nan nan];[[nan nan nan] [nan nan nan] [nan nan nan]];;;;;;;;;;;;;;;;;;;;;;;;;;;;;-68.09810287786814;-180.93636311340958;7.6232782255483755;-69.02604863697302;-180.41293872590606;7.185624120121617;0.0;0.0;35.47963554250171;11.646390965091195;34.03304916659966;11.326794173989136;nan;nan;nan;nan;[nan nan nan];[nan nan nan];[[nan nan nan] [nan nan nan] [nan nan nan]];;;;;;;;;;;;;;;;;;;;;;;;;;;;;41.95307440354857;39.07508304295381;;;;;;;;;;;;;;;;;;;;;;;;;;;
440.345833333;-30.648340289453394;-198.3034614025434;6.879158900482054;-29.31842607698908;-194.32533547267224;8.851833330976664;1.866462110085303;1.866462110085303;73.31059909594975;6.243220815273413;71.26998494369862;7.963521470959565;nan;nan;nan;nan;[nan nan nan];[nan nan nan];[[nan nan nan] [nan nan nan] [nan nan nan]];-251.12117971630292;356.2951663672116;-62.9112888920131;-253.74306882709033;348.4362763515081;-57.88460697958984;434.90689967011974;440.4156250052909;435.12103764133303;440.29914381097666;435.0891065566901;-758.7471739928693;-1824.7569819217276;1348.9492396659607;2386.413381156477;-700.3225067478002;-1880.7017488857016;1291.3086943265853;0.010681740309442779;93.617703766491;4.647508847706042;-349.0950360709493;-354.8598344233852;-1876.4578574234647;-1640.8229470310164;36.757604109447826;79.64258241371292;2392.717987626129;-72.58051801278229;-189.05052757378627;5.578472055293759;-69.88981166699442;-181.0329348241259;7.111364483091907;1.0658312378286579;1.0658312378286579;41.146896159409906;10.331785602536518;34.28850243590429;11.376193674632555;nan;nan;nan;nan;[nan nan nan];[nan nan nan];[[nan nan nan] [nan nan nan] [nan nan nan]];-207.2911842015592;-141.4690808462592;-15.360942695005242;-206.98583973996563;-136.49303425728516;-13.985961139564365;248.33262645616375;251.4340757408379;248.43413061128024;251.38392155928952;248.42088950862305;24.209253007306593;1189.3840153851563;377.0244024522172;1259.9840498318513;50.41661083013807;1207.2518403235345;357.15677960598055;0.01670232699184062;59.87189692122047;4.149206928176931;60.63801843350539;59.895809245860356;-130.63875893118026;-157.2201540539086;123.34218007155253;92.1269230966558;1247.9454411268712;42.96063429849988;39.28185681884058;45.601773385623844;42.48316107538062;-682.9536288426461;-725.770286863938;38.69088393555017;-83.76205291887975;131.15524514552803;-90.03794034759002;25.462734146911238;nan;38.69088393555017;131.15524514552803;13.22814978863893;nan;75.44848804499799;254.49742521708055;;;;;;;;;;;
440.35;-31.10923448933128;-196.2523165320659;7.110266580631432;-30.357995810725477;-192.82511401618544;8.577814972324648;3.711944824246085;3.7121207217148964;71.63297718039988;6.501995716828478;69.83244713523257;7.806071678003404;nan;nan;nan;nan;[0.81679334 4.10087159 0.78467316];[ -30.82808835 -194.0535455     7.61381798];[[ 0.50378176 -0.6149292  -0.60668444] [ 0.86252138  0.319422    0.39246205] [-0.04754801 -0.72099352  0.69130856]];-254.15320683094524;348.5643275003124;-57.417638153855144;-254.57160804350605;344.2966545355864;-55.90547325634318;431.82439936421974;435.18700361955354;432.3599647970418;434.9690778336665;432.3287334440952;-696.8646858710356;-1885.6209713519015;1288.2016580003171;2383.057025032871;-674.9908580466393;-1902.8410352687745;1265.916316590176;0.010769042627872585;92.8587651247462;4.655766559713625;-356.39089474116855;-355.90786541700044;-1626.5566501254418;-1539.0786659927803;37.126288384572334;80.06855879256898;2387.603474132795;-71.98582045262462;-185.23898014557136;6.40980695971956;-70.75365274477285;-181.6326531668737;7.044025711575998;2.1195210261034227;2.1195949724650482;37.7198529144799;11.020052240028376;34.54220905530865;11.432157462467876;nan;nan;nan;nan;[1.63549661 3.26427223 0.83795079];[ -71.13913427 -183.52781007    6.93944251];[[ 0.51044828  0.60688349  0.60920848] [-0.85979247  0.37183789  0.34999071] [ 0.01412321  0.70244502 -0.71159787]];-207.13193305097698;-136.47114525312682;-13.834077511745733;-206.65157021060855;-134.00050494276212;-13.472942811913963;246.66277989076178;248.43388029158874;246.93367684068022;248.33882784232404;246.92097938919133;52.107161413086054;1209.4170244571935;355.95523717535;1264.1125633080856;61.595911029795005;1213.5406803014369;348.57643883555;0.01696337923725089;58.95051840874021;4.188614215012263;60.033281610446245;59.35679490611452;-159.44663110644385;-167.88523357621222;122.90542056493676;92.02846742127304;1261.7879481870084;42.34004608000708;39.47764927044286;42.65614851721431;40.711103181813776;-730.5032768918807;-741.4398085543924;40.931594402301386;-84.23717708891785;134.25480393966478;-90.44382510499804;24.149945813816913;nan;40.931594402301386;134.25480393966478;16.781648588484472;nan;78.05788278687372;257.16022450460156;433.24014422675117;853.7254028381221;-132.90087491157274;-79.9625918276075;-387.0391621466345;nan;820.2793063733857;nan;615.1191863188548;641.2006931002691;
440.354166667;-30.723211035761253;-189.4479870849263;8.592719605977592;-31.41074031176062;-191.3565686817558;8.327217594772232;5.5356216418401045;5.536317923053328;67.74594454539843;7.817956877014116;68.36232323248976;7.674047887178376;nan;nan;nan;nan;[1.35654358 5.33674277 0.91598059];[ -31.54405361 -191.49158606    8.01332271];[[-0.55227452  0.59495825  0.58396707] [ 0.82426836  0.2848381   0.48933519] [-0.12479794 -0.75159293  0.64771409]];-256.930375805508;340.5851974629708;-52.17462054745288;-256.25044913004103;336.4094936120741;-52.01242733242008;426.07620523644607;429.806567855496;427.10494715339485;429.44852268367623;427.0750191300518;-636.4152667544911;-1943.9367437342419;1228.6453364231436;2378.9546449315926;-625.7960657677396;-1946.158234623779;1216.6645439550186;0.0109430128677769;91.38251156997428;4.673487429846222;-362.65802770398545;-358.2600815452037;-1382.6695178697616;-1341.4241683727978;37.85629771214415;80.89523481388989;2386.1022228967095;-70.79158675855447;-180.12097255967961;7.844717300053006;-71.61707460060548;-182.21172428752158;6.983233234821935;3.160697250820832;3.16099613874428;33.41831824225301;12.20798395636747;34.793649275122455;11.494243263115576;nan;nan;nan;nan;[1.59959962 3.14886067 0.77000688];[ -71.62421051 -182.5703222     7.13059337];[[-0.34259638 -0.65873092 -0.6698517 ] [-0.93793183  0.28077074  0.20359684] [-0.05395922 -0.69802677  0.71403573]];-206.85799233860965;-131.39233934965304;-12.393946121360532;-206.0450224952192;-129.23085448799148;-12.455910424389318;243.53709112012533;245.37274855736092;244.07994598730218;245.2129146204365;244.06828291878972;79.26024266426292;1228.2017643490872;335.3921818725145;1272.8408329072415;83.33436937486434;1225.9756246210402;331.9080243560622;0.017484800254804207;57.19253210943804;4.26748517536808;59.31086554954471;58.36110953342456;-187.12479309559217;-188.72795649674816;122.04880161421005;91.83733586159977;1275.6369686076891;41.14641467329512;39.661588733967214;39.5179380040582;37.37607113746709;-775.3947383210814;-772.3108460810009;42.76194364222568;-84.8204186637462;137.78604238222442;-90.7764349840107;22.58452333038443;nan;42.76194364222568;137.78604238222442;20.17742031184125;nan;80.61824135436983;259.8348439964345;421.2639199414346;862.2915654561061;-120.35588983802062;-80.154312748016;-407.56367887703357;nan;828.8275988184681;nan;614.6201866644523;638.2075116535414;
440.358333333;-32.09738448013014;-188.75707381333342;8.5476499041622;-32.47558523134243;-189.9207561358666;8.098986552804407;7.336687139523343;7.338411643759793;66.23177067600054;7.9436736493393125;66.8639517980969;7.566279321607956;nan;nan;nan;nan;[1.80897351 6.88294249 0.93511072];[ -32.26067264 -188.80861876    8.26083181];[[-0.56578891  0.59436215  0.57150376] [ 0.74259741  0.06605714  0.66647246] [ 0.3583741   0.80147994 -0.47874618]];-259.45865776084634;332.36839382621935;-47.17727248910429;-257.7787620984271;328.01293586815467;-48.180259791570386;419.9567998252044;424.2796711382623;421.54162811953984;423.7433713785905;421.51317395479396;-577.3989166432356;-1999.7042990687473;1170.2802749344403;2376.41678980402;-576.0401437406686;-1988.615425299769;1166.5947033659518;0.011153198223144733;89.66038081568696;4.701219982784705;-367.9214936054093;-359.82610798976407;-1144.796460656425;-1141.7849628882605;38.64194706867182;81.69434538773719;2387.8364086669426;-72.23964322617431;-182.29220693575633;7.240937993312556;-72.47959289580476;-182.76980039077324;6.928621268710339;4.189011258120908;4.189766868021026;34.80947687414894;11.832808554414644;35.04232295867603;11.562019539773214;nan;nan;nan;nan;[2.18308728 2.8237842  0.68490009];[ -72.48919683 -182.51918335    7.1749339 ];[[-0.20438957 -0.69434428 -0.69000792] [-0.97838623  0.12229969  0.1667428 ] [ 0.03138915 -0.70917474  0.70433367]];-206.47246551093457;-126.23786425742173;-11.038439732291167;-205.3167185062979;-124.21645662753855;-11.470750592710374;240.2420885574709;242.2575582683907;241.10274616099866;242.01193542501548;241.0921754022667;105.6684967608371;1245.738235060837;315.3352365437106;1281.4211334231218;105.20333297965918;1237.619719677309;315.0711179705753;0.018065963075306658;55.3527091709184;4.355562338562706;58.47547737657622;57.23680449637196;-213.67324489862526;-209.25835206413294;121.13438131712294;91.6546260335443;1289.3664695912726;40.68049823929286;39.83284969469052;36.198217623739;33.785407526911754;-817.6280131302485;-801.6824974609517;44.54192893752103;-85.34468437984661;141.36918229664266;-91.11018003689416;20.924619462597892;nan;44.54192893752103;141.36918229664266;23.617309474923136;nan;83.18387600619285;262.5035636137656;407.67539174021425;865.7234493827236;-109.24141428810047;-81.6277438229472;-424.5181684566604;nan;832.1935601968747;nan;610.8944032560796;632.0630601172544;
440.3625;-32.79772637812298;-185.54297214237909;8.984581931679756;-33.55148110038898;-188.51868880512166;7.8920878825048915;9.114359330867485;9.117780009429318;63.84191940267231;8.4204232119724;65.34156698365565;7.4816183101174625;nan;nan;nan;nan;[2.55000167 7.41296289 0.87393908];[ -33.15280647 -186.91977985    8.29474338];[[-0.55931605  0.62879271  0.54017153] [ 0.66535198 -0.04814409  0.74497577] [-0.4944414  -0.7760811   0.39144071]];-261.74402381781573;323.9245341610906;-42.42063039510743;-259.20599653036805;319.3929786842948;-44.41687442795056;413.7299629034328;418.6126463915527;415.8529605314681;417.8600391526068;415.82606772147227;-519.8156355372689;-2052.9236373554195;1113.1064735342075;2375.962329002693;-526.4048487261954;-2030.1574732671982;1116.492524746493;0.011392606930382864;87.77622243185684;4.737342940957499;-372.2063510914502;-360.9191487168791;-912.9374784854318;-942.7915855894421;39.467599934834496;82.46436935542066;2392.427590792536;-72.3791593641759;-179.96900172474017;7.600102472696335;-73.34073622270996;-183.3065553526722;6.879832815753308;5.204138205989278;5.205667469329278;32.622470235063695;12.172121856370701;35.28774958232368;11.63506549321599;nan;nan;nan;nan;[2.85998561 2.73014155 0.65255921];[ -73.4633971  -182.97371356    7.07833329];[[-0.377739   -0.65944167 -0.64996149] [-0.92485657  0.23521281  0.29885658] [ 0.04419922 -0.71401094  0.69873801]];-205.97845601442933;-121.01292109801682;-9.765449552979177;-204.5235864737757;-119.1038787453564;-10.512500404806566;236.9095692897305;239.09541070404262;238.08443139937245;238.74171766156485;238.07497497410031;131.33192370280867;1262.0264365924431;295.78440118893843;1290.0712589001905;126.94882963691825;1248.6761441691876;298.288006257223;0.018694266654274136;53.49233636674197;4.450637065875473;57.53182421731627;56.04835933544186;-239.0919865155431;-229.40903562052665;120.18143449919037;91.48024083051308;1302.8611640648435;39.995946879883455;39.990652786963004;32.70806315384014;30.081099513426974;-857.2031013193815;-829.8723735307879;46.27247630840111;-85.82338441239546;144.97180542768544;-91.44438759024357;19.188159339745575;nan;46.27247630840111;144.97180542768544;27.084316968655536;nan;85.7400762432356;265.1532399268758;391.4305051588939;865.8303657148255;-98.04587982961998;-86.37690775541284;-438.227750817685;nan;829.6582559765786;nan;604.2650744633066;622.8490599214527;
440.366666667;-33.870207088535984;-184.6304027510198;9.039587149582914;-34.637403329488656;-187.1513348762456;7.705508301556183;10.867881901008385;10.873825508410636;62.447597686036865;8.602293489983413;63.799298529742636;7.418940287234078;nan;nan;nan;nan;[3.84741727 7.01384499 0.98208898];[ -34.44363753 -186.23226295    8.06284097];[[-0.56465183  0.74087084  0.3637014 ] [ 0.59624176  0.061475    0.80044775] [-0.57066985 -0.66882825  0.4764501 ]];-263.79244509727147;315.26423603861736;-37.89973068176036;-260.4850635385377;310.5029571661554;-40.76788372569798;407.34085859274586;412.8127689415142;410.0190017429381;411.8054360880109;409.99378468003204;-463.6654234365915;-2103.5947585942577;1057.1239322224442;2377.2011947406304;-477.182808468473;-2070.209167324615;1066.5908733453257;0.011667099297549699;85.71110731953897;4.7834381972401445;-375.5376588081177;-361.3458336400773;-687.092571356782;-745.6830231579854;40.33543883130249;83.19672762576313;2399.5015193479894;-73.29464289984466;-180.3842033751506;7.616838618106186;-74.20004610468756;-183.82168472060192;6.8365196650944435;6.205777386660869;6.20848737738257;32.60517125907267;12.315431618619261;35.52946823544386;11.712971061796818;nan;nan;nan;nan;[3.32012925 2.76705715 0.61685589];[ -74.31632994 -183.44407444    7.02641043];[[-0.4436651  -0.64796358 -0.61911588] [-0.88644784  0.21569129  0.40949663] [-0.131801    0.7304933  -0.67008062]];-205.3790672955714;-115.72271099302226;-8.572866791866101;-203.6437011436979;-113.87919687831828;-9.596454964581884;233.51942198678415;235.89362256704712;235.0244698100535;235.4081555932931;235.01615193380485;156.25052349017764;1277.0663689439057;276.73967580819794;1298.4874271692806;148.41400862208954;1258.8522092318742;281.66291178188425;0.019374226619819804;51.61496350914991;4.553256186883537;56.48461319754035;54.77631682437868;-263.38101794634576;-248.92703313196114;119.18721140657915;91.31646085231031;1316.015799656278;39.67796065277863;40.134264794208086;29.058550371945124;26.236944310454696;-894.120002888481;-856.2626502773655;47.93922386868639;-86.25502949891329;148.58354437482546;-91.7904112354181;17.386968058795606;nan;47.93922386868639;148.58354437482546;30.552255809890784;nan;88.27466269998888;267.7707557814046;377.14648949581056;856.5552901059575;-91.62092109365494;-88.7765020298315;-446.09642109694;nan;823.2429105927508;nan;594.0999852949986;610.9399757786068;
440.370833333;-34.32533403230901;-179.05668338683626;9.310186949138298;-35.73235220890003;-185.8196182960836;7.5382552092395265;12.596526323802708;12.605978993322442;59.236508245535134;8.846317170402601;62.24117176590943;7.3771437931868435;nan;nan;nan;nan;[4.90657506 6.72276946 1.04172131];[ -35.75401776 -185.60632319    7.86761881];[[-0.74509635  0.64603588 -0.16573793] [ 0.22272524  0.47524771  0.85119509] [-0.62866914 -0.59730834  0.49799383]];-265.6098927200689;306.398117029832;-33.609609765361085;-261.58370032271506;301.38648822242914;-37.2822289850637;400.81144214663726;406.8882243304333;404.08022185945913;405.58694134257973;404.05679576555747;-408.94828034120275;-2151.7176627852614;1002.3326509991513;2379.7659806971424;-428.896594187339;-2108.1435048530648;1017.3813431175984;0.011979166098639787;83.4782648279289;4.840263469759786;-377.94047540142134;-361.0081822308623;-467.26173927047563;-552.5921056672671;41.241221345702996;83.88293760628903;2408.6922467586182;-74.67597774562952;-181.27385498574307;7.3990002660466985;-75.05707699613095;-184.31490571328587;6.798342392508836;7.193652519833842;7.198046067230958;32.928163283426606;12.294686128471568;35.76703762043905;11.795336921446282;nan;nan;nan;nan;[3.83237178 3.05489665 0.64868459];[ -75.2050267  -184.07674756    6.9119834 ];[[-0.5021531  -0.62505322 -0.5976209 ] [-0.85164152  0.23743791  0.46725792] [ 0.15016322 -0.74359378  0.65155146]];-204.67740280083817;-110.37243506402193;-7.458582657393469;-202.67272203155528;-108.5752649534103;-8.736486353238316;230.0894317633551;232.6597173868211;231.95095438944782;232.01720328091696;231.9437890531888;180.4242961229439;1290.8580321152238;258.201060401489;1306.398658401761;169.35347996979925;1267.9008894305764;265.3755604368886;0.020103984668243438;49.74138293985148;4.662994379019597;55.338551443023874;53.421911664553015;-286.540339191033;-267.5231581270846;118.15659028424744;91.16530350615764;1328.7344254215366;40.456679702070936;40.26299864892253;25.260755055637407;22.27357428808272;-928.3787178375466;-880.2972378523715;49.53439718472226;-86.64043341097488;152.18705847530242;-92.16419515487135;15.536261416268188;nan;49.53439718472226;152.18705847530242;33.99813576845407;nan;90.77561853042525;270.34364875954986;358.95077299428425;845.967100824208;-86.68722170797463;-93.3966666109617;-451.55775918021715;nan;810.5085321745019;nan;581.1145377628451;596.4989733605503;
440.375;-35.21234445847851;-179.77978308800135;8.944040387081643;-36.835352908551904;-184.5244187716016;7.389356686434928;14.299593868405355;14.313703538366024;58.837394546339766;8.611015114532924;60.67110761068251;7.355150473906651;nan;nan;nan;nan;[5.24163756 5.96290977 1.10065267];[ -36.85846219 -184.57177088    7.8181048 ];[[ 0.74603495 -0.42134703  0.5156535 ] [-0.03056683  0.75187845  0.65859279] [ 0.66520487  0.50709513 -0.54804836]];-267.20233780706343;297.33679470576726;-29.545304062207695;-262.79614193674183;292.7894911857607;-33.782218973303365;394.87812890107375;400.848080708375;398.46308567656405;399.2123788470067;398.4412900190044;-355.66420625110317;-2197.2923499284316;948.7326298643286;2385.826427350252;-381.593047517746;-2146.3620673000896;969.3731807638748;0.012293481487378214;81.3439220636323;4.898230622655724;-379.4398595173713;-361.3275684623375;-253.44498222651177;-363.2203151368036;42.14338462962741;84.55529849386721;2419.645490899756;-76.35732013250367;-183.40653975788007;7.261251240354994;-75.91139628246039;-184.78595722078734;6.764970360403068;8.167512016603194;8.1741939342269;34.378460892560334;12.411549632463958;36.000036052735794;11.881774485672638;nan;nan;nan;nan;[3.70600239 3.08256429 0.64008184];[ -76.14815404 -184.55095195    6.81887529];[[ 0.50155467  0.62818437  0.59483384] [-0.84655228  0.21466066  0.48710372] [ 0.17830352 -0.7478671   0.63945497]];-203.87656597670733;-104.9672944325998;-6.420488358002826;-201.8130598802983;-103.53106423880305;-7.858762966216359;226.9558383387112;229.4014161371068;229.0159581374187;228.57486743464867;229.009884101645;203.85324160110764;1303.4014261063985;240.16855496881166;1315.3988584664417;189.95842751523787;1277.4929343782055;249.4027972668265;0.020839264610220166;47.98633822757698;4.772397573150033;54.09834607954238;52.1895415060063;-308.56995024960514;-286.1698972997273;117.14041712051974;91.01768145942675;1340.929661273581;41.33877316117368;40.376213432676295;21.325752982500433;18.567657391943385;-959.9792461665785;-905.2869147421882;51.08211128114862;-87.01853717469305;155.72150512570195;-92.53021541899936;13.669497882991154;nan;51.08211128114862;155.72150512570195;37.41261339815747;nan;93.22549591077603;272.8619222462217;329.69342344965185;843.3978078241383;-80.42582973509961;-106.0023324126289;-459.1401055475339;nan;788.8335289971856;nan;566.0293918216408;579.7330722479794;
440.379166667;-36.010054035625274;-177.55502910440288;8.934506220455432;-37.945455478043314;-183.2665717698863;7.257861495621154;15.976417501654465;15.996498172218523;57.08933862823834;8.67296680651354;59.09292257156343;7.351905081026255;nan;nan;nan;nan;[5.51810455 4.76578743 1.1361404 ];[ -37.94176326 -183.37965403    7.78433603];[[ 0.71068087 -0.37985106  0.59215359] [-0.00893035  0.83676895  0.54748331] [ 0.70345785  0.39437405 -0.59128348]];-268.5757514791106;288.0908866374559;-25.701849988598227;-263.8690533836234;283.91349587710346;-30.38418856779041;388.7890808518811;394.7022654342902;392.6939849314014;392.6899943478325;392.6739317795504;-303.8132011662925;-2240.3188200237673;896.3238688179761;2393.2444299369004;-334.5717726343024;-2183.2591639437696;921.4445471301528;0.012649775333082942;79.052787394943;4.96723701616965;-380.060869801977;-361.0083426743678;-45.642300224891606;-175.19640660684746;43.092586052105986;85.19345295944579;2432.021248749365;-77.6202647719632;-185.018936805713;6.658755013309531;-76.7625842801233;-185.2345998045096;6.736081717815221;9.127129213839725;9.13681313669741;35.68064841305727;12.004859447184726;36.22806146078471;11.971905905561846;nan;nan;nan;nan;[3.87137969 2.89291947 0.55236393];[ -76.79598389 -184.37906151    6.88801646];[[ 0.55371985  0.59857525  0.57887996] [-0.80386854  0.2028938   0.55913278] [-0.21723189  0.77494631 -0.59352214]];-202.97966026965634;-99.51249022033979;-5.4564751021357045;-200.86824936281155;-98.36737277227304;-7.019715340073389;223.7710214296204;226.12662672400734;226.0319724525404;225.0872001350848;226.0270145942829;226.53735992466872;1314.6965509174295;222.642159510166;1324.1185364032053;210.34558197572105;1286.2746160619029;233.54281548501174;0.02163193587563761;46.22794768572809;4.889401885865333;52.768704232871336;50.87355563318181;-329.4698511220621;-304.2612000046856;116.07768922205221;90.88012563587932;1352.5219878534967;42.33554770229098;40.47331437611262;17.26461993011767;14.716901551240872;-988.9215878755766;-928.6324146977936;52.525653626338574;-87.36282692520734;159.23678431549774;-92.94250070996199;11.7732800897698;nan;52.525653626338574;159.23678431549774;40.752373536568776;nan;95.61823967844455;275.31447353754993;299.3652155418232;837.6716783375344;-74.95342258436547;-130.42504734294067;-463.75481763080586;nan;763.1200331726291;nan;548.9974625503853;560.9875126762072;
440.383333333;-38.324763416095976;-179.28498038906304;7.960184635717837;-39.06173484664353;-182.04686851814506;7.142839080875722;17.626363692127384;17.653901504833886;56.00505175159725;8.037889502701995;57.5103287450286;7.366375471880261;nan;nan;nan;nan;[5.62812031 3.69667586 1.12828174];[ -39.00056446 -182.01386103    7.80012463];[[-0.67992691  0.41755738 -0.60278125] [ 0.07757452  0.8583812   0.50711332] [ 0.729165    0.29803952 -0.61602829]];-269.7361048570654;278.6710103959304;-22.0742839608307;-264.87509735958497;274.619571485431;-26.967193978037425;382.4943866191247;388.4615454725653;386.68307135241025;386.02843367292274;386.66488179489374;-253.3952650867709;-2280.797073071269;845.1063678600934;2402.508988461593;-286.55531230220225;-2220.1228583795923;872.3474000251064;0.013056911131620528;76.58779246634019;5.048648999314484;-379.8285649012483;-360.24574074476004;156.14630673438506;16.64470170862628;44.11285103272553;85.8192730329292;2445.4957006497766;-78.07433189129895;-185.0192621365846;6.628506025830191;-77.61023423659401;-185.66061569719594;6.711363400414867;10.072302578556867;10.085818397347333;35.57832185523596;12.03462727511536;36.45073138606047;12.065364069777525;nan;nan;nan;nan;[3.97344717 3.00096691 0.55120563];[ -77.55818654 -184.53958435    6.8893802 ];[[ 0.57032247  0.58409416  0.57755198] [ 0.79397771 -0.211769   -0.5698713 ] [-0.21055089  0.7835738  -0.58453436]];-201.98978912616266;-94.01322354882583;-4.564434098233643;-199.84086024127268;-92.9907836123338;-6.184651288329876;220.50375318884258;222.84343196942172;222.94735069424289;221.5602913803231;222.94355058350968;248.4766510936271;1324.7434065483162;205.62187402555196;1332.9851014017383;231.09359116254774;1294.6812688070022;217.3601731755172;0.02250098514392025;44.44249856634386;5.016449519612384;51.354333028786186;49.46902463145035;-349.2400418084037;-322.40460452396786;114.94321099072043;90.74774535359458;1363.439068829158;40.18312517767678;40.55375285894801;13.088431676072613;10.676912152405148;-1015.2057429645412;-951.3585691973955;53.82955647655989;-87.68875242248494;162.7498201908967;-93.4135681891038;9.843330336765185;nan;53.82955647655989;162.7498201908967;43.9862261397947;nan;97.94240750928542;277.69303118161713;271.4572539805612;825.8551836222133;-68.9609675025209;-183.16692276831648;-463.77437246112027;nan;735.231626441681;nan;530.5937203153928;540.4683466688089;
440.3875;-40.6024755968094;-181.65924787620412;7.169372827582606;-40.18329082329207;-180.86605600370584;7.043379567874917;19.24883412121676;19.28549526485465;55.42493997361073;7.589556649747164;55.92693381652946;7.397552609505138;nan;nan;nan;nan;[5.52128726 3.93170594 1.11307431];[ -40.10608388 -180.84251244    7.77126812];[[ 0.70578307 -0.38754741  0.59302383] [-0.00332879 -0.8389032  -0.54427047] [-0.7084202  -0.38216283  0.59337374]];-270.68936906178357;269.0877835522235;-18.657642395203215;-265.73045419272245;265.1800768990729;-23.696756901559578;376.1577910363155;382.13751111329293;380.6189496795071;379.23672209770405;380.6027077930831;-204.4103980125383;-2318.727109070937;795.0801269906814;2412.8275607588025;-239.5087068928162;-2255.074677480939;824.0210047468704;0.01350883035174595;74.02565388429466;5.141497410991896;-378.76800346119495;-358.86442170963204;351.92083865131855;204.37835466707892;45.17285477717543;86.40275755317784;2459.7624733887674;-78.19758067289882;-185.10185201564394;6.927534946131459;-78.45395233037387;-186.06380880292943;6.69051113050307;11.002855881630392;11.021157757923486;35.563893048301615;12.34848476263906;36.66768298306184;12.161792604560985;nan;nan;nan;nan;[3.92945887 3.00147868 0.52550556];[ -78.49843456 -185.17116202    6.76937375];[[-0.5695685  -0.58531647 -0.57705835] [ 0.78768217 -0.18810324 -0.58666342] [ 0.23483722 -0.78868358  0.56818103]];-200.91005599270386;-88.47469553964186;-3.7422565547381788;-198.74349286402676;-87.57256058460605;-5.398313657293946;217.24886907296084;219.56007568304673;219.86871506137157;218.00026141706869;219.86607568191647;269.67111510798287;1333.5419929990594;189.10769851496963;1341.370592957784;251.32127747355662;1302.1141065620952;201.52304243677187;0.023421605803612276;42.69562080349639;5.149616554209031;49.85993959306245;48.004313718347966;-367.88052230862996;-339.7073622092494;113.77198784154322;90.62730979626309;1373.615113142366;37.753171184736225;40.617026409972276;8.808263997948695;6.560448449473169;-1038.8317114334714;-972.0296129774728;55.0203637558515;-87.98743878007649;166.21738163497085;-94.02937610448551;7.9086566095165995;nan;55.0203637558515;166.21738163497085;47.1117071463349;nan;100.19321853302694;279.98936947651407;242.0982709871486;812.3448370541267;-63.92746774234541;-305.90896109671036;-461.67628648297756;nan;703.774557470126;nan;510.78087632742165;518.3666467343513;
440.391666667;-42.48394112730601;-183.24259212947283;6.405382650999769;-41.30924809659865;-179.72483697401748;6.958593763893774;20.84326730606548;20.890907762498653;54.89341994871712;7.103740883150701;54.346241060492375;7.444450562639209;nan;nan;nan;nan;[5.44074132 3.83714789 1.09446424];[ -41.19211197 -179.76034883    7.72768202];[[ 0.72677273 -0.3529708   0.58924784] [-0.0484319   0.82939514  0.55655911] [-0.68516841 -0.43303038  0.58568672]];-271.4415152141202;259.3518236773678;-15.446961708013742;-266.4410759695832;255.62152590762028;-20.57177359456232;369.805907659674;375.74256247133195;374.5243604810595;372.3242446909478;374.510141455692;-156.85859994359464;-2354.1089280227707;746.245146209739;2424.0040547279477;-193.49275321020983;-2288.089770360295;776.5316571558677;0.014007187209327842;71.39192080863083;5.24583366316173;-376.90424412782664;-356.8973026470237;541.681295525909;387.76599802993854;46.27232158551383;86.94504562190522;2474.533346636165;-79.81734042006946;-186.960266622088;6.554134496966455;-79.29335767099114;-186.44400469713312;6.673229417012391;11.91863834005788;11.942813280039708;37.088136620981885;12.219532498119628;36.878573019311595;12.260845873731219;nan;nan;nan;nan;[3.89973919 3.06218868 0.53668443];[ -79.37355585 -185.63868394    6.69116302];[[ 0.57137033  0.58414933  0.57645945] [ 0.775984   -0.1558621  -0.61119215] [ 0.2671793  -0.79654037  0.54234552]];-199.74356431575737;-82.90210731437175;-2.9878336800908425;-197.5816332061843;-82.12649118337622;-4.659472988758894;214.0209639802823;216.28494638514857;216.8075791215833;214.413252814215;216.80609745690066;290.12075196773606;1341.0923102696593;173.09963297841887;1349.2344552586399;271.00426348444506;1308.577517678197;186.05156451236962;0.02439218764557323;40.99673282816366;5.288375011873158;48.29023105147557;46.486631668264415;-385.39129262274116;-356.1553661821351;112.56498734944424;90.51847670820227;1382.990281355585;37.5183412945939;40.66267870704841;4.4351926733293805;2.38446331924063;-1059.7994932823683;-990.6466126783447;56.09170025972917;-88.26342715167209;169.63194672107556;-94.93995921217171;5.978543899592697;nan;56.09170025972917;169.63194672107556;50.11315636013647;nan;102.364021845243;282.1969340705198;211.4714636323213;796.5310908841652;-59.75894187363941;-710.9053478194485;-457.2197965490145;nan;668.6912601813367;nan;489.9002921853479;493.92501642381507;
440.395833333;-43.47580314821927;-181.21244475281225;6.706784111429414;-42.43875623484325;-178.6238699366493;6.887613157806088;22.409140138694752;22.469817290677078;52.8856044426214;7.502371003352564;52.77164934031865;7.5061065057226495;nan;nan;nan;nan;[5.27341154 4.18390875 1.05069424];[ -42.27281593 -178.73962316    7.67469348];[[ 0.76189691 -0.32654555  0.55935776] [-0.10040668  0.7936219   0.60006898] [-0.63986843 -0.51335395  0.57187072]];-271.99851443493077;249.47374834239582;-12.43727831556038;-267.0055481698666;245.95443896451997;-17.596263944041873;363.44900234370033;369.2898981270852;368.4124644243106;365.3007275193904;368.4003400792552;-110.73987087994007;-2386.9425299267705;698.6014255172673;2435.784460507576;-148.5756174099168;-2319.0847703745067;729.9431839386324;0.014554518102234036;68.70718720989503;5.361889418552695;-374.2623455471531;-354.3432102155886;725.427677358156;566.5291030006938;47.411876488342344;87.44644002013577;2489.5384937595313;-80.98352017089653;-189.03268545598735;5.957720915419628;-80.12808229900114;-186.8010506265701;6.659231555506881;12.819524726770979;12.850801683303018;39.02869642053535;11.813078444967205;37.08307787535662;12.362188978684896;nan;nan;nan;nan;[3.67805158 2.70202013 0.48630711];[ -80.23316516 -186.16901955    6.60312935];[[ 0.56733561  0.58656293  0.57799155] [ 0.79856726 -0.22051976 -0.56005479] [ 0.20104882 -0.77930416  0.59351866]];-198.49341754180074;-77.3006599945995;-2.2990566827331778;-196.35613616235761;-76.65924508338207;-3.9689329077040516;210.8272385006032;213.0265582143568;213.771517313197;210.80542223819444;213.77118597104302;309.8255616728866;1347.394358360115;157.59767741589982;1356.4994975564211;290.1104027292886;1314.0381922774407;170.969208734523;0.025411604473441974;39.352099984285296;5.432268825714753;46.64991452980102;44.918361287475356;-401.772352750737;-371.71025282596923;111.32216958888066;90.42109831277936;1391.510137776032;38.321613961059185;40.69029957711275;-0.01970652020185415;-1.8430561730116855;-1078.1090885112312;-1007.1348721008013;57.037849347409235;-88.52016767792888;172.98692194374908;-96.57861744695577;4.0613542221619525;nan;57.037849347409235;172.98692194374908;52.97649512524728;nan;104.44972583575158;284.30909153262974;179.80271344902096;754.2294956920739;-56.48805766380322;-5773.050817299978;-436.4261416650104;nan;616.2288551140317;nan;468.2542066691344;442.92628349124107;
440.4;-45.06717538324782;-181.8629846920959;6.49056542816632;-43.57098968597603;-177.5637691592915;6.829589920084421;23.94596934515389;24.02195547464601;52.01384252910307;7.507260404193867;51.20645310838461;7.581580718897501;nan;nan;nan;nan;[5.04932055 4.61816216 1.0059365 ];[ -43.31458222 -177.64797996    7.63132832];[[ 0.38620686 -0.80587428 -0.44878826] [ 0.72584396 -0.03472464  0.68698235] [-0.56920542 -0.59106754  0.57152808]];-272.36633784507063;239.4641751183403;-9.623628634141161;-267.4274072207294;236.19002220494949;-14.76842192316483;357.10117755067256;362.7935051573142;362.296918082226;358.17621959040974;362.28695445345846;-66.05421082157443;-2417.2279147829368;652.1489649132652;2447.9605592646226;-104.77930620127277;-2348.0409233521104;684.2777352588005;0.01515312649786132;65.99298172170198;5.4897800493581785;-370.86736636518407;-351.21913147227076;903.1599841480596;740.5793753560166;48.592561823453615;87.90816348190162;2504.5263470785385;-80.97959102935835;-187.3455601771244;6.378694509517871;-80.95777118598619;-187.13481550934324;6.648239628182087;13.70541544684138;13.745174909996095;37.3086694083898;12.20437708556501;37.28089354476785;12.465497758396369;nan;nan;nan;nan;[3.36453172 2.21682858 0.40486808];[ -81.02527763 -186.56594434    6.53839349];[[-0.55227644 -0.596937   -0.58194239] [ 0.81703795 -0.24886369 -0.52011139] [-0.16564941  0.76271429 -0.62516173]];-197.16271911731147;-71.675554701909;-1.673816771106717;-195.06951369467058;-71.17671007003518;-3.3256417705466768;207.67594738595784;209.79352853255853;210.76746138197734;207.1829318904371;210.76826831170467;328.7855442234344;1352.4481372704263;142.60183182741235;1363.1197707228744;308.6300248254568;1318.490997032567;156.28342156443324;0.026478242711972494;37.76685676907994;5.580773364339457;44.943697153814284;43.30332024291553;-417.0237026926175;-386.36295157984586;110.0432700622769;90.33477842664333;1399.12514827555;36.3286766424333;40.69952499617486;-4.545357805061555;-6.11271012517574;-1093.7604971200606;-1021.4814336670125;57.85396245666358;-88.76141833395197;176.2697058117709;-100.86417044399506;2.1683789283543753;nan;57.85396245666358;176.2697058117709;55.68558352830921;nan;106.44652428011719;286.3129758740478;147.06994408337036;111.03222448263709;-53.77228984274539;24087.03502248686;-63.33164835799598;nan;210.40159244136578;nan;446.1422857914818;-209.3871461152107;
440.404166667;-46.12893782031434;-181.9886040579999;6.196584681947684;-44.70514777761745;-176.54510466975492;6.783696902800076;25.453312868020237;25.547110577615534;51.29508665360595;7.357469303250783;49.65384240604145;7.669956588007653;nan;nan;nan;nan;[4.97082521 4.78597669 0.91202417];[ -44.55341037 -177.19685893    7.47249049];[[ 0.49532522 -0.77710349 -0.38828224] [-0.66400752 -0.05048692 -0.74601949] [ 0.56013117  0.6273446  -0.54101001]];-272.5509565653964;229.33372157609486;-7.00104908001964;-267.71228768495644;226.33942423525707;-12.08389922828669;350.7783125582594;356.26814966381045;356.19139245065776;350.9610754116038;356.1836483302485;-22.80161976791728;-2444.9650825916287;606.887764397124;2460.3549628864166;-62.10428521872121;-2374.9696276084314;639.5380122359898;0.01580514114960928;63.270551685311645;5.629532837042372;-366.7443652278682;-347.5496373524686;1074.878215897922;909.9172970067303;49.81563893185751;88.3317322746873;2519.2631715506163;-82.24501301226636;-188.0494289369064;6.226656498556153;-81.78208223455556;-187.44518993489544;6.63998450386505;14.576236578754335;14.626020603581459;37.86094747805384;12.230798207469125;37.47173563414027;12.570458789417676;nan;nan;nan;nan;[3.0667412  1.73388767 0.33429246];[ -81.74125604 -186.8626747     6.48417431];[[ 0.51900329  0.61058059  0.59818637] [-0.85100945  0.30351005  0.42856103] [-0.08011547  0.73148684 -0.67713257]];-195.75457248874736;-66.03199255780706;-1.1100051536457207;-193.72494071865512;-65.68422411829425;-2.7277571209638096;204.57568431604895;206.59455172595344;207.80169549836242;203.55194056856843;207.80362382441808;347.0006996196231;1356.2536470006376;128.1120962127623;1369.0661627511108;326.5639482291906;1321.9439476732653;141.99417212349644;0.02758989842434605;36.24514975080785;5.733280873526712;43.176286049266345;41.64582843868861;-431.1453424485679;-400.11806197554256;108.72797615385836;90.25902964971236;1405.790222520795;36.62110579703537;40.690037089317556;-9.130685403729167;-10.41483311671597;-1106.7537191090153;-1033.7021511557912;58.5362052928266;-88.99090149179669;179.2721677412202;-144.68737425807333;0.42446970826536556;nan;58.5362052928266;179.2721677412202;58.11173558456124;nan;108.3518442246841;288.00014389507857;113.42207128087124;-620.8193241704392;-51.56554761276908;28587.22522216195;364.317421537925;nan;-250.8953502570537;nan;423.79805143949176;-950.804346287842;
440.408333333;-46.89785638694336;-180.4217086846711;6.372627406699337;-45.840454717073634;-175.56840225595803;6.749127639622734;26.930771175091618;27.0451307663482;49.73229330267981;7.609498390941516;48.11690286359458;7.770340604600307;nan;nan;nan;nan;[4.87350555 4.81885137 0.85462451];[ -45.8344284  -176.77447314    7.30569476];[[ 0.470117   -0.76079771 -0.44741127] [ 0.69700653  0.00903953  0.7170078 ] [ 0.54145351  0.64892613 -0.53453061]];-272.55834171675866;219.09300528696875;-4.564576069565343;-267.8383193139322;216.37313958011953;-9.56189854436201;344.45047645262804;349.7293667391401;350.08721129385464;343.6659380442979;350.081756136;19.017902279850674;-2470.1540333520916;562.8178239700788;2472.5436345164326;-20.662186177994418;-2399.596734649592;595.8024921977852;0.016516131942683435;60.546864330603455;5.781996475068502;-361.918400781328;-343.2404866915665;1240.5823726030565;1074.0593169850183;51.084831337702596;88.71531305983311;2533.5324217525117;-82.29796581558529;-186.47217098743238;6.615589653302038;-82.60068627835665;-187.73208616401323;6.634205838014239;15.431939879271896;15.493462486239032;36.241162330600936;12.599480395207399;37.655339363095436;12.676769385879982;nan;nan;nan;nan;[2.87804861 1.51445899 0.26789668];[ -82.38614487 -187.00939       6.44366697];[[-0.4250821  -0.64730977 -0.63268892] [ 0.90265041 -0.25119061 -0.34946462] [-0.06728634  0.71964807 -0.69107106]];-194.27208110262438;-60.37517468403171;-0.6055130388070765;-192.31094581990527;-60.1713533038494;-2.181828714470378;201.51638151054246;203.438368701954;204.87400148798412;199.91859431393692;204.8770332965795;364.4710278609555;1358.8108875506446;114.12847057234507;1374.1482946520257;343.8475915356092;1324.2477009181478;128.142093408963;0.02874663271099369;34.78668301966255;5.889524827094795;41.35238834198094;39.93605016801721;-444.13727201820245;-412.8568521980908;107.3731086406124;90.19409774323356;1411.4642985465039;35.91427115075889;40.66156413069645;-13.764613538495983;-14.762742279338594;-1117.0887544777406;-1043.486520509518;59.079545324032246;-89.20952074931083;177.19497434913168;99.86112141124873;1.6406151920346221;nan;59.079545324032246;177.19497434913168;57.43893013199762;nan;110.16437666173485;284.5680829897441;79.61152586546227;-738.6254830614108;-49.98279953090615;-992.7353319376786;435.0662387291863;nan;-355.454712863724;nan;401.40379061236115;-1077.9208015464865;
