

Insect numbers for this group are 46-47;
dt;xt_46;yt_46;zt_46;xt_avg_46;yt_avg_46;zt_avg_46;xxt_46;xpt_46;xp_46;wd_46;xp_avg_46;wd_avg_46;PCAsigma_46;PCAmu_46;PCAwt_46;vxt_46;vyt_46;vzt_46;vxt_avg_46;vyt_avg_46;vzt_avg_46;vavg_46;vv_46;vv_avg_46;vvt_46;vpvt_avg_46;axt_46;ayt_46;azt_46;aavg_46;axt_avg_46;ayt_avg_46;azt_avg_46;curvature_46;curveRadius_46;vxp_46;vxp_avg_46;axp_46;axp_avg_46;thetaToR_46;psiToR_46;aa_46;xt_47;yt_47;zt_47;xt_avg_47;yt_avg_47;zt_avg_47;xxt_47;xpt_47;xp_47;wd_47;xp_avg_47;wd_avg_47;PCAsigma_47;PCAmu_47;PCAwt_47;vxt_47;vyt_47;vzt_47;vxt_avg_47;vyt_avg_47;vzt_avg_47;vavg_47;vv_47;vv_avg_47;vvt_47;vpvt_avg_47;axt_47;ayt_47;azt_47;aavg_47;axt_avg_47;ayt_avg_47;azt_avg_47;curvature_47;curveRadius_47;vxp_47;vxp_avg_47;axp_47;axp_avg_47;thetaToR_47;psiToR_47;aa_47;xb__46-47;xb_avg__46-47;vxb__46-47;vxb_avg__46-47;axb__46-47;axb_avg__46-47;phi1to2__46-47;psi1to2__46-47;phi2to1__46-47;psi2to1__46-47;phiO1to2__46-47;phiO2to1__46-47;phi1to2__46-47;phi2to1__46-47;phiE1to2__46-47;phiE2to1__46-47;alpha1to2__46-47;alpha2to1__46-47;dphi1to2__46-47;dphi2to1__46-47;dpsi1to2__46-47;dpsi2to1__46-47;dphiO1to2__46-47;dphiO2to1__46-47;dphiE1to2__46-47;dphiE2to1__46-47;dalpha1to2__46-47;dalpha2to1__46-47;
447.670833333;-133.14833032579105;-322.3839408399712;20.287540206904524;-134.68917917168295;-322.0745134918852;20.71655984197905;0.0;0.0;177.4320155839277;34.89198018442632;177.56485198570084;35.51529548359042;[nan nan nan];[nan nan nan];[[nan nan nan]
 [nan nan nan]
 [nan nan nan]];;;;;;;;;;;;;;;;;;;;;;;;;;;;-198.0482164978178;-329.5574347482223;26.21944542017242;-197.89636132203327;-328.2506826919837;25.9989194319772;0.0;0.0;210.64315871427883;49.419266311362165;209.4459338124443;49.16099024779623;[nan nan nan];[nan nan nan];[[nan nan nan]
 [nan nan nan]
 [nan nan nan]];;;;;;;;;;;;;;;;;;;;;;;;;;;;65.56402778546281;63.747456943905526;;;;;;;;;;;;;;;;;;;;;;;;;;;
447.675;-135.17964311147762;-324.1203114051695;20.458413143844624;-134.87142840819615;-320.7339692668953;21.027912266433223;1.3882413102832454;1.3882413102832454;179.65305834317792;35.354817316317515;176.34381805235103;35.82766370460915;[nan nan nan];[nan nan nan];[[nan nan nan]
 [nan nan nan]
 [nan nan nan]];-208.3890368497233;6.075111839275974;28.909812632256408;-216.66966355721343;69.4988942653668;35.450227696201125;230.2879893824626;210.47250397485945;237.16206717547277;125.4389130318466;253.05718774063757;-18596.538390883587;33240.289514928096;7345.019441248713;10895.979886441228;-10776.935391646955;-1562.6928177121054;-371.5271288480285;0.09680176945838465;10.330389677741406;59.22569222236391;2.630503977510231;-25624.03165300702;5072.112897232105;72.43478121682358;92.82681782395653;38790.42920298984;-199.02086894922095;-330.1831202341461;25.757623985112033;-197.39716675799315;-327.1645573044292;26.046518566070432;1.1962981433672895;1.1962981433672895;211.6633523065309;49.09893137421887;208.26580436617672;49.12610307651275;[nan nan nan];[nan nan nan];[[nan nan nan]
 [nan nan nan]
 [nan nan nan]];94.6980089154667;228.46093995149747;-6.74378546570099;115.29785750828776;274.70212664469784;-8.667817297269906;298.04359645162634;247.40168273171253;298.0896091527321;247.1323390174502;298.1371925434214;18810.413803559295;42339.608671198126;-118.86595616838238;10684.765852744624;3895.3164208596118;9883.350764199578;-1144.5999218742763;0.009762319675407333;102.4346705751853;-243.4722742137396;-293.5139098512511;-45747.47598940314;-10459.049701598335;22.826418398178816;-86.03631056212133;46330.20892470555;64.34703880445991;63.096747135725806;-292.74956097235355;-321.69360727024673;-35641.00372505761;-14374.97996223897;23.19957464735424;-99.1570207082605;62.010591182593764;94.28162591651957;nan;17.720868950013273;23.19957464735424;62.010591182593764;nan;44.28972223258049;95.63435586417782;84.83700958077259;;;;;;;;;;;
447.679166667;-135.12227223107874;-321.8356571660258;20.809220793208937;-135.5782877770931;-320.9972004807149;21.084610969751235;1.4444995911752887;2.1446509759302894;177.4531871490201;35.66052284233102;176.81302260026482;35.98084113876873;[0.76860421 4.75911494 0.93622439];[-134.29081463 -319.08995927   21.22562876];[[ 0.30988331  0.68556031  0.65877113]
 [-0.9411958   0.12308642  0.31464298]
 [-0.13462096  0.71753522 -0.68338891]];-250.534589892598;81.11453546834683;41.22369436051569;-212.7337279264349;76.02969796699468;34.3219722206829;228.50416133529865;266.5455712887145;236.691905627088;249.94226191641138;254.30159727092087;-1633.3270697138232;2778.6338270550104;-1434.3562116787523;11710.46974866405;-11091.570781683939;-3699.347908406159;-653.4404195043485;0.14356026611453046;6.965715702994124;2.1250878775648516;-4.3578180599068475;-1784.258432521008;7194.461276027761;70.56557252880282;93.07277841379613;3527.880525683337;-197.05764022444217;-326.4220188229377;26.105627974428714;-197.16587656289022;-326.580168046569;26.019451282499553;1.823361928079873;1.8253757195795273;207.46037076872847;49.12881652510942;207.64845006380546;49.0600261506269;[1.46324961 3.01100824 0.20864553];[-196.97239339 -326.52731422   26.14389107];[[ 0.60267417  0.58364997  0.5441843 ]
 [ 0.24234262  0.51587103 -0.82167337]
 [-0.76029856  0.62708037  0.16945888]];134.69061663691122;320.2665690483175;-9.608095566792299;114.55213985917756;273.03973282401404;-9.342155264489703;296.24342070653887;347.56949371375026;296.313886396591;347.4544728297366;296.36599307833615;386.0379027525215;1727.0932953163594;-1256.0028923566429;9586.313612536142;3414.8395032275757;8881.13054848008;-1166.961878531638;0.010400372678792822;96.15040065238034;-342.3382227455225;-291.7247780176036;-1708.1793058975445;-9358.321946986378;22.828013685272225;-85.70139457802895;2170.1197613718323;62.330381442364164;62.18634101123266;-372.8649742580362;-317.4620168784573;-2814.3946521054822;-14193.018652983335;24.222509677415697;-98.32869137643421;62.8228643139441;94.11596773241897;nan;18.44934253655853;24.222509677415697;62.8228643139441;nan;44.37352177738558;94.78808220621852;85.65087799921633;374.0632827788116;208.6743128467989;417.2363319998343;-56.00285123609842;nan;285.1545334985114;nan;-76.48022065171254;-226.6950610441982;205.25700192660247;
447.683333333;-134.01255602100085;-315.58957630446633;21.79164956424698;-136.6080037152756;-320.6833433349014;21.268827371701807;2.433565585547683;3.2367850812822407;171.18761516853078;36.394063057448676;176.83736548753694;36.29418878681032;[1.75115857 4.24720794 0.95175766];[-135.21827422 -318.56915724   21.55700787];[[-0.29485053  0.63336701  0.71547843]
 [ 0.88962684  0.45523725 -0.0363747 ]
 [ 0.34875097 -0.62578372  0.69768724]];-253.7678507782687;92.05582087413364;36.716027453000635;-215.4491060006116;87.58371696474681;32.6749236806628;234.8550092958649;272.43432771470214;243.71702111151436;266.51268025062404;259.19529630689783;81.36184459112344;2473.1831677283203;-729.3239039304002;10033.325502657273;-9458.141594323693;-3268.8211371043717;-725.2493347922393;0.12369297621209986;8.084533419951603;-6.089114927656136;-13.547977578391192;-2158.5589139888616;6283.892495303523;68.10376957009309;93.237083058828;2579.761246265677;-195.679062035851;-323.9856190287291;26.332484880844092;-196.6080166836983;-325.26071613816845;25.99032035385631;3.2557343018441682;3.258208436402203;204.68195626128278;49.13553177278408;206.23686874773074;48.93784610619975;[1.26128879 2.76507593 0.1964702 ];[-196.82546866 -325.84333697   26.08914376];[[-0.6399347  -0.59613371 -0.48487955]
 [-0.18095237 -0.49635035  0.84905392]
 [-0.7468198   0.63107917  0.20976001]];135.92123290952;324.9557498054309;-13.451163291267688;117.39973027183635;280.3662434278015;-11.263556098524791;304.16244807290366;352.493623603523;304.2565070557684;352.3661016342826;304.3026035623056;204.65790810026326;523.7134680995233;-588.6696153932367;7966.7522677225315;2803.349213395217;7379.845495956179;-1071.5667682574972;0.008889259557035314;112.49530892689035;-347.08479722241765;-299.4689360710042;-570.1764430143253;-7760.52198473109;22.814535109736656;-84.94614602441933;814.0593173129508;62.400886875746004;60.65716746095841;-379.2218512905716;-323.44602409545536;-236.90632351411247;-12019.253731581432;25.7358051839876;-96.46607470722317;63.681058911556384;93.87189304268578;nan;19.589495445516132;25.7358051839876;63.681058911556384;nan;44.091563466040256;93.8395747540807;86.49559402129304;386.48211992908494;218.04361194115265;359.752780439076;-49.95298016342015;nan;302.6153651414476;nan;-84.57175320029496;-229.72410694708603;214.52781823908893;
447.6875;-133.99127143835716;-311.52031065324326;22.78132006923518;-137.66607602619618;-320.3212460184793;21.428141756088554;3.527351773810156;4.366392338150492;167.32725119060626;37.31083172618259;176.83073166591117;36.585857183477714;[2.61816829 3.86962013 0.99929332];[-136.2858201  -318.28060685   21.84107809];[[-0.42834118  0.56620569  0.7042265 ]
 [ 0.80032478  0.59954791  0.00474935]
 [-0.41952841  0.56564426 -0.7099595 ]];-255.9998435163036;97.32585377959806;32.340649791118494;-216.96448112771998;99.60106686121121;30.907708526185374;240.72649425697176;275.7791858048961;250.79088199633532;272.8490449107701;264.2748020364339;-1152.7183588492182;56.432626896748204;-1370.857373774878;8474.84958379979;-8057.1259337793745;-2527.175599907843;-720.5419089003647;0.10109955709567708;9.89124016689445;-9.327431391529288;-23.44245026601888;604.1670113289683;5153.706286656232;65.55925299694896;93.37317549961568;1791.9805231752543;-195.05617924742074;-322.48837826429866;26.30427306807185;-196.04345475758365;-323.91127997116877;25.939383819443023;4.718815868325044;4.721869144272413;203.08494526974374;49.00302526185595;204.7956315409287;48.79271839664213;[1.85069657 4.29848734 0.18775376];[-196.07088827 -324.02736546   26.12319754];[[-0.62514359 -0.60015169 -0.49901247]
 [ 0.24732313  0.45407781 -0.85594662]
 [ 0.74028829 -0.65850687 -0.13543244]];136.09904837243434;326.24667727904466;-16.41165490787657;119.78821963688935;286.6718908184862;-13.10585542899285;310.96905633157036;353.87736268418547;311.0826500158985;353.7455686180663;311.1230615475924;-119.30648590133198;95.93171923476147;-832.3663605803846;6845.468990867918;2391.688133743885;6339.033471146755;-978.2270838225915;0.007564818824897055;132.1908723985347;-348.3645849238095;-306.0947087132528;-44.121653653639775;-6657.560563171054;22.79953609427062;-84.24062287615023;846.3277678058878;62.14203626115039;59.07913289241852;-382.05278293564834;-327.7861105902665;-1121.940866123984;-10259.929200698622;27.339703700569626;-94.85172194310542;64.56181692099918;93.6492773054519;nan;20.82563031571063;27.339703700569626;64.56181692099918;nan;43.73618660528855;92.89895669751859;87.3613530152698;394.45129952195947;222.2294216334487;308.3618554289577;-44.13254863514204;nan;319.5496257669083;nan;-97.32020413346004;-228.7312978096014;218.494313754342;
447.691666667;-136.22182635730212;-315.2325829499818;22.2501672532306;-138.72273580509258;-319.9162114942843;21.5747942671432;4.654504587634197;5.507483838918901;171.49404835458773;37.133848906136585;176.78662286313985;36.86414169632131;[3.79544105 3.62917895 0.94605401];[-137.68337127 -318.69968552   21.97124524];[[-0.42374486  0.52077565  0.74110257]
 [-0.75509548 -0.65499416  0.02852126]
 [-0.50027103  0.54751747 -0.67078575]];-256.1606400189191;106.39047730068013;27.19614489934913;-217.68784402038193;112.0563810099311;29.117042250534453;246.5612137151835;278.70564661046103;257.8246583112379;277.12256289728975;269.5677093415408;1075.5360375951923;4294.586663224217;-1098.5049742767205;7109.315782280752;-6799.872582809211;-1942.8574502656877;-727.604753759128;0.08256635095128165;12.11147142242063;-16.46633399364779;-33.935424765503576;-4030.840260347786;4218.976628812016;62.96871767946301;93.47867333446418;4561.465285916355;-196.29586321348341;-324.1627693768822;25.945687803992698;-195.47533974278667;-322.552751556459;25.87822732642918;6.192118482127186;6.1956717905752985;205.13896746236023;48.83597197634705;203.34449543754656;48.63685609351166;[2.24532262 5.23915547 0.22167475];[-195.36562344 -322.37199128   26.06628542];[[ 0.70625926  0.70737954 -0.02849641]
 [-0.05931389  0.0190137  -0.99805829]
 [ 0.70546419 -0.70657814 -0.05538604]];135.50655022550973;325.99538790254746;-19.726833279001035;121.91427363314556;292.38592310677;-14.880749042113225;317.13412752106933;353.58756488169723;317.2620667104616;353.42213800486513;317.2974854098428;-165.09262462238465;-216.55061995240854;-758.9192575607941;5781.6257262352765;1996.405392884687;5351.965583766848;-893.3229739023332;0.006573736868646375;152.12047880552208;-347.9337118144933;-312.0730256918104;250.9407461261074;-5608.954711341783;22.785236828886156;-83.57929156818732;806.2928656531119;60.84648721132658;57.49698536687319;-382.3392057806431;-331.06969984859074;984.4579005262519;-8652.822210822662;28.956489516727046;-93.4681348702336;65.49808901106434;93.455618207991;nan;22.111290155025902;28.956489516727046;65.49808901106434;nan;43.38679885603844;91.92520719619006;88.28332583995049;412.34501302860696;212.84877522270025;258.27713634121164;-43.10863990311189;nan;346.6827997769698;nan;-133.83402455426997;-214.30584915457467;208.30857135445927;
447.695833333;-138.85202006514953;-319.30172136385414;22.520744047904813;-139.79940805549677;-319.5101972369834;21.697647171014296;5.801093814731172;6.66470618052469;176.16464177321362;37.809500278378316;176.75300307098183;37.12145468402538;[6.20907201 5.13631561 0.89043217];[-139.86560673 -320.34807523   21.89639409];[[-0.53656845 -0.73551023 -0.41366532]
 [-0.63721163  0.03177588  0.77003353]
 [-0.55322296  0.67676805 -0.48572561]];-242.16184048379174;126.46954706851508;28.81086641077536;-217.45128412207907;124.66966110608263;27.281296264854593;252.13459598503619;274.71252127551867;264.68404601399664;274.2727894845358;274.9296677901074;5643.8877392712875;5343.366825348567;1873.5712997619662;5952.480310753024;-5759.225911536192;-1328.3825874085112;-706.2141681263603;0.06581811019009146;15.193386700284572;-39.6570630069763;-44.79800338664589;-7100.709666062064;3325.0760208837714;60.366064685857346;93.54975212392159;7994.70495134274;-196.62045047259372;-324.1040183454348;25.95886316117455;-194.90929602114772;-321.19255766051253;25.802620028544176;7.666695606806249;7.6708834339913645;205.26429241427712;48.89085372198857;201.89259333323292;48.4669176972858;[2.39696017 5.64467708 0.32686069];[-194.8480543  -321.12070057   25.95763316];[[ 0.63771234  0.64742371 -0.41733142]
 [-0.32758856 -0.26240054 -0.90765175]
 [ 0.69714325 -0.71553372 -0.04475254]];135.0572147756373;323.53253041164277;-18.859536119975175;123.62018910819552;297.163835509949;-16.552390509731776;322.27671017576915;351.09746737932164;322.4155000662953;350.9938499454597;322.44656831525566;-50.588391318309974;-965.6209756835977;1175.2218938935803;4994.148690361783;1707.986460142911;4621.591186853056;-815.5968949260202;0.005734405408440187;174.38599624089179;-345.5630233666471;-317.02590158810204;886.9897088409048;-4834.057667157825;22.768410195278097;-82.9616856777534;1521.88355464639;58.06956406824535;55.895359701291014;-368.38645881444387;-332.95056835546467;5712.860643255153;-7354.030388847271;30.62679786324963;-92.2820398145331;66.4137287679429;93.28150606682605;nan;23.488543863765777;30.62679786324963;66.4137287679429;nan;42.92518490417712;90.99286254910697;89.18213896322099;361.82885086468485;217.5877015584218;208.1815193449308;-41.25787948429832;nan;321.69415646774866;nan;-104.10645490932727;-216.1201684073585;213.38874304508147;
447.7;-138.55113501780545;-315.5572802993133;23.06386854217955;-140.8574078052483;-319.0296241834461;21.801428807970904;6.963859278442844;7.831361467415315;172.53301415808684;38.25176702052448;176.6494034131929;37.35628281615175;[6.85409517 5.14358011 0.87580001];[-141.29640519 -320.39175845   21.96966582];[[-0.4572543  -0.7516111  -0.47539379]
 [-0.71564897 -0.0063812   0.69843098]
 [-0.52798206  0.65957564 -0.53497188]];-236.32537830650568;129.67470702604004;29.624472034882615;-216.36594522114288;137.47556192307925;25.446341081495877;257.60681018160375;271.18780101130636;271.470600500623;270.77347584674084;280.46018296380595;-2842.3858941721637;-3804.890045735228;-1483.0406001899269;5010.707920627901;-4905.2642545308345;-769.8602166986456;-672.9722920075943;0.051847807183307726;19.287218772136377;-44.5190072344799;-56.01645512318979;4766.976436858546;2544.1231697249127;57.74662716127458;93.59135336392521;4975.515576634809;-194.3663182591201;-319.78028249904986;26.169824834756085;-194.34611849090845;-319.8361233239402;25.71383704910432;9.137302965498384;9.142265592860017;200.42738587210528;48.73814002492485;200.44504783909508;48.28435352470947;[2.62441485 6.19349571 0.35255385];[-194.3062404  -319.83510365   25.88833685];[[ 0.61430661  0.62225572 -0.48520636]
 [-0.37435071 -0.31147604 -0.87340954]
 [ 0.69461424 -0.7181786  -0.04160008]];133.1890583257172;319.0644869816802;-18.180857087800796;124.95938820572204;301.1445581898129;-18.10616958600369;326.5436065905488;346.22538277113813;326.6908852121911;346.16361340368286;326.71826547089915;-846.126704644042;-1179.0398706996593;-849.4559584496826;4384.851809017964;1485.9927674650937;4057.4537709346464;-745.5332177829243;0.005035977811854943;198.57116877003511;-340.7586408165964;-321.09719817756337;1419.1139151864784;-4235.040061071765;22.747401796650852;-82.38887330985139;1681.559051106123;56.06081869123843;54.31082531870406;-361.06000873110855;-333.5595882521882;-2196.1646032506887;-6295.075045421786;32.39269795862898;-91.31582540072546;67.27182880458523;93.09637954213206;nan;25.000313486498023;32.39269795862898;67.27182880458523;nan;42.271515318087204;90.13932511990356;90.01923060123607;317.76682349655084;239.76450512003032;172.9689592985953;-36.209752970590294;nan;304.2746948236405;nan;-64.5101897036106;-236.6887467971905;236.30365612721624;
447.704166667;-141.49332635911796;-318.98408065168877;22.606779158084933;-141.81742339285987;-318.45628434474673;21.937737724437206;8.086700393766892;8.957828785984846;176.67126839310967;38.23752498976932;176.422527545924;37.6090597417714;[7.06312538 5.17190925 0.75183806];[-142.61768347 -320.45224637   22.09478378];[[-0.5022863  -0.72101783 -0.47732773]
 [ 0.69148318 -0.00347915 -0.72238418]
 [-0.51919118  0.69290777 -0.50031923]];-246.06228725055058;126.14776297384527;25.190521488373637;-217.05357611970052;149.7909101498627;23.79197634502596;264.7935607379401;277.6589088848657;278.8332672740693;277.258989007057;286.0529864280749;-1831.330398973586;2111.9569006786705;-645.2556621365402;3753.8296746005894;-3688.9518980422754;-169.0168292772884;-674.0210911116291;0.0345473217968678;28.94580384204092;-37.035249720169794;-66.30992776685532;-1174.7728299859198;1607.9925932856945;55.549822858594695;93.548205483284;2868.882683214543;-192.4933955408411;-315.5626478202917;26.314946754566975;-193.78381923135177;-318.49645324041796;25.645457227544526;10.591644356349086;10.596766259748518;195.88384968451638;48.57192600201172;199.01290147184682;48.122381221732844;[2.60675616 6.0683409  0.37602412];[-193.78431452 -318.53020273   25.82248702];[[-0.6101081  -0.6179872   0.49584264]
 [ 0.38345925  0.31733192  0.86732892]
 [-0.69334486  0.71929985  0.04336613]];134.15136581213497;323.51829535401384;-21.290791200048922;127.01498244453538;306.7847354723773;-19.74884969020483;332.6254601625204;350.87600967856474;332.7699778135641;350.76845680518267;332.79233574527746;1308.0342981266303;3316.867889422679;-643.3124154307139;3373.5997379622377;1108.8411736923942;3116.19165612784;-664.0753012893805;0.004482387221018473;223.09540668661452;-345.1229901266016;-326.961763992178;-3514.0015839906296;-3234.8143972308126;22.733418874333623;-81.83912416379933;3623.0397713530806;51.24903673322952;52.82547254450677;-372.35754136267633;-336.60468205933745;-3226.651059906637;-4742.096406170082;33.64203828711926;-90.5471938199936;68.22695961426143;92.93769040445721;nan;26.169328500994578;33.64203828711926;68.22695961426143;nan;42.05763111326685;89.19186114571396;90.96037848859505;315.2519005995736;249.03428948716478;151.55613225678024;-33.34574352777699;nan;320.7314371962766;nan;-71.6971477091114;-243.28304542705737;244.81012562168684;
447.708333333;-143.7662394822963;-321.42850040544096;22.45898425738274;-142.82678595780072;-317.94900162489677;22.048299408261368;9.220304910496965;10.092893731832618;179.69845365772974;38.426971464590295;176.27841168623925;37.843805685746716;[6.92209913 5.5345019  0.66107172];[-143.5249909  -319.60207775   22.27876024];[[ 0.46377765  0.70143785  0.54119795]
 [-0.76269255  0.00528285  0.64673965]
 [-0.4507886   0.71271104 -0.53743149]];-247.32231507851208;138.09527998182656;22.128658423916878;-215.54275295970626;162.52252610473073;22.03026496574733;270.8460492962245;284.12728030355737;285.03121814413913;283.4414829718721;291.4301257874443;1226.5170415506573;3622.851263159299;-824.4386088040343;3034.6049815547067;-2939.2243626041377;-210.30834055232282;-724.9537517973606;0.029139996260287866;34.31709431489547;-46.785063551712284;-77.61608548287678;-3505.1378091587962;1426.3529628249842;53.126164075497606;93.50959129652377;3912.6837781599265;-192.1237926003896;-314.9114463555929;25.987583596148042;-193.23620967152848;-317.1772525990953;25.56232990670612;12.021999743859784;12.027527145971552;195.11797619995428;48.188991701581415;197.60539249895936;47.948032951457876;[2.42676052 5.76559278 0.41893209];[-193.13606596 -317.03686633   25.77754297];[[-0.5912268  -0.59667044  0.54261889]
 [-0.42330665 -0.34310224 -0.83850601]
 [-0.68648551  0.72544141  0.04972333]];136.37430099300116;329.5847887030296;-23.75873590390257;128.16380117449108;310.2784572679016;-21.23098111471648;336.37692479588577;357.4752585109936;336.52018585481824;357.3395547637292;336.54008877178705;-241.02541131086178;-404.9510818929001;-541.3010424200014;2476.3768066651105;755.035229885243;2278.901144467684;-607.4318595241027;0.004300223001682182;232.54607949606688;-351.48648601804007;-330.5186800227131;459.5235560962611;-2335.8612727091836;22.718561388377424;-81.31226949061218;717.694535404012;48.92214171876975;51.30199191261423;-376.3615418575408;-336.57439646128967;1304.7308223697414;-3653.415513961576;35.04075482109783;-89.87441740657181;69.26986634725033;92.79463160071074;nan;27.535935943359387;35.04075482109783;69.26986634725033;nan;41.73393040389094;88.16691889659543;91.98842773562775;298.76871658126436;242.90015657513712;129.78746794947665;-31.855885392853736;nan;326.40563411508316;nan;-83.50547753994564;-234.45237442895842;237.55220735897493;
447.7125;-144.178463580658;-319.74257867821103;22.65501055405305;-143.86794245327926;-317.4050529866323;22.14765873684013;10.397191968823599;11.271774236940118;178.24544299291176;38.65007932193305;176.11390046492286;38.07107826153331;[6.80239829 5.67569618 0.54119271];[-144.61802156 -319.07036471   22.41062267];[[-0.46166831 -0.66617034 -0.58572985]
 [ 0.8290973  -0.08929817 -0.55192708]
 [ 0.31537284 -0.74043428  0.59354616]];-240.21572010773397;156.0527765316016;19.25560525314992;-214.49835924221097;175.1202503692375;20.225483589766373;277.6431493724002;287.10074814211873;291.9024761492253;285.2293982187368;297.01463103680203;2184.64854441132;4996.7470807047575;-554.6269131614856;2262.9275455956063;-2117.533887748364;430.53622464021083;-671.9597235885541;0.016747431331092123;59.710649366477426;-64.73045129910292;-88.5553548796362;-5108.648309558256;577.9829116809686;50.89536497504368;93.4035796383294;5481.585688825183;-192.2600708319872;-314.93416863115266;25.632778192663935;-192.66589118291833;-315.80046744580363;25.46803396754428;13.51471482972295;13.520742556057241;195.19014518047925;47.85558581794918;196.13687655412775;47.758757802912946;[2.41052787 5.77014408 0.47814088];[-192.58603822 -315.69333895   25.68820625];[[-0.58708509 -0.59262338  0.55147858]
 [-0.44063105 -0.33754541 -0.8318097 ]
 [-0.67909894  0.73134166  0.06296039]];135.7117488304417;328.6077320155246;-25.780829617265727;129.40174053410942;314.1121898430611;-22.739260988968272;340.48252855555546;356.4623002320978;340.62005806152706;356.296907583116;340.6361981560356;-76.99962671968116;-64.03612810707416;-429.303939992242;1963.686665028028;571.0591260794716;1800.40585110398;-537.117830872149;0.003791218581682087;263.76743478512924;-350.3380278679836;-334.40402573446926;91.73635593040142;-1829.3122179046563;22.698217508788;-80.79154556851302;440.83039948576413;48.413106315968655;49.72249303315396;-369.6763891588838;-337.01179214640445;1904.142472974991;-2657.450007916313;36.26913745877999;-89.28422605118824;70.30224535998592;92.65980920839266;nan;28.842090477627785;36.26913745877999;70.30224535998592;nan;41.46015488235813;87.16450243382366;93.00046286877392;301.85944191601504;234.13275482085453;106.92977073818834;-30.79677276344723;nan;349.4292804043975;nan;-115.29652558354339;-223.26980501829212;227.7717474376204;
447.716666667;-150.81183871035677;-328.0352209150364;21.660083917671997;-144.88780525011978;-316.79820762504926;22.232704895127174;11.582317268593751;12.461570129643416;188.2244641776934;38.66181731845626;175.888536156642;38.28041318871215;[6.21513927 7.03050691 0.61793291];[-145.54231524 -318.18258456   22.54598554];[[ 0.38011135  0.66188695  0.64608128]
 [ 0.92204563 -0.21593266 -0.32125525]
 [ 0.07312461 -0.71782919  0.69236843]];-231.62242463359414;175.687382588656;16.888250594210696;-212.81509695916583;187.77761602604707;18.43788655396062;284.41282361163223;291.2047681651704;298.638687673125;287.05874528521923;302.6780713630603;1940.133283180891;4427.863826692895;-581.7033231305447;1855.3209911716538;-1447.0993746972686;984.0638577893623;-616.2286132805418;0.009394035990685381;106.45051828538298;-84.7007494327483;-99.67852942264182;-4477.094794603539;-139.2971560215101;48.68265498371949;93.27380797794079;4869.134828733214;-192.20262138985936;-314.64177479879726;25.31380592099005;-192.0997571632545;-314.43071269323923;25.364340440840444;14.999829366888152;15.006504366669482;194.8958072630842;47.527453627382165;194.6763384488117;47.56082448696405;[2.60338316 6.15691279 0.51656318];[-192.02177327 -314.27621389   25.57256059];[[ 0.58572893  0.59016763 -0.55553919]
 [ 0.43982951  0.34427949  0.8294707 ]
 [ 0.6807875  -0.73018751 -0.05791868]];135.4811696355631;328.52696162815806;-27.501656677744098;130.3359713409749;317.28576815519864;-24.14925734760097;343.86176107510204;356.42874878784676;343.9930070957118;356.2420427627303;344.00597755706866;-33.67838682256951;25.266342175489456;-396.6930490383976;1566.0589211174386;428.60794787892144;1429.7113780916077;-474.0898087724848;0.0033555091697680724;298.0173646997122;-350.15382267969835;-337.5595691937992;-3.317865550602999;-1436.1015945326674;22.673995144909142;-80.2982494571068;398.92104098590744;43.656969365359565;48.16564573047091;-362.1018882787525;-336.43110699511504;1731.6179494921298;-1842.4307008873654;37.530494125956416;-88.79285517365311;71.29403431872177;92.52916588910206;nan;30.255982894334494;37.530494125956416;71.29403431872177;nan;41.03805142438728;86.2131491096759;93.96802946363091;295.8425037684656;227.1796584061255;86.28617856793883;-29.653583923835892;nan;366.880876184791;nan;-139.70121777866552;-214.04266831388352;219.62392732989622;
447.720833333;-152.92396478188766;-330.7932162936883;21.309341658910526;-145.86974012085554;-316.1046131821946;22.30812211395066;12.774103620660457;13.666126935452409;191.52633725119014;38.633678252897845;175.57448003742715;38.473904925773056;[5.43470427 7.90429632 0.66235227];[-146.54437379 -317.58208195   22.59509001];[[ 0.26031952  0.68154498  0.68390803]
 [ 0.9654221  -0.19395156 -0.17419229]
 [ 0.01392515  0.70560558 -0.70846797]];-223.93121340189413;193.22084853250382;14.52814556418161;-210.6796938523894;200.41913196572548;16.69484929293798;291.26015836798774;296.1259050755261;305.28067530181016;289.392873301202;308.4317218425242;1751.6481079978848;3988.199826271479;-551.1470912726796;1767.213266469877;-897.0462075096476;1413.0030666798395;-567.250530482837;0.009124928740024772;109.58989691762626;-102.34137908834654;-110.85693710242808;-3990.407440001578;-700.0226359073193;46.519287917231914;93.12112311800367;4390.645973514918;-191.80022668587355;-313.8354285305517;25.406285509804164;-191.53495994265796;-313.0620696789914;25.25319372073246;16.48385572626647;16.491271417163837;194.00692879222532;47.554008687513715;193.21739298854396;47.35569629696413;[2.5971942  6.13686743 0.59957701];[-191.59365676 -313.11824868   25.42360069];[[ 0.5871351   0.59343809 -0.55054846]
 [ 0.44510932  0.33139339  0.8318991 ]
 [ 0.67612874 -0.73349141 -0.06957213]];135.47236664160252;328.80405306642734;-28.982322761046714;131.02516611465524;319.9452452344944;-25.464085591121314;346.6712762236377;356.79804157115586;346.79591159703733;356.59641270588173;346.8062366557223;29.452949721440618;107.73754819281132;-314.02667093950913;1221.450967251727;301.696134745426;1107.21302378772;-418.33148056858323;0.003011232091636606;332.08997831067205;-350.37188245618415;-340.1399931221464;-101.35082716094898;-1092.1172472535566;22.645209113927415;-79.83142235169427;333.2980732006154;42.611210430639794;46.641856456811716;-355.13479724209344;-335.04829706411533;1612.585748071675;-1153.0900007254781;38.78463280809498;-88.39314462836474;72.25335165017124;92.40316943536241;nan;31.754001147681645;38.78463280809498;72.25335165017124;nan;40.49935050248959;85.30392072532689;94.89856076409865;281.69592633916307;220.8882976063884;67.98862304049622;-28.72771344017847;nan;378.3906485869259;nan;-157.50235098053707;-205.54972164958252;211.97598536797452;
447.725;-151.9921900289293;-325.8572821016916;21.865144096464135;-146.8179921220778;-315.33414610346847;22.37344031674643;13.974473479318053;14.889674173951727;186.60080487743082;38.98752658307743;175.1826965780316;38.65179507716845;[4.77400626 8.4856615  0.66001216];[-147.53043766 -316.90801568   22.63937333];[[ 0.25615894  0.66950894  0.69723767]
 [-0.95348454  0.29357964  0.06839761]
 [ 0.15890197  0.682326   -0.71356947]];-216.87413097148067;209.4824113057093;12.438197999442991;-208.20366276379565;212.91192317826417;15.003828928802115;298.1700305232774;301.7813415381452;311.803638786957;292.4068643953672;314.2264371078817;1635.7514586046884;3817.3503048750053;-452.02773980274867;1871.647543503234;-459.13465185689967;1737.6808312947448;-522.2310093404433;0.012043294473317048;83.03375809796778;-118.53022636014978;-121.92851379371022;-3780.239250470029;-1126.1471172295971;44.43361188303711;92.9457081459151;4177.580072483093;-190.7680283618124;-311.61262606850806;25.4984394635497;-190.9707474162848;-311.6929880129884;25.135159968524555;17.96851305659512;17.976751928568223;191.58990005850865;47.476005734893214;191.75838992646362;47.14381205910504;[2.47874258 5.90611162 0.68302987];[-190.99346823 -311.67831274   25.29124981];[[-0.58393568 -0.59010973  0.55748509]
 [ 0.46382107  0.32108046  0.8256981 ]
 [ 0.66625005 -0.74072791 -0.086215  ]];135.52348036305764;329.164299729063;-30.13332209581248;131.4768807323302;322.11850247739756;-26.685821289672095;348.9392968172098;357.24468791903746;349.05742719251856;357.03735024920434;349.06556386862127;-4.918363423555324;65.18084987096294;-238.45300974856488;934.8487837863033;192.8975168886369;836.8949074788391;-369.2420755560152;0.0027357977956525836;365.5240901169982;-350.67066354444995;-342.1728261166479;-42.064095207707574;-802.0776624512623;22.611030719273952;-79.38761541945922;247.25001789042676;41.46898478557302;45.1481299947968;-348.4074948499827;-332.9511317903694;1616.5194001443037;-582.5744338303289;39.99584832402472;-88.0738036855876;73.1871981387711;92.28205268973699;nan;33.31332352920497;39.99584832402472;73.1871981387711;nan;39.87387460956612;84.42946020706182;95.79822885804505;261.61377256071154;213.54057019670657;52.106957489901546;-28.098562185918443;nan;384.4204646927296;nan;-170.87989449602298;-196.07687755763192;203.18811521041147;
447.729166667;-149.20100032129963;-315.4941166908364;23.026720073864894;-147.73583356586963;-314.4944394444252;22.429189993652063;15.18571089816828;16.134924436211694;175.98325682024804;39.61528568067736;174.7216352116917;38.8151551672127;[4.37219925 8.71299236 0.65976759];[-148.49926471 -316.18160521   22.64086506];[[ 0.28830352  0.65361635  0.69976192]
 [ 0.92960519 -0.3662838  -0.04087014]
 [ 0.22959807  0.66228532 -0.71320606]];-210.37593335083704;225.4523065038374;10.292396452881984;-205.57262812843834;225.14147925500674;13.375327472856357;305.1682986513704;308.5331574821082;318.2254675384804;296.44598573430125;320.030669411015;1483.3833993064447;3848.1993902369545;-577.9570025475133;2041.1906420671803;-105.71692434131158;1980.9309867168436;-480.8280306257886;0.01472915119475419;67.89257485225296;-134.1233443442983;-132.7255054346077;-3704.4573819269895;-1447.9588880021647;42.458907517329386;92.74817819722719;4164.5046708044065;-190.80087165986583;-311.34482122790956;25.377382126476235;-190.40602355397897;-310.32203590344034;25.011674364390625;19.45549249881278;19.464593123642555;191.3768250835498;47.356296536330824;190.29762730141175;46.926428499098186;[2.20590969 5.45611597 0.7429482 ];[-190.32649233 -310.14073558   25.152037  ];[[ 0.58086999  0.58375248 -0.56729454]
 [ 0.46162817  0.3377744   0.82024867]
 [ 0.67043977 -0.73833698 -0.07327357]];135.36736803791007;329.29024101985016;-31.265969061540645;131.73576171628727;323.9202763613103;-27.825024221789697;350.78895125973;357.39886399061095;350.9009073659661;357.18364402543057;350.90717849889023;-70.01555264721223;-4.729030294028405;-305.21753380140524;691.4778998965688;96.25553250329077;602.2242999168528;-325.88717541126675;0.0025192509087449202;396.94339159658995;-350.6494096083071;-343.7791239618699;52.26598455678349;-548.8272623577035;22.570939845274033;-78.96357446600416;313.1809130196608;41.87232451523935;43.682399813130296;-342.01105559720827;-330.3316421700136;1453.7714411904562;-97.49722699408176;41.13209886091921;-87.82657276969445;74.09408746355614;92.16377182336115;nan;34.90725655256983;41.13209886091921;74.09408746355614;nan;39.18683091098631;83.5910063782486;96.66502730883016;245.66639583598405;204.9074559466492;38.4781359564656;-27.788739333328444;nan;395.2994430165717;nan;-190.39198706992246;-185.32213092780097;193.02018159302568;
447.733333333;-152.96750454172943;-323.291259602573;22.16430963030915;-148.6252765468385;-313.58845934258915;22.477091966741693;16.41119734927723;17.405437466583116;184.56467211722043;39.373679718825834;174.1949446916979;38.96600035048734;[3.735937   8.9372338  0.65155821];[-149.57921242 -315.69263008   22.59865147];[[ 0.22596992  0.66578955  0.71109906]
 [-0.93703153  0.34810754 -0.02816122]
 [ 0.26628839  0.65995865 -0.70252763]];-204.01263073039354;241.79206084680507;8.04075627098832;-202.92609335280247;236.99521599611617;11.812011940766645;312.2262887627576;316.463596559684;324.52336157303324;301.48464402713466;325.79232896653065;1571.0018585083053;3994.8826943927857;-502.8302847625674;2212.2676426148296;184.620578032856;2159.933402551906;-441.28342509994087;0.01665359497819382;60.04709501518428;-149.88066156006641;-143.09688467481917;-3859.054881649128;-1688.7607810438578;40.61952313205437;92.5298608560081;4322.033419198643;-190.21932829489774;-309.98392099628717;25.231697959436573;-189.84138507992702;-308.94995218191536;24.88404895105968;20.943824308669118;20.953793778820167;189.91348894856333;47.11484850543834;188.8361343969292;46.704935762881725;[2.20360831 5.44018178 0.76948844];[-189.75063308 -308.77272293   24.98904758];[[ 0.58040239  0.58288968 -0.56865867]
 [ 0.46195328  0.33940495  0.81939212]
 [ 0.67062078 -0.73827088 -0.07227636]];135.15795591745828;329.73127743779264;-32.42907718327495;131.82598239833803;325.4128890368551;-28.893250752434042;352.2874648999628;357.82961506211717;352.39370076406595;357.6031671789155;352.398351273403;-30.502265169415303;216.426510908854;-253.07436463166638;485.61354954474064;8.01106812190901;391.85036028253705;-286.72223045211257;0.002347937518592789;425.9057117496633;-350.8542638477453;-345.02495202010607;-150.59601948543266;-320.73846982075224;22.524760261054908;-78.5547678359908;334.3911733858525;39.67609487942491;42.244734204382915;-336.0165446360944;-327.313594079047;1423.593820146896;327.8929254217592;42.175963095362;-87.63957903983882;74.9667028904087;92.04789800485455;nan;36.51682740164147;42.175963095362;74.9667028904087;nan;38.449875488767226;82.79548622741638;97.4914631514636;230.57847985663923;192.48323132939387;26.08363014610389;-28.42078787145708;nan;405.948679652125;nan;-213.46544832273113;-170.65029548278065;178.90030762543532;
447.7375;-148.78925451957852;-311.3677821210062;23.218059917330194;-149.48896634379167;-312.6156702235616;22.514959964092668;17.656094112618543;18.70686465266874;172.00012876785564;39.688519054350344;173.60394067549024;39.102503596713696;[3.34210672 9.10808944 0.6536129 ];[-150.52347557 -314.93264708   22.58421853];[[-0.26589572 -0.64579617 -0.71571417]
 [-0.90538378  0.42224176 -0.04463295]
 [ 0.3310282   0.63612829 -0.69696566]];-196.368193612126;260.4881892287317;6.298322657616823;-200.00197113263354;248.4839405863971;10.308956337989;319.14155443480166;326.27324906962934;330.50367057157405;307.5879037288865;331.44763089055414;2098.327958264447;4979.258928939715;-333.5378496564664;2236.094536634484;349.8453805880803;2169.3048208726173;-414.54020382417707;0.016659345572908265;60.02636751987536;-168.19528450661159;-153.12477172155278;-4931.964132701793;-1729.2004194202939;38.86733646096778;92.29818680400818;5413.616831565896;-189.29714065606044;-307.78307414432885;25.083463253638115;-189.27796215366408;-307.57795056161075;24.751124622211357;22.432022865688662;22.44292195233545;187.562758176538;46.813380706638604;187.37554888801185;46.47835196772241;[2.31559905 5.66454744 0.75155221];[-189.28171593 -307.64493322   24.81055065];[[ 0.57970867  0.58207768 -0.57019596]
 [-0.4712282  -0.33139254 -0.81738789]
 [ 0.66474194 -0.74253926 -0.08218029]];135.30626134087385;330.98825984067935;-33.27510676963015;131.62907278558407;326.3128956911307;-29.86984913571771;353.1267854243202;359.12149092046303;353.22922566672685;358.8954824107469;353.2328545935517;101.68886840983083;386.92504247868396;-153.01983681922422;337.08190970215406;-75.10532628454408;205.82371838009928;-256.1640114542496;0.0022656168028184973;441.38090729022184;-351.9122305535547;-345.6062520871303;-357.2279993047202;-116.31444487892216;22.47187922566059;-78.15704757998901;428.33011208154073;40.70895110576232;40.83230768315615;-329.246314963017;-323.48075174535427;1826.1164229331487;639.0865629087316;43.17931882621721;-87.5059216367242;75.80164959644333;91.93219899558362;nan;38.20141857770493;43.17931882621721;75.80164959644333;nan;37.6002310187384;82.04665528718499;98.27352882210391;213.87580222041106;174.36865420272568;13.960754076058684;-30.36693571217858;nan;412.14705772001275;nan;-237.7784035172871;-150.25976400710215;159.0506441622395;
447.741666667;-151.51773220016463;-313.8599616771243;22.787157348042896;-150.32538180292357;-311.57352550220094;22.544098268999868;18.9235693828344;20.043466867745316;175.2951627787154;39.65801467225774;172.9459391786985;39.22571913448376;[3.14391789 9.16573355 0.65908773];[-151.38182399 -313.92965146   22.56880481];[[ 0.36153051  0.59637785  0.71667925]
 [-0.84096609  0.5404851  -0.02553226]
