

Insect numbers for this group are 46-47;
dt;xt_46;yt_46;zt_46;xt_avg_46;yt_avg_46;zt_avg_46;xxt_46;xpt_46;xp_46;wd_46;xp_avg_46;wd_avg_46;PCAsigma_46;PCAmu_46;PCAwt_46;vxt_46;vyt_46;vzt_46;vxt_avg_46;vyt_avg_46;vzt_avg_46;vavg_46;vv_46;vv_avg_46;vvt_46;vpvt_avg_46;axt_46;ayt_46;azt_46;aavg_46;axt_avg_46;ayt_avg_46;azt_avg_46;curvature_46;curveRadius_46;vxp_46;vxp_avg_46;axp_46;axp_avg_46;thetaToR_46;psiToR_46;aa_46;xt_47;yt_47;zt_47;xt_avg_47;yt_avg_47;zt_avg_47;xxt_47;xpt_47;xp_47;wd_47;xp_avg_47;wd_avg_47;PCAsigma_47;PCAmu_47;PCAwt_47;vxt_47;vyt_47;vzt_47;vxt_avg_47;vyt_avg_47;vzt_avg_47;vavg_47;vv_47;vv_avg_47;vvt_47;vpvt_avg_47;axt_47;ayt_47;azt_47;aavg_47;axt_avg_47;ayt_avg_47;azt_avg_47;curvature_47;curveRadius_47;vxp_47;vxp_avg_47;axp_47;axp_avg_47;thetaToR_47;psiToR_47;aa_47;xb__46-47;xb_avg__46-47;vxb__46-47;vxb_avg__46-47;axb__46-47;axb_avg__46-47;phi1to2__46-47;psi1to2__46-47;phi2to1__46-47;psi2to1__46-47;phiO1to2__46-47;phiO2to1__46-47;phi1to2__46-47;phi2to1__46-47;phiE1to2__46-47;phiE2to1__46-47;alpha1to2__46-47;alpha2to1__46-47;dphi1to2__46-47;dphi2to1__46-47;dpsi1to2__46-47;dpsi2to1__46-47;dphiO1to2__46-47;dphiO2to1__46-47;dphiE1to2__46-47;dphiE2to1__46-47;dalpha1to2__46-47;dalpha2to1__46-47;
440.416666667;-47.30600234183977;-171.8777581944915;8.159871859804852;-48.666076490537826;-171.49847833696188;8.005630048093758;0.0;0.0;44.62484826931242;9.305820162328587;43.29836248552871;9.32617222379734;[nan nan nan];[nan nan nan];[[nan nan nan] [nan nan nan] [nan nan nan]];;;;;;;;;;;;;;;;;;;;;;;;;;;;-84.89530701711664;-189.5946376033304;6.044620512964045;-85.24901421482012;-188.6140568130824;6.182068761623183;0.0;0.0;39.208062546318395;12.422396181610797;38.20954066907234;12.590382225139596;[nan nan nan];[nan nan nan];[[nan nan nan] [nan nan nan] [nan nan nan]];;;;;;;;;;;;;;;;;;;;;;;;;;;;41.60910874097693;40.436805486322;;;;;;;;;;;;;;;;;;;;;;;;;;;
440.420833333;-48.3878058351078;-172.52461978427533;7.893858401871839;-49.50280290749697;-171.49521152941338;7.822324102686858;0.8565762304023883;0.8565762304023883;44.02651559080027;9.19424968386241;42.64521050688709;9.254526903107998;[nan nan nan];[nan nan nan];[[nan nan nan] [nan nan nan] [nan nan nan]];-219.72172584736202;17.816772100811992;-44.55964543166139;-241.35693958775474;50.1063739945285;-38.823764118099916;249.54179141447332;224.9013921220386;252.28283014417508;224.69187299785557;253.17930964951506;-27101.37260054021;16176.51466761677;-1889.3802124386775;10136.01559941928;-6926.234258620469;7371.390404234258;654.7478405815748;0.09833414816417513;10.169407257491429;-181.9373151246939;-217.25651489582708;-30218.215534872157;-9627.249401658672;78.4166357499883;88.15005480356311;31618.567032869894;-85.36646253823992;-189.30503580989836;6.06777705956992;-85.35816603283331;-188.09398723748234;6.272541445825638;0.539047112437516;0.539047112437516;38.90484526816943;12.502974125695804;37.682928504601534;12.686574921682361;[nan nan nan];[nan nan nan];[[nan nan nan] [nan nan nan] [nan nan nan]];-116.60197861996015;-19.131283125334797;3.4598763467306375;-131.3917436792353;-7.338434148743529;7.5615530056760765;131.81358050930476;118.21166675267729;134.69342924929308;72.79165544727809;141.17017710602136;-12537.490345742572;8334.60462567547;2506.8954040062645;8713.044738697434;-7720.476518918954;-4038.6160708796374;31.16362297321689;0.20873156625833328;4.790842218672216;25.7191746434888;16.942462857149543;-7276.238190653175;4980.795554394577;93.1914694760695;89.81642916187366;15262.333471738419;40.64896046185913;39.56439299752451;-67.65350150485844;-61.68183078826965;-8309.613523146814;6650.086980500566;37.319170398497896;-81.51043297806777;157.4310767177188;76.6779997844546;11.696584212864398;nan;37.319170398497896;157.4310767177188;25.622586185633498;nan;115.7358061484862;250.6225461937883;;;;;;;;;;;
440.425;-49.00828571513106;-170.23208703774765;8.189753966415452;-50.18305512803644;-171.56139611326066;7.6530597832880485;1.5586816945183877;1.5606883610388813;42.3766769905383;9.534598549335083;42.14944925927462;9.177258530614882;[1.89072674 1.6045417  0.51682786];[ -49.42131032 -171.03601754    7.91204269];[[-0.56430093 -0.44696828 -0.69410649] [-0.60559493  0.79552337 -0.01993343] [ 0.56108755  0.40909892 -0.7195963 ]];-274.4095504159785;67.75506540874653;-42.54871337399181;-238.53066674257812;51.17169646484889;-36.50906539044796;246.6745494602828;285.83516798642023;250.05611296970392;281.1133213923414;250.91411772093466;851.2168075807044;7793.866120211368;2854.627600120908;9336.917903570995;-6597.108467128091;6585.974956005266;530.2166442529536;0.08757203261970033;11.41917082526458;-252.9977920442072;-215.3164638488784;-3890.8133865253667;-8889.570217883964;78.02726679681292;88.18139509782402;8343.729255474349;-85.27329905040023;-187.92403577605296;6.279597525517303;-85.73517522894278;-188.24604991565778;6.265196352443932;0.615379398875636;0.9456340557126066;37.51389175850877;12.679838530079065;37.85325352213194;12.731194617809521;[0.18426002 1.5454647  0.2520799 ];[ -85.22541049 -187.77731896    6.32470168];[[ 0.43464651 -0.64743388 -0.62602858] [ 0.89522446  0.23475448  0.37876575] [-0.09826276 -0.72506531  0.68163386]];-151.30759982639978;-8.68658723648872;8.936308002673554;-131.54196907203186;-6.718613591361462;7.623766462822786;131.93388954706472;151.81997287498675;135.20433615773578;139.62086941693877;142.50407535175816;-4121.207833364071;-3321.150599022895;121.79179084870042;8996.951749019849;-7696.122004262262;-4658.437818081785;-117.49027520164991;0.2469445968031773;4.049491314835416;19.395813909686996;17.264466422537033;4241.025038425551;5590.644093925466;92.91899970911027;89.83089907640574;5294.263739887696;40.39560545399435;39.35463546975393;-63.40217313910696;-58.680217134129045;10350.251138709342;6783.37461161212;38.3256825107055;-81.88786458633007;156.60609802838223;77.97230380769817;12.260827596783024;nan;38.3256825107055;156.60609802838223;26.064854913922474;nan;116.35294930751843;249.5250977374925;489.94356847649124;-160.710813827804;-322.5970310332282;271.64343466339835;185.21890096497856;nan;304.7246675115125;nan;185.2556746442698;-125.16142181521118;
440.429166667;-49.49670144062935;-168.2557547246908;8.389109626723908;-51.333817289556656;-171.34673842857342;7.450993724090018;2.729008505382815;2.7486118292226616;41.06318838377876;9.766650891614663;41.129066214182686;9.125149942640297;[3.03354413 1.76400244 0.85533389];[ -51.03727688 -171.74891762    7.44965393];[[-0.57571217 -0.52989613 -0.62270826] [-0.58672933  0.79815401 -0.13674382] [ 0.56947712  0.28663612 -0.77041258]];-270.90913554735096;91.66328250542088;-33.2205882436032;-240.8982846052313;58.50219076154282;-32.52426442391175;250.0246340382473;287.9193021767255;253.8168734198548;281.9065948107008;254.55901845257432;828.98232936225;3682.078086203986;1622.8724624697359;7820.799665058523;-5469.095612786446;5558.8462824377575;594.2462346599051;0.06974290926507085;14.338375191653029;-264.32638460492393;-220.57492833154149;-1546.9110426233499;-7371.030374339751;76.46816008047831;88.19057342269996;4108.360471616513;-85.17632992549164;-186.3380752340512;6.64580067872437;-86.32984918799876;-188.25341459685998;6.301373748715034;1.1456442411642818;1.541452954464133;35.89027880846565;13.00613317638428;37.897254959963746;12.845410693128416;[0.33245773 1.95106303 0.36581036];[ -85.39852905 -186.90902215    6.49173555];[[-0.50573721  0.61801062  0.60190759] [ 0.8576712   0.28505993  0.42794971] [-0.09289774 -0.7326689   0.67421532]];-162.71446879333914;-16.349979742100324;9.652816370164924;-138.03680909112083;-7.826598439093234;7.865108734681548;138.4820430330002;163.81848813898188;141.43963442180396;157.1511646699251;147.8839504471387;-1354.08927077151;-357.2778036745006;222.13222554748526;7876.08586005211;-6697.292731175549;-4142.425258622583;-138.96591158108217;0.19784443287761974;5.054476314825437;30.048423189340994;20.67246312805002;872.2274158128082;5024.6627132534895;93.23991718254278;89.81549551208488;1417.937906906954;40.038048527734304;39.000613818317866;-33.124039032908286;-50.43878528266936;4183.253232279003;6092.28011963732;40.60063005475787;-83.41874268931231;156.14880783805322;79.0393639169466;12.942071460133127;nan;40.60063005475787;156.14880783805322;27.658558594624743;nan;117.06879013523618;249.38872502059598;410.66146485280177;-251.61203904911338;-258.41193676723975;279.2417167525041;226.35061849457844;nan;184.31084635822353;nan;212.4638556676916;-284.46879287512684;
440.433333333;-52.90775628448533;-172.2898679410008;6.927619611430927;-52.46980138150085;-170.99677056818828;7.298487171838439;3.901292706119102;3.9470256179169048;40.231647919169845;8.827709407341098;40.04113432557481;9.118178716686197;[4.14341782 2.22302429 1.26291868];[ -52.72610176 -172.55171037    6.90825089];[[ 0.57810492  0.55285433  0.60012232] [ 0.56890969 -0.80032797  0.18925357] [ 0.58492433  0.23200698 -0.77719771]];-266.97895186882175;106.91996733788703;-25.840506688090503;-242.75636889803005;63.272074458038055;-28.70205077843167;252.50310446738598;288.7514016284713;256.5268958359372;282.5310887343457;257.18026278973764;1057.50583633315;3641.130633387762;1919.566684179613;6631.461285140332;-4640.7733327427095;4694.806314339462;631.1064262527381;0.056534085754807485;17.68844382373271;-270.31515879583907;-223.53946671666367;-1327.7005690185308;-6166.83269716251;75.48820101488006;88.30299596937051;4249.810247327021;-85.41565393356188;-185.72481037548715;6.585712598916999;-86.99607189416163;-188.31843814262845;6.3396655857994775;1.7788866440157343;2.211935631718798;35.297780330373996;12.968813441881121;38.01488530471252;12.972006616375664;[1.4456915  1.83919123 0.34349756];[ -86.14372699 -187.20952189    6.43311873];[[-0.26892581 -0.67980567 -0.68230724] [-0.96305376  0.20035435  0.17995997] [ 0.01436541  0.70549443 -0.70856986]];-170.7254682533563;-21.556501919393718;9.929712829027302;-143.5532507347036;-8.076593916974263;7.967147939527589;144.0008424006287;172.36724596684704;146.73463461621375;168.2516672166898;152.35553625362795;-2491.190470039787;-2141.852841429955;-89.22192529338533;6831.536612385113;-5836.869948179521;-3547.117833986145;-137.10129909849957;0.15662810740917602;6.384550107520582;38.0435561061352;23.31071331822917;2965.4363842516796;4389.062166451743;93.21524464254827;89.82165104722776;3286.5672219371518;35.17638395551773;38.82628402692852;-11.347632913840275;-44.48168167903984;6269.4217048835235;5304.958701497679;42.40854558133921;-84.57617317827119;155.2668412464851;80.23599909655776;13.804318438156441;nan;42.40854558133921;155.2668412464851;28.60422714318277;nan;117.89674659621927;248.48208588903336;343.3213349889913;-327.18432899590283;-219.22155498977347;260.3882011832318;262.96195507786274;nan;80.35937991112878;nan;232.72567407387234;-416.9638855819455;
440.4375;-54.427614976442285;-173.44399620735487;6.442104338340641;-53.59139341911586;-170.58287774102894;7.1741554887269094;5.0782301288031855;5.148996640296684;39.70225383960421;8.56386124112354;38.92634634247699;9.13627620074663;[4.32119286 3.02981816 1.15765894];[ -53.73988426 -171.50363244    6.82022466];[[ 0.62959652  0.34459791  0.69631925] [ 0.442052   -0.89592497  0.0436861 ] [-0.63890394 -0.2803047   0.71640144]];-262.1401003887103;119.12462391087877;-17.673946979292143;-244.2584789341486;66.63361141152916;-24.975906040205356;254.4131258081936;288.4795948685769;258.6838711549035;281.7617119028552;259.256244691986;1265.1428741222178;2217.1045216509483;2000.3819760471438;5505.519125273706;-3874.5703542434335;3855.9213102452627;655.984952547636;0.0451610708416167;22.14296475624052;-273.37492452423356;-225.15949062054406;-140.98698061226955;-5020.99186572289;74.81651333727056;88.46593468359674;3243.0952810488902;-86.03065258992659;-185.60726924844982;6.653641105760968;-87.68580309460869;-188.38966442804403;6.381813885133002;2.455237280079133;2.906614544412243;35.15604411948626;13.115291070319124;38.14765848654136;13.105611807101713;[2.31577041 2.05170117 0.36437158];[ -87.02316454 -187.67575518    6.38152268];[[-0.46020943 -0.6393033  -0.61603455] [-0.88091277  0.24249102  0.40643671] [ 0.11045348 -0.72971871  0.6747671 ]];-179.58275392903508;-28.070332201954734;9.704076371481115;-148.38979873781648;-7.6999563237621205;8.008023494475493;148.80507429898213;182.02219138579778;151.45934289735658;178.5699784575286;156.3671034498242;-1760.3066542897634;-984.7856942013362;-19.083574328914054;5880.259727966058;-5044.024443929886;-3019.0784165970003;-142.95940618025887;0.12581096243756035;7.948432955485079;48.27544583037976;25.348171403929822;1945.8706833904757;3824.3280031414292;92.96611090065956;89.84000398817433;2017.1382112908366;33.86357844758143;38.72458015971055;11.025326392327566;-39.91185828138861;4469.59876208665;4567.975012334293;44.02280892852811;-85.57217549570402;154.05204084597918;81.36637822321535;14.828326614252898;nan;44.02280892852811;154.05204084597918;29.19448231427521;nan;118.83932226579867;247.01815174663875;229.76414390471325;-374.99541284673455;-165.97897572153587;254.37217116163367;283.92029309960265;nan;-54.156149194889394;nan;221.16823974287618;-527.9538044467545;
440.441666667;-55.726771542850656;-173.61833941561054;6.145259716469454;-54.694625980405675;-170.10577084037337;7.0831496161045475;6.255718445569841;6.354415715886168;38.825192939367845;8.44320242153441;37.7885080022782;9.184036657782361;[4.86597854 3.07328489 1.14046876];[ -54.91817113 -171.01339335    6.66102231];[[ 0.68670742  0.12450367  0.71619254] [ 0.29616562 -0.94766569 -0.11922949] [-0.66386659 -0.29398738  0.68764277]];-258.0734448537401;112.93252806651748;-16.936500745998217;-245.26513522307064;67.96955512741489;-21.443225272598703;255.41076502430596;282.21003506553484;260.0791371240997;277.9360105640815;260.58770648009147;686.851782665526;-5189.310526946604;-1646.4077840657542;4586.435441742358;-3295.790324074001;3120.6497112437432;659.319028031916;0.035989321656333145;27.786019685203684;-265.9004228949001;-224.88126247637337;3728.7477626956033;-4074.068917083056;74.56657050725491;88.66717443761716;5487.382591715467;-85.63199832428239;-183.86929097724283;7.164999393770259;-88.41878412960497;-188.49807565862324;6.422413192707963;3.1809838708202074;3.6486809136512015;33.35542616210848;13.543473791076467;38.331914938930026;13.243933316822579;[2.92628006 2.02498961 0.34277381];[ -87.86460149 -187.95411769    6.40345673];[[-0.46015712 -0.67030995 -0.58218553] [-0.82269305  0.07537717  0.56346644] [ 0.33381367 -0.73824308  0.58614468]];-172.91558460200955;-19.514812958839926;10.20629351516406;-152.28306116928056;-6.570083485678293;7.944250839299064;152.6316082516768;174.3123511125672;155.38151849216504;172.97430688296893;159.66818300359066;4960.547931264507;5091.43493090064;260.1478032969446;5039.031276449084;-4368.825475057894;-2506.9425385032428;-142.96601750122562;0.10072587122303184;9.927935969754525;39.94461828618109;26.645469543985598;-5944.667904609224;3282.4335921423094;92.46708167099861;89.87133972194108;7113.186509120087;31.62980344196364;38.73172041931327;1.1871335779815122;-37.24066165715704;-9191.931312977074;3832.592007496862;45.26955670624487;-86.40301946985097;152.5403051715217;82.40590077308272;15.995668063803304;nan;45.26955670624487;152.5403051715217;29.273888642441566;nan;119.83612721349978;245.0073868425203;221.3737198520384;-355.15359101918546;-141.9059562927629;227.97814184362707;275.91418973552845;nan;-54.54046988349007;nan;208.8927516858685;-502.1928779922561;
440.445833333;-58.28174845796714;-176.45546858764106;5.02571822690318;-55.77589425568646;-169.59017254177252;7.026872597232942;7.426244394658177;7.553644547886903;38.877019401077554;7.712499814404035;36.64822197144378;9.26274938791558;[5.58100818 3.01969187 1.16529626];[ -56.19675852 -170.77158865    6.48296015];[[ 0.7089344  -0.01599656  0.70509299] [ 0.1964858  -0.95568197 -0.21923799] [-0.67735171 -0.29396611  0.67437273]];-258.28113119272086;101.46534933549694;-19.195683421062718;-245.8679049898059;67.23741672923535;-18.153425717084023;255.54147173749072;278.1597276889082;260.86061356888644;276.42043223008704;261.31886465576287;-786.5412253762971;-314.9352639461038;562.0001000338086;3820.7280189261123;-2845.9437113310614;2466.041003133932;645.9169895616831;0.028379604611798625;35.23657266120814;-258.7799383579184;-222.6987986122391;-310.9151849414317;-3268.68608776553;74.74488080258865;88.88705476717293;1016.6982994631495;-88.23041267689106;-187.5711123734199;6.320054260696139;-89.18232604401595;-188.6235838630601;6.462681188228604;3.943320433890518;4.42351642903921;37.18736424261897;13.10370757878277;38.549953868460825;13.386205486837657;[3.68896918 2.34549016 0.32364692];[ -88.83991948 -188.50106936    6.38389903];[[-0.52668589 -0.66320633 -0.5317512 ] [ 0.71300823 -0.00406703 -0.70114387] [ 0.4628404  -0.74842556  0.47501362]];-168.76204332451664;-16.04280481529126;9.991050854888845;-155.19754927863093;-4.588742939079728;7.777036394654456;155.4600210952572;169.8170190251629;158.52027919081831;169.27694962444215;162.28330115921682;-2966.8481180663325;-3424.8710219966024;-363.4642802291706;4304.070878062309;-3789.3357619950716;-2036.0714656163414;-142.73609617824852;0.08077512880925476;12.380048348315672;36.19175650752789;27.09570637643345;4143.29425085392;2786.4206201108223;91.69145763732722;89.91525409246569;4545.771172858165;31.971164055106797;38.81645787964653;-10.333034636717022;-36.642707522443;3662.250569917065;3132.7180509533227;45.93751012773231;-86.95533362671556;150.92707907225923;83.48614631622704;17.194329056747435;nan;45.93751012773231;150.92707907225923;28.743181070984875;nan;120.68239093032096;242.61853670958646;241.64332786199034;-371.06284778407695;-143.0906101646519;188.8489378025839;288.3333534540859;nan;-46.690025592095566;nan;225.02102464962493;-516.7921436252066;
440.45;-58.992229289662355;-174.26750146995988;5.000962294214844;-56.84523802085155;-169.1646664398199;6.942012109888024;8.57185186693508;8.707660506705835;36.97563920718652;7.748441321612077;35.57267114482271;9.312920437557278;[5.43124016 3.28738819 1.0770731 ];[ -57.36612302 -170.3364282     6.34846779];[[ 0.71915145 -0.0947437   0.68836388] [-0.18973483  0.92623819  0.32570464] [-0.66844738 -0.36483757  0.64812935]];-260.7552550419039;108.8845400187462;-14.753219581118298;-247.5275242349735;68.9429661489358;-14.823465561352107;257.37665583062756;282.96078098399255;263.1157982838321;280.86111121595394;263.4977630409425;-401.03822223292696;3876.1467919086417;1570.3825431414257;2786.5054445685078;-2094.6857373055163;1707.7828648499292;678.5145105771509;0.020508144500340372;48.7611153697207;-264.1010547324243;-223.08443813563377;-2243.220674823486;-2180.745339297335;74.46256243920358;89.0809656857296;4201.362509938738;-89.27342686328439;-188.95142958741633;6.135865447566559;-89.85974733462041;-188.66069909994675;6.507465638667586;4.622436428176971;5.103430241793799;38.63636025230298;13.079200994587456;38.66478675798123;13.520289336685932;[3.84344934 2.35931399 0.32528129];[ -89.52479355 -188.52662549    6.43388301];[[-0.55752477 -0.67178685 -0.48771771] [-0.62975949 -0.0405361   0.77573179] [ 0.54089659 -0.73963454  0.40046427]];-180.07281421946465;-25.013455926209655;9.13578962691545;-159.34217649941243;-3.4579783830283577;7.734548600097682;159.5672587597928;182.03118977361413;162.78139727103954;180.88678294987065;165.81709825537862;-2462.3219115141346;-881.0415112471497;-47.061109198442146;3382.83589751063;-3020.4924374006264;-1516.3749659993457;-144.2605544930984;0.058110613827082026;17.208560263632208;48.196620113917625;28.33743564051397;1619.0402802182127;2229.9948267305735;91.24175427955745;89.93973097934781;2615.6219314844166;33.672788370119406;38.74161319912977;5.965466493054831;-34.10975998139143;4161.029972380134;2456.540580640468;47.11433770501018;-87.58556910562292;149.5806919130312;84.30571862177788;18.29495297826395;nan;47.11433770501018;149.5806919130312;28.81938472674623;nan;121.57690014421377;240.82244619258864;173.73277513350726;-424.3753008631671;-131.81678445365884;169.88552587777963;317.384154140232;nan;-143.6513790067247;nan;235.03326532892518;-613.8998151035345;
440.454166667;-58.21613400867215;-167.81857016673342;6.381166945482789;-57.92823701562384;-168.74462796397748;6.866908568724232;9.729747996573474;9.871687862810994;33.64389167798697;8.917090808688481;34.491722485129756;9.37464169505334;[5.16101482 3.72460922 1.00337469];[ -58.46221346 -169.68675806    6.27319716];[[-0.72292143  0.06864538 -0.68751176] [ 0.27844477 -0.88172699 -0.38082283] [ 0.6323394   0.46673904 -0.61830539]];-259.55093268053207;118.59095832094098;-8.499094338791465;-247.7226166689242;68.27889504636292;-11.566329153305135;257.22029913701135;285.48684147503707;263.6596291306645;282.39052342696436;263.983405139265;979.1129556922441;782.9339931468883;1431.597573178264;1918.6511754796466;-1535.0614364415565;947.7233635788282;653.1685430623913;0.013427497058186634;74.47404349944044;-267.4806708341967;-220.66973389826703;621.004945971112;-1234.264807757953;74.6063616091524;89.28991457471098;1902.9239157568095;-90.0068037362092;-188.17683164460146;6.514539982512062;-90.58867640505231;-188.7572739031874;6.545939945352602;5.3539616807595865;5.839734903341301;37.86392747245162;13.539351870458958;38.85155183935662;13.655792865792256;[3.99456396 2.3754364  0.36844028];[ -90.2375404  -188.56345845    6.51316007];[[-0.61296241 -0.70043111 -0.36561366] [ 0.49357681  0.0218869  -0.86942676] [ 0.6169757  -0.71338435  0.33230071]];-186.95251065612246;-26.974836952943612;9.099289400233344;-161.8732847736047;-1.3492711969374227;7.591338442240017;162.0568087909423;189.10758878705707;165.6869727948705;188.09146314637854;168.41077127408872;-839.9323780845018;-60.42138158726972;29.54100039107632;2772.473675764381;-2465.3789300880085;-1255.3402557033862;-180.65950374979423;0.04835172154161263;20.681786875765663;53.142987299490315;28.563714778406656;755.2159688585931;1941.1460208011683;90.47704683865224;89.97762989848896;842.6208007233779;37.75080503106647;38.730349257673964;18.992584024237765;-33.47455731775035;2091.986442593447;1921.2462291822899;47.9512045265804;-88.14775537808657;147.8348886740614;85.05988746458047;19.597107002195965;nan;47.9512045265804;147.8348886740614;28.354097524384432;nan;122.5575661357328;238.31193551271366;104.62987833126385;-450.554122020988;-124.17488258398389;149.0586815985901;331.4432256953832;nan;-226.81334736411935;nan;231.10557740844442;-670.8352578755577;
440.458333333;-58.38767700669984;-165.75599331625682;6.467046238723341;-59.01819847953211;-168.25729527299785;6.819068613378817;10.912361127065902;11.066592798707548;32.51277452353545;8.993671815263816;33.37182902205451;9.463287377933808;[4.74864032 4.23227745 0.89149687];[ -59.5426011  -169.10924306    6.19628632];[[-0.70834877  0.70585762 -0.00265201] [ 0.40015925  0.40466089  0.82226646] [-0.58147621 -0.58139021  0.56909651]];-255.57626801499816;120.5144643487886;-2.8410644236869844;-248.3132463858845;66.6975100970338;-8.451242476176906;257.25366796847044;282.57925708871335;264.49729717038167;279.2691879519872;264.7746505418842;928.7260837655724;140.3489002214392;1284.2567860743134;1346.242394880132;-1131.8259242547456;352.0069931449751;638.3022322806945;0.010251709266759038;97.5447092752113;-264.0530994704872;-217.72093351787186;1024.229308610922;-498.54525430987974;74.97339985749826;89.49443294034972;1591.0831043782186;-91.95446323466275;-191.37077833216273;5.78414089422435;-91.36035411978125;-188.8691445659983;6.583597218891812;6.1298262860911885;6.620388226435127;41.34198234986986;13.119836271305378;39.06642525893018;13.796342090862373;[4.19955491 2.5561519  0.36428577];[ -91.08782367 -188.86553781    6.53764611];[[ 0.63211397  0.69842475  0.33561108] [-0.43699583 -0.03635619  0.89872848] [ 0.63989575 -0.71475947  0.28222744]];-189.15746464814484;-25.221442018488663;9.311528437928779;-164.43491602094548;0.9699225253759461;7.361359219590384;164.6024664641465;191.05855681297425;168.6546302038726;190.41372102619854;170.83536138532253;-218.4455380863702;902.0509501262551;72.333737702815;2060.7164323995403;-1906.256377649877;-763.4265898321515;-172.9701690116212;0.030133731233977036;33.18540250576266;54.16373002584417;28.678844778259037;-265.2594602079564;1424.118907177795;89.66238332755583;90.01511580977949;930.9385260819229;42.229287334673124;38.791325419905185;24.74181047766654;-33.77634137633461;667.642255055159;1223.843904665234;48.56211083112142;-88.68404230940241;146.044231072508;85.72143133742476;20.939820929430145;nan;48.56211083112142;146.044231072508;27.62228990169128;nan;123.5355106886197;235.70661440006384;22.040909566934644;-488.6224937110355;-117.41700042265443;130.17849469461632;346.9604478445725;nan;-324.91953827763786;nan;221.7534378481109;-757.0430321347765;
440.4625;-60.1451156239525;-166.79649384462846;6.206470616078988;-60.09116145462631;-167.75636997797054;6.796082782567701;12.083002358462704;12.250950871901324;31.574976865649568;8.982328170815531;32.26271689484681;9.574126571397805;[4.17012189 4.77055811 0.75898092];[ -60.6427235  -168.57871422    6.13405183];[[-0.51209594  0.70324788  0.49315329] [-0.69304747  0.00085772 -0.72089144] [-0.50738837 -0.71094422  0.48694493]];-252.12430626271265;119.2213335494535;2.0896163400856085;-248.55797447923663;63.555753032951415;-5.540903486612553;256.6146956669752;278.8991908884157;264.855419888726;275.71824096383295;265.0961364976237;728.2155573284219;-761.0516838956801;1082.4699805312832;1037.7443441389105;-818.4707906447701;-184.19208206052355;610.81270906869;0.011140676952535076;89.76115224061395;-258.77280328415594;-213.29003484666978;1510.312860820734;136.02942879029246;75.66032576812795;89.68366856695195;1510.3770463851042;-91.56875673703074;-188.6298055185697;6.651742894673248;-92.14661399385191;-188.9820642111284;6.621767357021144;6.921390540311315;7.415631833938348;38.45493329885044;13.88769842960972;39.29441006685197;13.939334183971082;[4.27670428 2.59500245 0.36625537];[ -91.98441967 -189.26260453    6.54266667];[[-0.65634924 -0.71010065 -0.2548779 ] [ 0.37872633 -0.01792602 -0.92533509] [-0.6525121   0.70387196 -0.28069954]];-189.84303955001147;-21.295893361156303;9.424937766250732;-166.20406876649753;3.9454133522429;7.05243417349024;166.40040741786095;191.26610831910253;171.00572778921358;190.98599124111746;172.7323073017593;-110.63041480879627;982.212405389499;-17.897260108064543;1468.452649057119;-1423.457994524648;-319.5349011625259;-167.38568423193226;0.015168442935477056;65.92634486306616;52.93331362371929;28.127070671496952;-325.34041280990976;958.5186251320275;88.64137070653251;90.05764605266491;988.5851556144102;38.26665633233565;38.888620791209135;25.791556209589583;-35.63850928448863;-163.76430373057687;571.7346818292555;48.82312017934014;-89.1825460662855;144.08027099055658;86.30204314456759;22.359133882988314;nan;48.82312017934014;144.08027099055658;26.463986296351823;nan;124.48344594746808;232.7216416970891;-60.008734447028424;-520.3706214503701;-114.45550510410537;113.21904032800462;356.8900994713785;nan;-416.898833918407;nan;208.14165299844169;-834.8832548188052;
440.466666667;-62.65238215157164;-169.83766279642805;5.364348174090878;-61.14800071298849;-167.2530080700922;6.79539307651478;13.239604359997012;13.421541707339946;31.455183267685527;8.523401021545366;31.17138652646912;9.704907193877235;[4.01862606 5.12389422 0.84937415];[ -61.66066949 -167.74795719    6.19397721];[[ 0.5268487  -0.6466854  -0.55156907] [-0.74267361 -0.03465575 -0.66875623] [-0.41335985 -0.76196914  0.49853452]];-249.41656713530708;114.52413170978784;6.21594333471658;-248.5495531579974;59.044076718307956;-2.8493319197848024;255.48229305168434;274.5232934688464;264.8968313150068;271.7715836052332;265.1072042541174;571.4992238291424;-1493.605199140732;898.1669768946695;1045.8361403915865;-554.1617405255223;-674.9310201967586;575.4529658130682;0.014947313993385551;66.90165205885937;-251.63441076881313;-207.56317977744126;1916.1155465440768;707.6866304003063;76.63767092651791;89.84820312939657;1834.1678691225752;-93.41625280084966;-190.34041752645288;6.396445076910098;-92.93666632518102;-189.07932324948553;6.661193289207815;7.7166072946414;8.21262393610091;40.4453993686217;13.90354407612783;39.517789675811805;14.083833780545488;[4.087473   2.50490251 0.49115418];[ -92.78086602 -189.33913496    6.62710595];[[ 0.62977168  0.73779658  0.24298936] [ 0.48854546 -0.13300733 -0.86234122] [-0.60391304  0.66178943 -0.44421142]];-189.7129202175745;-16.329097547054616;9.319603754979624;-167.26090528471735;7.526533541128313;6.672581284047074;167.5630701700143;190.64229997125724;172.84464303516106;190.57758230749596;174.19678038695517;173.0876943769446;1401.8495853797733;-32.663065301991644;1014.9300033749442;-999.0251862776611;65.92337646834558;-166.390196131147;0.007378899342857641;135.5215667724135;50.66402367704944;26.949945032492096;-763.9187615896924;553.2262815294506;87.42554550734476;90.10267029059848;1412.872423755624;36.98437390117446;38.99750717388555;22.91323999313147;-38.92881467820915;-1217.8274801630323;-16.233140859253094;48.74578507751363;-89.66251731293032;141.9723769582253;86.80625212655298;23.831157994818675;nan;48.74578507751363;141.9723769582253;24.914627082694956;nan;125.38345600403154;229.39792246557008;-141.15744219017634;-545.5651024260175;-114.22591906969032;98.88377806550649;360.78479033430074;nan;-501.94223252447705;nan;190.51471917257902;-903.6577949711249;
440.470833333;-64.58652235018417;-171.23594098801829;4.8962043653082645;-62.192197340161336;-166.76285886505255;6.813496252068517;14.380654366508228;14.575197013037998;31.042980261475865;8.334964711934106;30.106276867466097;9.852850961733534;[3.89933615 5.28531632 0.95773997];[ -62.62392258 -166.80672403    6.29584453];[[ 0.53614757 -0.61891983 -0.57400699] [-0.79071295 -0.1301902  -0.59818353] [-0.29549757 -0.77458941  0.55918909]];-247.5191958323754;106.31086057392287;9.39961949003449;-248.30877648415307;53.25592296135382;-0.38799139247645587;253.95588661585182;269.547962759935;264.69299570691913;267.37804526721663;264.8787984148816;339.2390015664707;-2448.764946048217;629.9975776408496;1280.72222403489;-338.0362748813955;-1114.1742479341692;533.4759950002554;0.01980219927778744;50.4994412980038;-242.59814913945613;-200.60784119328736;2421.290035512028;1212.684980597079;77.89491233018674;89.98122729906018;2551.162442693856;-95.0055552543767;-192.20552271577083;6.199785669834938;-93.7286393234447;-189.1595299891391;6.700308505073698;8.512940467330036;9.009608472448285;42.57735665897721;13.9458693406775;39.7355210137189;14.228020889258145;[3.9377731  2.32107848 0.55175362];[ -93.64599107 -189.5180116     6.69242555];[[ 0.58030692  0.77121736  0.26166327] [ 0.57384782 -0.15923568 -0.80333223] [ 0.57787763 -0.61633415  0.53496697]];-188.55090829620775;-10.06727077986972;9.064437205041182;-167.63469548857987;11.670124649975959;6.222322195112664;168.15558341724685;189.03692491712906;174.21834598542847;189.0141165871221;175.2644077678032;384.67802787664397;1603.8272628443328;-89.81687866793735;765.0327454906695;-630.0095163550504;400.00970308983653;-168.3904641274198;0.014291724604167095;69.97056182487773;47.041015069478796;25.182931793227763;-975.1253700301166;200.9546783381496;86.0204320951134;90.14759749427448;1651.7585010731623;36.96945015659217;39.10355042629032;15.750240135829301;-43.55143887668386;-2220.4124513197644;-541.11270766098;48.32304739227861;-90.13634194215868;139.7438491451112;87.24553514730654;25.333218045267383;nan;48.32304739227861;139.7438491451112;22.989829347011227;nan;126.21795972246535;225.7642812402246;-216.04152729774776;-564.938194309118;-117.64806603217507;85.62127525140511;359.1264452296883;nan;-575.1679725274361;nan;171.18873785345664;-962.459457836967;
440.475;-64.42863075801705;-167.1637752667379;5.754907936792108;-63.226472105795004;-166.29864030583832;6.847192604304391;15.504367556720677;15.709374514886594;28.44926563544286;9.103901852990749;29.07443310338328;10.01533619593365;[3.8078234  5.24465837 1.04614632];[ -63.5551293  -165.86614867    6.41960374];[[ 0.54006689 -0.60333875 -0.58677943] [-0.83012386 -0.26701892 -0.4894847 ] [-0.13864388 -0.75145409  0.64505397]];-246.29178857955398;95.53543220502027;12.080344578866304;-247.9054241748044;46.38833634995033;1.842770858628517;252.2149339136032;264.44772385758944;264.3756721619333;262.68427428865823;264.5408357200091;249.9164797875435;-2723.4406710314674;656.7504649995982;1587.1310125115958;-152.7773706716512;-1502.1631463087929;489.02945489858644;0.02487555520389904;40.2001077685799;-232.04613302676321;-192.5977814567995;2643.677698585301;1663.5162147614828;79.40160560453836;90.07833470039361;2812.63373171391;-95.35341758165264;-191.9069876175339;6.313762361145862;-94.51760732700349;-189.21539906237845;6.738856653833104;9.304753813879922;9.80149092821868;42.34084275263408;14.100109911805704;39.93998987312305;14.370883409820228;[3.56207645 1.81414352 0.59909553];[ -94.57396356 -189.80720583    6.72960045];[[ 0.57687506 -0.32379758 -0.74991352] [-0.5780226  -0.81050879 -0.09468563] [-0.57715252  0.48808874 -0.65472463]];-187.59121052447605;-4.2667615680345685;8.513316172496948;-167.41744247534376;16.30265157315275;5.707476139370617;168.30612519210982;187.83275559009843;175.22849024760126;187.6740479074755;176.0156770415659;75.97690255514902;1180.4171588389443;-174.72121695356856;774.6802045454667;-304.06472549571976;691.4120345729775;-172.11467244681515;0.024148477420996062;41.41047829088152;44.053077656720625;22.897159343552214;-459.08458809523927;-107.42656397392102;84.44143973613826;90.18920225651375;1195.6942177066076;39.609106475550654;39.18845084049611;7.0440906170070265;-49.32309549776161;-1958.5393177187177;-1001.6563610655032;47.56947305926323;-90.61439997184354;137.4260011046793;87.63028361043145;26.837697914268446;nan;47.56947305926323;137.4260011046793;20.731775144994785;nan;126.97107866380159;221.86744084081755;-294.8866744507548;-588.0233037111229;-124.88875918464989;73.58257667326468;355.59991333079506;nan;-650.4865877815499;nan;150.654129243855;-1029.8905724040947;
440.479166667;-64.84646980575059;-165.3503515255049;6.142486336505669;-64.25485730542925;-165.87693502693733;6.8918264144854;16.608804743733007;16.821760975650573;27.02637469679543;9.51568991814513;28.084625624639134;10.188528895516473;[3.85841506 4.69395978 1.07671642];[ -64.34360483 -164.6841291     6.63978324];[[ 0.53825898 -0.60219215 -0.58961164] [ 0.83635874  0.2954792   0.46173163] [-0.10383318 -0.74165804  0.662693  ]];-245.50182384421805;82.77787962272694;14.521909671781605;-247.3654051488428;38.64452666636883;3.85426818577988;250.39548416248795;259.48835951962764;264.0270397336079;257.70020509269034;264.1742637141123;129.2665931741911;-3400.1845684746404;515.2007796008646;1897.1744642546687;12.152830990463084;-1844.730234996886;442.8245889821835;0.02990363873725797;33.44074641839709;-220.09457751812997;-183.68274370621654;3093.0689455636634;2070.971273506583;81.12183120644384;90.13778156395323;3441.4236581835253;-95.1684179633724;-189.9779796618879;6.794380184920399;-95.29989689257833;-189.2434239123046;6.775845481782306;10.088058105554621;10.585155735399477;40.361603708712295;14.523053701875636;40.12752947263087;14.510901588373923;[3.43463168 1.74146993 0.6281584 ];[ -95.40339462 -189.88294049    6.81719272];[[-0.53271306  0.45773226  0.7118272 ] [ 0.65467591  0.75589978  0.00386989] [-0.53629865  0.46807767 -0.70234397]];-186.80186552435538;1.207252118103913;7.665314560452331;-166.68861616230868;21.340492050349575;5.133893563350922;168.12753558586508;186.962968173825;175.96012453938997;186.5526436751009;176.52300990173205;302.9086975025473;1447.109410509339;-232.31955682821032;964.930542063322;-10.12241559956301;948.5641106711754;-176.67658491053146;0.03384861371213749;29.543307401136445;41.574151653053384;20.174666771904654;-730.7998936657656;-381.24015451723363;82.707754899051;90.22399065779005;1496.6134108353542;39.06872884145414;39.23480242742211;-2.8807127048145897;-56.02000061997416;-2805.366276760077;-1404.6580734611962;46.52270133146568;-91.11674249242591;135.03603085920616;87.95904577440093;28.32593842217873;nan;46.52270133146568;135.03603085920616;18.196762909286953;nan;127.64453253790953;217.74378575825716;-378.92670477050973;-609.4363897700197;-134.00926137542763;63.522691040777566;346.6619597068181;nan;-725.5886644773278;nan;127.17514105584284;-1096.9454425379895;
440.483333333;-64.8291624759361;-162.77956754840773;6.7647989846959575;-65.27890367728942;-165.50251170413054;6.947862142461519;17.693403175790838;17.91355024066075;25.607409573398208;10.091464099898856;27.140715328162013;10.373165406157577;[3.83157137 4.32939219 1.11687374];[ -65.08828688 -163.51627685    6.89824476];[[-0.53644505  0.60261516  0.59083134] [ 0.83861017  0.30211157  0.4532787 ] [-0.09465563 -0.73863629  0.66742546]];-245.02341303659026;67.35527348125957;16.376533381065748;-246.4893103249262;29.773206701043414;5.632594597524101;248.3448208914792;254.63973893996973;263.41852017622966;252.19722440006663;263.552328439213;100.37059448741944;-4002.666379435489;375.0186008563379;2183.7067088768536;138.58540650317926;-2144.4047548296103;388.45504625668747;0.03484956297150944;28.69476443126503;-206.23602081147752;-173.52522939381547;3559.0382736357615;2422.7276250515292;83.1144456353234;90.15696640464348;4021.4489120575945;-96.05766536874279;-189.85753008798616;7.256932913288452;-96.08086741470603;-189.2509554087787;6.809800955270514;10.868704213107462;11.36690035741575;40.36448789364247;15.096720651504983;40.307098853595384;14.647430441726412;[3.29137608 1.81278573 0.65055237];[ -96.19181002 -189.79936891    6.9322953 ];[[-0.52055409  0.51773553  0.6789502 ] [-0.70439906 -0.70980317  0.00119671] [-0.48254058  0.47762892 -0.73418335]];-184.73585517815286;8.170124606858208;6.699249925037645;-165.24080631165606;26.893837388220412;4.4920287343059275;167.47531424702598;185.03774499829265;176.23778829331684;184.1441289285116;176.66876935442318;688.7762686756993;1895.0693840952206;-231.39146817122554;1165.317856652884;222.36923981166308;1128.3812216270028;-187.81226503934099;0.04151868754707437;24.08553976727199;37.5235249468034;16.896065646207315;-1213.5009253358219;-575.8634693565001;80.7592124970335;90.25012076031119;2029.591764461093;41.33615419973804;39.24715159563778;-16.581260036649912;-63.81685646544127;-3770.8964425269046;-1720.283545404965;45.112084105509176;-91.65513963171468;132.52580690709107;88.24347174937476;29.80103052535571;nan;45.112084105509176;132.52580690709107;15.311053580153466;nan;128.22652974083258;213.28501940412457;-457.33761890733814;-622.9189936267895;-144.60598748494667;54.45761643648333;329.4033953768586;nan;-786.7410142841968;nan;100.66317683912362;-1151.1480441120148;
