

Insect numbers for this group are 46-47;
dt;xt_46;yt_46;zt_46;xt_avg_46;yt_avg_46;zt_avg_46;xxt_46;xpt_46;xp_46;wd_46;xp_avg_46;wd_avg_46;disSTL_46;disSTL_avg_46;disSTLz_46;disSTLz_avg_46;PCAsigma_46;PCAmu_46;PCAwt_46;vxt_46;vyt_46;vzt_46;vxt_avg_46;vyt_avg_46;vzt_avg_46;vavg_46;vv_46;vv_avg_46;vvt_46;vpvt_avg_46;axt_46;ayt_46;azt_46;aavg_46;axt_avg_46;ayt_avg_46;azt_avg_46;curvature_46;curveRadius_46;vxp_46;vxp_avg_46;axp_46;axp_avg_46;thetaToR_46;psiToR_46;aa_46;xt_47;yt_47;zt_47;xt_avg_47;yt_avg_47;zt_avg_47;xxt_47;xpt_47;xp_47;wd_47;xp_avg_47;wd_avg_47;disSTL_47;disSTL_avg_47;disSTLz_47;disSTLz_avg_47;PCAsigma_47;PCAmu_47;PCAwt_47;vxt_47;vyt_47;vzt_47;vxt_avg_47;vyt_avg_47;vzt_avg_47;vavg_47;vv_47;vv_avg_47;vvt_47;vpvt_avg_47;axt_47;ayt_47;azt_47;aavg_47;axt_avg_47;ayt_avg_47;azt_avg_47;curvature_47;curveRadius_47;vxp_47;vxp_avg_47;axp_47;axp_avg_47;thetaToR_47;psiToR_47;aa_47;xb__46-47;xb_avg__46-47;vxb__46-47;vxb_avg__46-47;axb__46-47;axb_avg__46-47;phi1to2__46-47;psi1to2__46-47;phi2to1__46-47;psi2to1__46-47;phiO1to2__46-47;phiO2to1__46-47;phi1to2__46-47;phi2to1__46-47;phiE1to2__46-47;phiE2to1__46-47;alpha1to2__46-47;alpha2to1__46-47;dphi1to2__46-47;dphi2to1__46-47;dpsi1to2__46-47;dpsi2to1__46-47;dphiO1to2__46-47;dphiO2to1__46-47;dphiE1to2__46-47;dphiE2to1__46-47;dalpha1to2__46-47;dalpha2to1__46-47;
438.6875;-40.30380622050094;-225.2851558107891;15.701405010599345;-44.18896306814509;-229.93587489325702;15.912483742969869;0.0;0.0;87.17433711136219;16.665210705671388;89.46745328154766;17.455787138141925;nan;nan;nan;nan;[nan nan nan];[nan nan nan];[[nan nan nan]
 [nan nan nan]
 [nan nan nan]];;;;;;;;;;;;;;;;;;;;;;;;;;;;-118.83883413886468;-181.56276840617403;9.210159315524933;-117.66636911920423;-174.8376882325988;7.468540860103113;0.0;0.0;44.64139641709526;19.90512863214772;47.38249953671257;17.923135892956623;nan;nan;nan;nan;[nan nan nan];[nan nan nan];[[nan nan nan]
 [nan nan nan]
 [nan nan nan]];;;;;;;;;;;;;;;;;;;;;;;;;;;;90.11955415541755;106.6752397964496;;;;;;;;;;;;;;;;;;;;;;;;;;;
438.691666667;-42.28578327478995;-230.17154445359574;14.533777853383057;-43.816789829767735;-228.74739135149179;15.643339164985626;1.2741447532637125;1.2741447532637125;90.36355313976108;15.842363837118903;88.60366354520771;17.122115691814933;nan;nan;nan;nan;[nan nan nan];[nan nan nan];[[nan nan nan]
 [nan nan nan]
 [nan nan nan]];56.41523065647677;278.8865785762009;-61.70449261729779;37.119897713761034;275.25073366321976;-59.85197324280756;284.11813016679974;291.149182326039;285.88665765444375;290.69485475913234;286.1040567267253;-5110.794042622771;-979.245876771511;460.6594606455097;5032.6667690511085;-4923.621205815267;-935.8259470746323;458.16899364689124;0.05891426094245986;16.973818970192564;-219.43673355070416;-226.37388815430162;-1870.802266130298;-1786.1795017280485;14.35232577296933;-32.62635926442062;5224.1119218451495;-117.3296565889141;-179.37929835385478;9.381263498405303;-116.8059745909509;-174.51263445746662;7.839695023092654;0.9918135478407364;0.9918135478407364;42.05014311307258;19.84321356492605;44.88947990906138;18.17290787743373;nan;nan;nan;nan;[nan nan nan];[nan nan nan];[[nan nan nan]
 [nan nan nan]
 [nan nan nan]];210.39227865571164;80.46803093378689;82.65876769320153;212.64869438048908;81.85696490528214;78.74512464786264;241.08260945376932;239.94267398039506;241.20342431766244;239.88745388491944;241.2006927255322;603.2734589649986;377.7386610198426;-1007.9680937950471;1197.2437415551071;578.4440547359452;359.07895452443546;-984.8133613285054;0.019894542607023672;50.26504100913357;-556.6785187610477;-531.2241973857267;6544.799536432644;6399.932602599647;70.1512070023825;-97.16638931441646;1233.946935824016;90.7633383587295;103.16837010882668;-801.7541756757374;-776.9011443900781;6304.591232600223;6207.254104317924;60.9758020068296;-88.48876423745108;57.80936228452342;96.77390016165221;45.89731823568463;nan;60.9758020068296;57.80936228452342;15.078483771144974;nan;75.32812777979893;127.96056928690592;;;;;;;;;;;
438.695833333;-41.7749105486573;-227.79475013652672;14.696229334187237;-43.53679026825507;-227.57672802203334;15.382231640186534;2.5044102326549957;2.5058222779806067;88.55395910865899;15.900311464881755;87.70584126077779;16.80880737962231;nan;nan;nan;nan;[1.01882549 2.1357561  0.63067035];[ -41.79154429 -226.98786683   14.75508465];[[-0.61755362 -0.49683531 -0.60973945]
 [-0.31809637  0.86676676 -0.38409646]
 [-0.71933457  0.04324425  0.69331646]];35.52859288982251;274.90264066673694;-59.79003517611855;29.29517164783386;273.8284909871979;-58.988143571939474;281.63780044636354;283.56408634493425;285.7147142443945;282.23252335235094;285.9231497525678;-4915.229864935138;-933.2255552466414;458.26110262971025;4946.196038538837;-4838.930658347601;-917.0403265476929;456.77387714955046;0.05945851461080665;16.818449074041432;-227.0474301585107;-229.05639541021498;-1782.5143498647378;-1747.7206560093305;13.524061590968326;-27.05755768414024;5023.982265125853;-115.48157903302689;-176.80037784113324;9.629369946151357;-115.93465228326924;-174.18068599606138;8.192926561350331;1.9887759508922245;1.9888917115334661;38.946857634099175;19.80706530389397;42.51273373671384;18.403373254112722;nan;nan;nan;nan;[2.08344619 3.01032302 0.2306227 ];[-115.76178243 -177.12803412    9.55954673];[[-0.57849887 -0.57876808 -0.57477523]
 [-0.42793176 -0.38454735  0.81792282]
 [ 0.69441591 -0.71913201  0.02521304]];212.85195013979714;82.00173555249769;78.50919378715822;213.54071818116827;82.37881270742216;77.04903359456196;241.50043619478126;241.23418253026668;241.77380992969574;241.11596072073132;241.7706920483111;577.4164953134863;358.4570401888505;-983.8699953029603;1180.4384161391577;567.0967515489914;350.35338396748693;-974.2118019313026;0.0195288259998995;51.20635515955471;-529.723242830133;-520.149497871961;6394.002885519129;6333.640544495749;70.05533434043365;-97.01662296905752;1195.7848578981536;89.77066363196877;99.77270857375365;-775.6945506889051;-765.7683598051744;6204.108012504597;6161.608615966936;59.65477305210498;-87.84112773806969;57.75309366059143;96.89344367303907;46.48751591077372;nan;59.65477305210498;57.75309366059143;13.167257141331255;nan;73.1788346430733;127.80842800102508;-712.6029514088359;-4.620665774773382;235.9613510776663;-49.890241341185416;258.7977485210761;nan;-971.400699929912;nan;-930.0846218912211;-47.29645562966634;
438.7;-41.24258760724406;-224.04060424103892;15.061880199704234;-43.345523570151975;-226.42306706227126;15.129121510463818;3.6966018762542787;3.7023093433727357;85.6145214118569;16.13606931517411;86.77553818835746;16.51535781910638;nan;nan;nan;nan;[1.1524758  2.16425771 0.63985824];[ -42.26776057 -226.37503324   14.53754947];[[-0.6852371  -0.22355817 -0.69316077]
 [ 0.1954905  -0.97325725  0.12063907]
 [ 0.7015936   0.05283998 -0.71061548]];15.45133361909832;271.10818865353815;-57.88580849948411;13.975006806233088;271.02562286856113;-57.321605500411856;277.37331436832676;277.64934808360357;284.5585375899394;275.0957774712494;284.75204225222245;-4722.2923645759965;-888.2926465641824;455.7486936640009;4778.827096724382;-4674.997164013573;-880.551978468636;454.1124861388534;0.060158431538722405;16.622773806134326;-234.2925385016017;-234.3328604469088;-1695.3198990666995;-1673.3014663895776;12.281316926176679;-14.009818770042466;4826.6775191894885;-113.87382600027455;-174.30491634319935;9.82304113537323;-115.05285606447782;-173.84217942001848;8.528658283620318;2.9908756635465803;2.991322289098571;36.10015228752291;19.749841777068703;40.24961489985192;18.615015903542023;nan;nan;nan;nan;[2.15021825 2.86954935 0.22966337];[-115.00588469 -176.31769833    9.48426302];[[-0.62202019 -0.64358147 -0.44597509]
 [-0.38848624 -0.2408588   0.88941862]
 [ 0.67983037 -0.72649152  0.10020351]];215.20447979928966;83.45531863724837;74.45949594738926;215.29075175352025;83.40615783111033;73.75097147368558;242.3755366122092;242.53242024782338;242.8542881393993;242.33268999552186;242.85039036589643;551.8453831603578;339.2803247189702;-960.0275819833105;1148.0299162885353;545.1484704283155;333.50469331714027;-953.7087885820125;0.018822082582746057;53.1290836496853;-503.39291158926204;-498.6220472789647;6244.826085211404;6205.428991746686;69.87194278957512;-96.72318000266037;1158.1439564344037;88.18379032406405;96.48650243552606;-750.0526151431307;-744.1948893048162;6104.100300892195;6073.487410924108;56.73907417405807;-86.86355636378867;57.7187638229727;96.69790839914333;47.62616460864015;73.12135978028103;56.73907417405807;57.7187638229727;9.112909565417915;-15.402595957308328;69.02039110023475;127.59070661254782;-733.7835160405643;3.055489992695123;238.39705239274647;-54.81896175653487;227.3501354261829;-1664.4279325161358;-961.1336514667473;1667.483422508831;-772.4583874040453;-37.001159921541216;
438.704166667;-43.35063378513886;-227.64727949677098;13.782130874761421;-43.23959452404024;-225.28560950829;14.883967137657468;4.856347927255781;4.870697684818004;87.64335970983448;15.199371986308265;85.81428710427069;16.24126695022301;nan;nan;nan;nan;[1.79786788 2.77521859 0.90502498];[ -43.02762303 -226.46985067   14.20169737];[[ 0.64549854  0.37328736  0.66632438]
 [-0.33284001  0.92271022 -0.19448233]
 [-0.68742211 -0.09624135  0.71985307]];-3.827491644564578;267.49869164976104;-55.99228779968576;-1.2240567750911993;268.26854522391983;-55.59947460439902;273.97228372197105;273.32276893750725;284.14166645282285;269.2304312473043;284.32000113282476;-4531.981541545352;-844.4471507241345;453.1222337483819;4607.365625936487;-4506.9318688394105;-843.6732123131949;451.21907265313155;0.06020580652320555;16.60969361177087;-241.1766146860919;-239.48242497127532;-1609.2189137361843;-1596.9024563993073;11.71171433695009;1.28800403884089;4632.198985578126;-113.28501637273658;-173.5928096526274;9.753899729707868;-114.1610348401956;-173.49744947969944;8.8473085596681;3.998075623563158;3.99915254576779;35.20853062686799;19.593092945085285;38.09750540106391;18.808314625936898;nan;nan;nan;nan;[3.05991822 3.85106235 0.31626907];[-113.73256631 -174.78016261    9.61279268];[[-0.59055667 -0.59717206 -0.54279679]
 [ 0.4318974   0.33429462 -0.83768236]
 [ 0.68169455 -0.72913143  0.06049714]];217.4510586820992;84.82921729371027;70.50860881900952;217.01102588764007;84.39583306529556;70.41088583017063;243.2573428264408;243.82867539775006;243.93725127725534;243.53204972047294;243.93260655035886;526.5601225056131;320.20851461020186;-936.4408538360982;1114.7850310225465;522.577714335847;316.05759698446644;-932.6123488673452;0.018115907956727528;55.20010381972822;-477.68077566091057;-476.7935132376688;6097.269135509471;6073.528642308333;69.69970275830985;-96.42260796048545;1121.035471417064;88.48124221662972;93.30800719379498;-724.8263877530674;-722.1378572913471;6004.56809776302;5982.159438779905;53.71641512370341;-85.87478314575759;57.714588112468356;96.4776916618629;48.64416381511406;65.2140047218552;53.71641512370341;57.714588112468356;5.072251308589351;-7.499416609386849;65.42812946065351;127.41429087077822;-743.9614041707969;11.110626222932625;239.24933191287369;-57.97460996901564;190.02637953071175;-1310.7007421076225;-933.9877837015085;1321.811368330555;-593.1518737835603;-26.100604992469563;
438.708333333;-43.721637822026395;-226.1484036189267;13.837063301680487;-43.21565352053867;-224.16357527486957;14.646724903556281;5.989066688512605;6.017788731883305;86.15627910683973;15.280026711217783;84.82360180106613;15.986039035341578;nan;nan;nan;nan;[1.71531289 3.75700463 0.82392946];[ -43.28345657 -225.17502949   14.16808901];[[ 0.69482858  0.11308065  0.71022954]
 [-0.21072903  0.97622743  0.05072743]
 [ 0.68760927  0.18491285 -0.7021401 ]];-22.318827390034873;264.0696187685623;-54.10994828901479;-16.21688643272719;265.5614536953242;-53.85992554047011;271.45306163970736;270.4787979056397;284.0983759310898;264.5749471341071;284.2616494688992;-4344.297395843201;-801.6890677264975;450.38172288285307;4435.031747452913;-4337.917283212406;-806.8993164221648;448.21171122560156;0.059598203715242666;16.77902919319434;-247.70421481809595;-244.51064692570625;-1524.2113938731904;-1520.0102886653383;11.959026331481295;17.106986606637886;4440.548268080094;-113.69109912099312;-174.93943106465053;9.250782063614125;-113.25963255334187;-173.14682910419242;9.149291320280481;5.010314746840759;5.012392062453199;36.44668976416268;19.168152223184016;36.05381536534449;18.983743141179545;nan;nan;nan;nan;[3.42748296 4.15660442 0.31620863];[-112.78048495 -173.72104845    9.66013404];[[ 0.58982575  0.59874814  0.54185446]
 [ 0.4460013   0.31783805 -0.83669697]
 [-0.67319272  0.73517321 -0.07957338]];219.59287783613573;86.1238686275547;66.65546704713381;218.69818411470152;85.35380738815304;67.07547026156521;244.15832339187605;245.1148792525739;245.00883106391709;244.70878820511243;245.0034638053132;501.5607133492525;301.2416098625453;-913.109810861323;1081.410122450495;499.8384702723384;298.4091383920811;-911.3513826720729;0.017420305329366878;57.404275131401725;-452.5800856675546;-454.97961288545844;5951.332036413328;5940.612648261485;69.53813737362346;-96.11979260814284;1084.4718453603073;86.8280966054586;90.23548660356715;-700.0138872333686;-699.990389513983;5905.511403117067;5889.732303474927;50.62421154039226;-84.8769142605176;57.74422623957847;96.24108371783929;49.52074907052329;59.25112700932584;50.62421154039226;57.74422623957847;1.1034624698689726;-1.506900769747375;62.58323787187356;127.28236361320192;-740.1726506999615;19.131155330154876;237.50910455532954;-59.38593738781969;147.73246535272227;-1109.010594763683;-887.9051160526838;1128.141750093838;-432.09451250408716;-14.69639803130244;
438.7125;-43.19496473103756;-223.53749493187843;14.150359737592709;-43.270396552302984;-223.0562031554849;14.417349209897834;7.0999348543146095;7.149991460708208;84.16629010978073;15.48187999091272;83.80497708751686;15.749182659244974;nan;nan;nan;nan;[1.71758873 4.78166583 0.77094497];[ -43.57279899 -223.79305853   14.13378639];[[-0.71524093  0.16317688 -0.67956141]
 [ 0.08127848 -0.94634093 -0.31278211]
 [ 0.69413559  0.27894828 -0.663599  ]];-40.033618106181265;260.8164391230985;-52.2392651797625;-30.847901045318864;262.9372165068546;-52.1045062161229;269.81929580980733;268.9922792982097;284.57480039869415;261.06104584894297;284.72319331979344;-4159.239927469547;-760.0183975712716;447.5271610674145;4262.30203188017;-4168.398102079073;-770.4533813993384;445.05894064014797;0.05833672053889141;17.141861776980225;-253.87989500372848;-249.34431822572913;-1440.2973394777205;-1442.802412926858;12.968460423509255;31.280144529408766;4251.727331191024;-112.54118158009237;-173.64428667346573;9.341325467079358;-112.34908818413636;-172.7906494013117;9.43501605726557;6.02750937123192;6.031015473906745;34.73505985914766;19.08705694218758;34.11598304009466;19.141770088819012;nan;nan;nan;nan;[3.65018712 4.12019209 0.29662006];[-112.00097571 -173.06646625    9.63541232];[[ 0.60133334  0.62443986  0.49847073]
 [-0.44639904 -0.25485391  0.85777467]
 [-0.66266591  0.73832537 -0.12549721]];221.6311283093092;87.33970974445299;62.89900527687701;220.3306929128858;86.26258470724692;63.762830219387915;245.0562104445301;246.3835765604586;246.05893554817146;245.85798157509058;246.05288331256725;476.8471556912759;282.37961047600095;-890.0344530589855;1047.9769174442836;476.9740278872854;280.56427680561944;-889.9635289142706;0.016740214956406305;59.73638944327357;-428.08409223167;-433.2923372079601;5807.014787922981;5806.921554638675;69.38960916484845;-95.81669764028167;1048.4668721211203;85.56492758255831;87.26721267520493;-675.6131322986878;-677.8242278386659;5806.9302169543425;5796.213882218718;47.51673675561908;-83.88103871315212;57.80717666432604;95.99456991212155;50.22771697786855;54.29149853763495;47.51673675561908;57.80717666432604;-2.710980222249475;3.5156781266910926;60.485197179128335;127.1967858291745;-739.4098521565721;28.62476619549443;241.11954984208487;-60.307393018356265;109.86479499333763;-989.367303171994;-849.2746471499098;1017.9920693674884;-314.44271993445415;-3.0432812787565524;
438.716666667;-46.58317230450376;-231.0587803776021;12.336067242459592;-43.40056521402586;-221.96275082230616;14.195792478368487;8.19385791462816;8.273231982909355;89.1610509160375;14.242840239416179;82.75988878862051;15.530210729129623;nan;nan;nan;nan;[1.80346569 6.30695845 0.72066159];[ -43.89995578 -222.06760851   14.15916845];[[ 0.72863559 -0.34646435  0.59080677]
 [ 0.05432368 -0.830663   -0.55411905]
 [-0.68274382 -0.43584566  0.5864294 ]];-56.982808282098496;257.73462182648547;-50.38071368419489;-44.929782301341234;260.43027248898125;-50.34692689391116;269.0305284052198;268.7236350585573;285.5682840701589;258.61452744221293;285.7022978790665;-3976.8091364219163;-719.4351402579102;444.55854830202486;4090.6813526131355;-3999.836968759632;-734.726181061794;441.76418010398334;0.05649196601599385;17.70163211733298;-259.7082113491814;-253.90927952380812;-1357.4767505486495;-1365.9299758100858;14.52634414979543;42.6721467805153;4065.738571457239;-109.92078756089208;-170.22626261638544;9.989700151719674;-111.42983575009916;-172.42923965759812;9.704887823452783;7.049554648548175;7.054965087178534;30.486037217422034;19.333373215540565;32.28147479512181;19.28285902807124;nan;nan;nan;nan;[3.90529542 4.04019789 0.28308275];[-111.24828894 -172.56932233    9.61126803];[[-0.6153325  -0.65181974 -0.44327976]
 [-0.43190449 -0.1916315   0.88132621]
 [-0.65941219  0.73376317 -0.16360678]];223.56700114955515;88.47717775009134;59.238158153304674;221.88512802063877;87.10564030548156;60.506300351975554;245.92969522212374;247.62789496949327;247.07075444443925;246.97502124045457;247.0640647017607;452.4194495313517;263.6225164503132;-867.2147804287755;1014.7721894143243;454.17167522853134;262.6519279960467;-868.6222715017215;0.01608301330318822;62.17740302445467;-404.1860459754106;-411.9461929975649;5664.317390036485;5673.542929561077;69.25624109560965;-95.51677725536854;1013.0358655486864;87.85074935400108;84.4014656744263;-651.6221416633531;-655.837120259134;5708.824539273506;5702.268933463725;44.456106117856116;-82.89767172254481;57.903652533997366;95.7462009062712;50.75185294846992;50.00937205290718;44.456106117856116;57.903652533997366;-6.295746830613801;7.894280481090185;58.982450267651544;127.15989362960701;-740.3323945134747;38.45229397391962;247.83687153801824;-61.68257583612483;73.60780181409568;-913.1030703230354;-813.9401963275704;951.555364296955;-238.2254517777691;8.488661188314143;
438.720833333;-44.79111095669185;-222.5446429730963;13.716362766478781;-43.60294670244013;-220.88249482618406;13.982005150600527;9.275443569735328;9.392882064642349;82.50161880502208;15.246747770236517;81.68979374558442;15.32864047460283;nan;nan;nan;nan;[1.7266465  7.08551021 0.59131979];[ -44.37271954 -220.94470707   14.05277288];[[-0.75349983  0.51191605 -0.41252873]
 [ 0.03640715  0.65899653  0.75126433]
 [-0.65643927 -0.55105855  0.51519118]];-73.17734240619308;254.8196359919637;-48.53476901465398;-58.96283725730964;257.9108000674566;-48.6539553097244;269.001495044448;269.5247560652192;285.87557040994164;257.15626949962984;285.99581356765816;-3797.0050227052875;-679.9392957875208;441.4758845867651;3924.3530634490385;-3836.4705547638787;-699.7059535390296;438.6937743046134;0.05421789036143458;18.444096465828267;-265.19371996041036;-258.53017818699493;-1275.7496270882389;-1291.5041437335883;16.509853192047842;51.650988580540215;3882.58490506993;-108.63111642578244;-168.57131257482678;10.13559279515249;-110.50230430603798;-172.06292733831367;9.959307232696233;8.076325884369787;8.084153374510615;28.44865551765778;19.283323519749082;30.547785122616656;19.407468437820636;nan;nan;nan;nan;[3.52925551 3.2511221  0.30199314];[-110.39907437 -171.88562716    9.59977959];[[-6.63526729e-01 -7.07196193e-01 -2.44143040e-01]
 [-3.45871266e-01  5.93698420e-04  9.38281789e-01]
 [ 6.63404362e-01 -7.07017108e-01  2.44992777e-01]];225.40168740473072;89.53670975011008;55.671860321631485;223.44747244043916;87.9703416524702;57.31879968071947;246.88661111391116;248.84151403945174;248.0662681442282;248.05560140160432;248.05891881432004;428.2775948701466;244.97032778599402;-844.6507929713159;982.8830853984992;432.12363702808835;245.42097488232557;-847.9957941946997;0.015448931045745162;64.7293975899655;-380.879197521904;-391.07347247046675;5523.239842757742;5544.615298960586;69.12570876922814;-95.22249540056694;978.1958504463242;83.67489830386312;81.63653412226776;-628.0389340426726;-634.4814510210083;5611.194370077237;5611.953164921466;41.35498798761122;-81.87170913112287;58.04571638262324;95.49200830363228;51.14325693615178;46.04677101115293;41.35498798761122;58.04571638262324;-9.788268948540562;11.998945371470313;57.86484117965906;127.17142515185138;-742.1945155220428;47.3930804383689;255.36283158048127;-64.56521888676224;34.21599412574906;-859.2750237399263;-776.4105096477919;906.6681041782952;-191.60817371725844;19.593888600632198;
438.725;-44.566058869397025;-220.56479734738502;13.875581938474767;-43.87437381630687;-219.8147305967086;13.775935688183717;10.34897897665934;10.513711111031704;80.91349756740253;15.345087206992048;80.59612981588451;15.143993447693553;nan;nan;nan;nan;[1.93341419 7.05160938 0.60918334];[ -44.79796899 -219.65309136   13.96633621];[[-0.74516015  0.499006   -0.44241313]
 [ 0.01790788  0.67813522  0.73471894]
 [-0.66664508 -0.53956059  0.51425548]];-88.62816496757004;252.0669507326468;-46.70190638340562;-72.68190652081213;255.46557378332076;-46.94192071200877;269.7199711628227;271.2448475769038;286.7410954951321;256.60335805782285;286.84740252596276;-3619.8275863171543;-641.5308641595423;438.27916992159567;3757.2853340106253;-3672.252525357778;-664.9155157630598;435.4788491675625;0.05149958860579546;19.41763084079211;-270.3409769436119;-262.97603348059243;-1195.1159690953505;-1216.6091897312238;18.71056867258917;58.54497439345361;3702.2698760515996;-108.28824669240902;-168.23062005616373;10.08375515863176;-109.56691794409896;-171.69203808746195;10.198670459861017;9.10767982556413;9.118465337613436;27.982410974644207;19.181689047972174;28.91243663724653;19.51605171661352;nan;nan;nan;nan;[3.15296893 2.56286875 0.33777135];[-109.64817359 -171.37652441    9.57204515];[[-0.70410726 -0.7098497  -0.01861093]
 [ 0.26164688 -0.23498692 -0.93612075]
 [-0.66013171  0.66399891 -0.35118596]];227.13637812277307;90.51874285019653;52.19904642692172;224.96128607857378;88.79034844667623;54.14592133309069;247.83681528057394;250.01863434910462;249.04690091726803;249.09570666723806;249.03892787192729;404.4215917073255;226.42304448278674;-822.3424906862937;950.9230755539913;409.9066799736377;227.96482466910618;-827.2020599875434;0.01482971025208782;67.43220083205696;-358.1567974932964;-370.2751303510085;5383.782146084789;5414.659253900174;69.00654415572983;-94.92842006730038;943.9657784581376;82.54551038081075;78.97071479523389;-604.8615281509697;-613.0598843115137;5514.039709364194;5520.398558820564;38.286669496916105;-80.83236445972987;58.22408831711307;95.23217944097063;51.36525129692016;42.40017980022214;38.286669496916105;58.22408831711307;-13.078581800004052;15.823908516890931;56.99723816950527;127.2306324728429;-735.603037958324;56.66526279412276;265.18587439494655;-66.14475982868488;-2.3432619637189585;-814.3004019315406;-733.259775994605;870.9656647256634;-162.6342086003812;31.21393955173968;
438.729166667;-44.30335612213556;-218.13187105566158;14.158120875778394;-44.21172495643186;-218.75877244212072;13.577530572647817;11.418412482230295;11.63986296840047;78.9797927458436;15.55387153015123;79.4803158731775;14.97579552283591;nan;nan;nan;nan;[2.08862859 6.93528705 0.64244075];[ -45.31592542 -218.60039302   13.83875994];[[ 0.74029763 -0.46129559  0.4890458 ]
 [ 0.00791608 -0.72141267 -0.69246018]
 [ 0.67223267  0.51649795 -0.53040843]];-103.34622045509816;249.47203516169128;-44.8826010027411;-86.53626518785381;253.00590081382364;-45.172643134211185;271.18458423554927;273.73561237595874;287.8785609888412;256.8703001276589;287.97088014692724;-3445.276827257514;-604.2098453739748;434.9684043065164;3585.4203169054335;-3503.1986337284598;-629.4042553911;432.07460561445663;0.048353345944488264;20.681092083018275;-275.1545384049008;-267.4129860097267;-1115.5757765699846;-1139.4489814369197;21.09807270708354;64.03318949625215;3524.79779085686;-108.70399093967083;-169.67944933693798;9.66258518253062;-108.62409579369073;-171.3168957277578;10.423369240844076;10.143455896047943;10.157760742933824;29.2625082209158;18.84078714685335;27.372980076013537;19.609057182668288;nan;nan;nan;nan;[3.00930117 2.15217734 0.33746601];[-108.89926948 -170.88058704    9.56652249];[[-0.68182254 -0.72332409 -0.10918009]
 [ 0.36235388 -0.20430055 -0.90937393]
 [-0.63546652  0.65959347 -0.40139601]];228.77226435159199;91.42371415602202;48.818651114290205;226.4797244495106;89.59892220500059;50.90101761869484;248.82111253196075;251.1539470986978;250.03456320104468;250.09159984744096;250.02597174017265;380.8514400428882;207.98066654069135;-800.2898735737087;918.1818260050806;386.99572447275057;209.8949309019608;-805.75200454451;0.014209053304549335;70.37766546204936;-336.0120965120635;-348.9891145611211;5245.944300017629;5280.613865511415;68.89404883724721;-94.62689862543533;910.366771571807;80.71733875989618;76.40231272507111;-582.0879427028972;-591.0379850824593;5417.360557134375;5425.582242190131;35.17003369159982;-79.7436855346208;58.44065871960929;94.95396481290975;51.42839022053276;38.88614581332672;35.17003369159982;58.44065871960929;-16.258356528932943;19.554512906282568;56.26810639868336;127.3347075568565;-709.7626528984905;66.21634243482558;275.61407674466636;-64.69640743678413;-33.909963683989446;-761.6525018840879;-675.852689214501;827.8688443189134;-143.4603104476645;43.80388002575051;
438.733333333;-45.175384450044234;-217.83789685514347;13.649283522175025;-44.6119241256556;-217.7139535493713;13.386734305474326;12.48734029380592;12.774855968053256;78.27149823645733;15.159822179692862;78.34375180735911;14.823576896880406;nan;nan;nan;nan;[2.16754403 6.96331203 0.62183552];[ -45.93649113 -217.78893362   13.67542048];[[ 0.7425437  -0.4628137   0.48418213]
 [ 0.00639638 -0.71794552 -0.69606991]
 [ 0.66976708  0.51995933 -0.53014559]];-117.34245335764616;247.0303583922538;-43.07732808495171;-99.88490289383121;250.65087557901228;-43.40883091482827;273.28955680015974;276.8553873818158;289.3972880419068;257.87026430045825;289.4761032196144;-3273.35274552637;-567.9762394308182;431.5435877415273;3415.1934932064587;-3335.609480127171;-594.6324871379021;428.5652778348586;0.045001759442431635;22.22135339573216;-279.6389604503916;-271.61117774459797;-1037.1290495121414;-1062.8723377438102;23.485308917234345;68.2683589738657;3350.1738870279296;-108.2334567272618;-169.48424133512594;9.509930305365643;-107.67425202153484;-170.93782226064744;10.633790872560077;11.18347738112256;11.201876228914388;28.807670930731256;18.624620216690733;25.92699429835042;19.686928073868412;nan;nan;nan;nan;[3.07633363 2.13281787 0.36100012];[-108.14974304 -170.40382552    9.58705653];[[ 0.56901284  0.69768578  0.43526882]
 [-0.59504762 -0.01599908  0.80353118]
 [ 0.56757618 -0.71622523  0.40605258]];230.3105371390976;92.25206077325781;45.52960902885182;227.92780341127872;90.34975359459605;47.71502124471673;249.78167425749734;252.24260451504344;250.98469093113488;251.0398099744285;250.97552138653262;357.56713987683486;189.64319395970796;-778.4929416335613;885.8818277247295;364.2267444978645;191.8398370576654;-784.4252470459394;0.01361275475286109;73.46051685753193;-314.4383452006813;-328.0671931356737;5109.7263045562595;5147.356745152626;68.79444979537682;-94.33031013788488;877.4223958323691;79.5709163358122;73.9296411989198;-559.7161964131087;-569.2508911061741;5321.156913387782;5330.783163286497;32.156644180602314;-78.62248217310733;58.696298840397;94.68097310906542;51.34572411388918;35.614343117465474;32.156644180602314;58.696298840397;-19.18907993328687;23.081955722931525;55.64195309783666;127.49074863577383;-681.9096026732823;76.10748285536447;291.96465236350724;-62.850673145272005;-58.603026042470255;-718.1813294559959;-623.306576630812;794.2888123113604;-133.354277260563;56.65392597082567;
438.7375;-45.15298022313215;-214.54653961143003;14.240960417172516;-45.07194092885553;-216.67962598410642;13.20348940809354;13.558998316625505;13.921602524145378;75.50288584458966;15.69369028186203;77.18781852454957;14.686872089091066;nan;nan;nan;nan;[2.43129854 6.73316789 0.63864141];[ -46.46869486 -216.56448024   13.62815994];[[ 0.73288199 -0.4543898   0.50637328]
 [-0.01222775  0.73535991  0.67756644]
 [ 0.68024589  0.50276805 -0.53337587]];-130.62780816408264;244.73738953749094;-41.286562842328735;-112.72327784883717;248.39895125503588;-41.653671319557965;275.94130659976514;280.4720919712183;291.21471754974664;259.5162977316127;291.28061293911406;-3104.0553411237206;-532.8300463300724;428.0047202266285;3246.865535061701;-3169.7355714764226;-560.644758666968;424.95842651699314;0.041561649583211624;24.06064268449872;-283.79879918619895;-275.57143295320986;-959.7757879218202;-986.9951847550332;25.817258894169463;71.60088169093403;3178.404546241255;-107.19389304359765;-169.44828694417157;9.488955369727108;-106.71779583165322;-170.55513786630354;10.830318212945004;12.227552561441389;12.250627288201574;28.009016558886593;18.466503522286448;24.57208628609631;19.750102547764254;nan;nan;nan;nan;[3.75283459 3.23712239 0.74596672];[-107.10136483 -169.4865043     9.75001331];[[ 0.55388002  0.61296336  0.56346504]
 [ 0.73549133 -0.04303354 -0.67616611]
 [ 0.39021716 -0.78893855  0.47466466]];231.75238753319957;93.00421980757525;42.33085481572139;229.30529758111848;91.04294360490718;44.59131049578105;250.71522101927272;253.28019128779843;251.89361472491612;251.93712059444258;251.88390522341749;334.5686912091654;171.41062673983652;-756.951694865851;854.1010551302847;341.63474687267154;173.82896994876714;-763.2547420818701;0.013041062694590301;76.68086745835679;-293.4287941816254;-307.5321363043915;4975.128159700682;5015.0935002035885;68.70727831717176;-94.03928238142204;845.1589675658904;76.84730840574335;71.55102175927597;-537.7443079962571;-547.7288232737609;5225.428778124414;5236.156860105574;29.25534491745111;-77.44690156175066;58.99246157323233;94.41482808427037;51.14580718983311;32.539041630965094;29.25534491745111;58.99246157323233;-21.890462272381995;26.45341994226724;55.072603811620574;127.69973989040409;-653.0520863514432;86.36679352257725;316.29493353935976;-60.67832597852833;-76.60460885794383;-681.6989125760977;-576.4474774934994;768.0657060986749;-129.10722104027005;69.79779146368382;
438.741666667;-46.038851654808965;-212.99166647196893;14.344799862511522;-45.588790572946046;-215.65516069066732;13.027736421884544;14.63625916297445;15.082443514212125;73.71654963764084;15.889721956211524;76.01387794709365;14.565219941145443;nan;nan;nan;nan;[2.67003261 6.53418201 0.67152519];[ -47.01916138 -215.35070919   13.55579239];[[ 0.71967402 -0.45000675  0.52873739]
 [ 0.01011312 -0.7546521  -0.6560472 ]
 [ 0.69423845  0.47748731 -0.53855254]];-143.2132293632765;242.5885977105594;-39.51078048716347;-125.03209426999948;246.25244069068108;-39.90914822684923;279.0448516920749;284.465039290488;293.29463705855784;261.72247332569515;293.34824394768714;-2937.3846140495675;-498.7712660717376;424.3518017618199;3080.637379580917;-3005.765064423008;-527.4920740269479;421.2542626538946;0.03813229021642717;26.224493580750256;-287.63861071843775;-279.2861427219468;-883.5159917990218;-911.9011424498848;28.056603295669518;74.26848416778066;3009.4975657694813;-106.75727967351577;-169.51520207283153;9.427727635203993;-105.75513146536827;-170.16916090362506;11.013329680956147;13.275475797574227;13.303810128574941;27.7414719511293;18.349375624366164;23.30589114349668;19.79901368157305;nan;nan;nan;nan;[3.80920168 3.08553569 0.80644719];[-106.12867301 -168.80848427    9.87499274];[[ 0.55174574  0.60391961  0.57520235]
 [ 0.78726835 -0.14948412 -0.59821655]
 [-0.27529109  0.78290204 -0.55792403]];233.09900658180806;93.68062836464559;39.22132312001374;230.60969021478692;91.6764981353308;41.53369476202478;251.61569373133773;254.26269720016964;252.75777317722307;252.78055836569774;252.74756183078236;311.8560940398798;153.28296488107694;-735.6661332705781;822.9025672936065;319.2437284786021;155.87867241946535;-742.262700511237;0.012494196046844002;80.03716255537684;-272.97669407737186;-287.40847878788605;4842.149865450897;4883.9634025207315;68.63233682133915;-93.75442909689312;813.6058937555872;74.84055088654077;69.26478420399127;-516.1702961669957;-526.4963071278949;5130.176151344271;5141.787480461191;26.47406415833013;-76.18944340341365;59.330527864191126;94.15721749952196;50.85736556353571;29.629498705337618;26.47406415833013;59.330527864191126;-24.38330140520558;29.70102915885351;54.53066745399965;127.96286468553028;-624.5728278072542;97.06510738514982;351.8252820799415;-58.29440088473363;-88.51645106340733;-651.309360516938;-536.0563767438467;748.3744679020878;-128.7296804030228;83.2699276707366;
438.745833333;-46.01409812958397;-208.71270033996962;14.303503880335967;-46.15953386687851;-214.6399474920905;12.8594139081752;15.721634131053644;16.259192516656945;70.19004686617123;15.78098625235667;74.82327301356058;14.458163617134606;nan;nan;nan;nan;[2.76924996 6.46115825 0.68611666];[ -47.62871482 -214.2423235    13.45659039];[[ 0.7166214  -0.44622899  0.53603494]
 [-0.00899118  0.76257599  0.64683616]
 [ 0.69740442  0.46835622 -0.54246615]];-155.1096614440964;240.57945202461582;-37.75045623174723;-136.81235034541072;244.20936787853083;-38.176358982261405;282.5124226504199;288.72578124488933;295.5830154262825;264.4049292757119;295.62500717430794;-2773.340564303909;-465.7998986558139;420.5848323471015;2916.5943940959255;-2843.77233380414;-495.1907439841156;417.4540696105289;0.0347889711124563;28.744742026646104;-291.16295115322237;-282.7562446222758;-808.3496611437462;-837.6240219406263;30.183466105091938;76.43877415015972;2843.4625076483303;-105.95437013362309;-169.16057174385753;9.480932749572105;-104.78665820130261;-169.78020791023727;11.183199256572115;14.327028566393167;14.361203417278462;26.912162817812696;18.291117013074377;22.12607209720333;19.834089472178928;nan;nan;nan;nan;[3.92205644 2.98261036 0.88337264];[-105.14898607 -168.1897581    10.01673651];[[ 0.55188084  0.59513564  0.58415846]
 [ 0.82476803 -0.28601852 -0.48780233]
 [-0.12322841  0.75100397 -0.64869699]];234.3515853328329;94.28172355014017;36.19994858684377;231.84106096940565;92.25028848492593;38.54290039889995;252.47960006331454;255.18649106347158;253.57462919754096;253.567381990225;253.56395248313441;289.42934836897837;135.26020838342941;-714.6362568477427;792.333401286273;297.06367890310975;137.99666851036883;-721.4584596152876;0.011971714454153582;83.53022483367454;-253.07529551039667;-267.701118229851;4710.791421806904;4754.024830789759;68.56920330001442;-93.47604205048309;782.7960470458273;71.97544217795998;67.06926658627293;-494.9921796399782;-505.56170591167677;5035.399033047355;5047.715457704558;23.8132441978607;-74.81111044892506;59.71218485258649;93.90917536778309;50.50743544935082;26.85821735950278;23.8132441978607;59.71218485258649;-26.69419125149012;32.85396749308371;53.996710302952636;128.28138815260093;-595.4425700088441;108.15982900878342;401.3657411144949;-55.591023755564464;-94.88149492010297;-624.0985948092787;-500.5610750887411;732.2584238180617;-130.8991973714768;97.15567795903863;
438.75;-47.395262615745715;-208.44163419026927;14.105471465691508;-46.781277221641204;-213.63339509010763;12.69845844824217;16.817279774019926;17.45318548029254;69.18076484001328;15.762340856603945;73.6173276787442;14.365250603563153;nan;nan;nan;nan;[3.36544673 4.65125924 0.83198794];[ -48.21994882 -212.96224373   13.38755165];[[-0.65459003  0.48270999 -0.58181008]
 [ 0.10547579  0.82039421  0.56198593]
 [-0.74858984 -0.30650351  0.58793609]];-166.32804889541097;238.7054215928167;-36.00606528837125;-148.0741256455651;242.26591644313865;-36.45597031956835;286.26518951432723;293.15820794361025;298.0240546831553;267.48277312370334;298.05512374257154;-2611.923191886744;-433.9159440823008;416.7038119824732;2754.76951062712;-2683.778656279227;-463.7408891063029;413.55963119209747;0.031584864716844484;31.660733992844722;-294.3763765966677;-285.9865025904852;-734.2767959559922;-764.1743902015703;32.188629524034354;78.23027665397639;2680.311152415965;-106.10061571980323;-171.30734081997355;9.03783261420621;-103.8127703553794;-169.38859360249205;11.340296480792823;15.381980450619793;15.422569913982393;28.56176745829191;17.903546060531184;21.030320496274435;19.85575283613289;nan;nan;nan;nan;[4.44875579 3.37650747 1.05646448];[-104.15156451 -167.59699386   10.17354602];[[ 0.56130562  0.58525695  0.58515836]
 [ 0.82760691 -0.39550351 -0.39830111]
 [ 0.00167631 -0.70784975  0.70636104]];235.511314834184;94.80794246973025;33.26566586132626;233.0006588076963;92.76504093105898;35.61825289162378;253.30479617017366;256.04829602140927;254.3424055451592;254.2950715007469;254.33129773339107;267.28845419646046;117.34235724689364;-693.8620655973443;762.4355541053014;275.09805099645865;120.18666015374406;-700.845349005682;0.011472894413190248;87.1619631442186;-233.7178491031754;-248.4060282826194;4581.052828768701;4625.298413550049;68.51737699038581;-93.20424818661293;752.7661739384976;69.64879891794507;64.96281521468377;-474.20797712985717;-484.92591090744116;4941.097423233661;4953.9608251043255;21.269290593274413;-73.25756605275014;60.13940375906664;93.67143082548296;50.11972847134132;24.201920701034737;21.269290593274413;60.13940375906664;-28.850437878066906;35.9374830580319;53.45792011730877;128.65678074945245;-565.9668819143236;119.70520373091092;470.6792987094281;-52.59942992860042;-96.42956519132512;-599.0450375707361;-469.537316722999;718.7502413016466;-134.66280125694365;111.52079133078611;
438.754166667;-48.66452496263773;-210.79730870258476;13.237227686667765;-47.45117265025939;-212.63493106514537;12.54480464331087;17.925008541682573;18.66533224789011;70.45904644281285;15.104287406676624;72.39734691366279;14.28603270934918;nan;nan;nan;nan;[3.63167364 4.06552225 0.89976766];[ -48.90423243 -211.95562876   13.26953603];[[-0.64392707  0.49275544 -0.58527771]
 [ 0.1368049   0.82680968  0.54559158]
 [ 0.7527565   0.27125233 -0.59981649]];-176.87933620608905;236.96197552831882;-34.278082869326866;-158.75152070195554;240.43552897979225;-34.74732919008234;290.20452409778153;297.6781221188193;300.6786344462885;270.8788330743354;300.6994691721656;-2453.1324967980754;-403.11940235119886;412.70874066793533;2595.2647548529903;-2525.8622734935966;-433.22865572106855;409.5507965881983;0.02856441898837119;35.008588846393415;-297.28344315488835;-288.94368000653947;-661.2973962357612;-691.5742400697574;34.054660877066475;79.7215765534153;2520.0580953665453;-106.06614477513328;-171.74275709641893;8.965246977563552;-102.83385728082202;-168.9946308754673;11.484986455639502;16.440090082976454;16.48765799796667;28.85827196494175;17.83363227656277;20.016355812174506;19.864421609652815;nan;nan;nan;nan;[4.8492551  3.58623635 1.15244482];[-103.22466276 -167.19702159   10.29934658];[[ 0.56650325  0.58059619  0.58479239]
 [ 0.81813745 -0.4811896  -0.31481373]
