

Insect numbers for this group are 46-47;
dt;xt_46;yt_46;zt_46;xt_avg_46;yt_avg_46;zt_avg_46;xxt_46;xpt_46;xp_46;wd_46;xp_avg_46;wd_avg_46;disSTL_46;disSTL_avg_46;disSTLz_46;disSTLz_avg_46;PCAsigma_46;PCAmu_46;PCAwt_46;vxt_46;vyt_46;vzt_46;vxt_avg_46;vyt_avg_46;vzt_avg_46;vavg_46;vv_46;vv_avg_46;vvt_46;vpvt_avg_46;axt_46;ayt_46;azt_46;aavg_46;axt_avg_46;ayt_avg_46;azt_avg_46;curvature_46;curveRadius_46;vxp_46;vxp_avg_46;axp_46;axp_avg_46;thetaToR_46;psiToR_46;aa_46;xt_47;yt_47;zt_47;xt_avg_47;yt_avg_47;zt_avg_47;xxt_47;xpt_47;xp_47;wd_47;xp_avg_47;wd_avg_47;disSTL_47;disSTL_avg_47;disSTLz_47;disSTLz_avg_47;PCAsigma_47;PCAmu_47;PCAwt_47;vxt_47;vyt_47;vzt_47;vxt_avg_47;vyt_avg_47;vzt_avg_47;vavg_47;vv_47;vv_avg_47;vvt_47;vpvt_avg_47;axt_47;ayt_47;azt_47;aavg_47;axt_avg_47;ayt_avg_47;azt_avg_47;curvature_47;curveRadius_47;vxp_47;vxp_avg_47;axp_47;axp_avg_47;thetaToR_47;psiToR_47;aa_47;xb__46-47;xb_avg__46-47;vxb__46-47;vxb_avg__46-47;axb__46-47;axb_avg__46-47;phi1to2__46-47;psi1to2__46-47;phi2to1__46-47;psi2to1__46-47;phiO1to2__46-47;phiO2to1__46-47;phi1to2__46-47;phi2to1__46-47;phiE1to2__46-47;phiE2to1__46-47;alpha1to2__46-47;alpha2to1__46-47;dphi1to2__46-47;dphi2to1__46-47;dpsi1to2__46-47;dpsi2to1__46-47;dphiO1to2__46-47;dphiO2to1__46-47;dphiE1to2__46-47;dphiE2to1__46-47;dalpha1to2__46-47;dalpha2to1__46-47;
444.2375;-158.48747174091125;-162.17404723991388;13.382101075245728;-158.6053191635563;-161.84462728573814;12.62185137975334;0.0;0.0;72.89019305614698;28.964754664624085;72.5433082061813;28.221739034046653;nan;nan;nan;nan;[nan nan nan];[nan nan nan];[[nan nan nan] [nan nan nan] [nan nan nan]];;;;;;;;;;;;;;;;;;;;;;;;;;;;-101.13321444288903;-166.87225050810468;8.323270331649766;-102.6449452511097;-166.79735772252403;7.920626549771989;0.0;0.0;22.258344659224946;16.47477390869093;23.85879460165615;16.273458479179876;nan;nan;nan;nan;[nan nan nan];[nan nan nan];[[nan nan nan] [nan nan nan] [nan nan nan]];;;;;;;;;;;;;;;;;;;;;;;;;;;;57.7682933160512;56.58512863183109;;;;;;;;;;;;;;;;;;;;;;;;;;;
444.241666667;-158.66806579641144;-162.66944839437963;12.826412123418052;-157.44045991071656;-160.52985023188893;12.752122326580572;1.7613932836939112;1.7613932836939112;73.153854787862;28.445195995063937;71.32424236424264;28.177759177953625;nan;nan;nan;nan;[nan nan nan];[nan nan nan];[[nan nan nan] [nan nan nan] [nan nan nan]];293.2343145437826;297.1982065484318;24.057943393836553;300.05468272628764;285.55936024754885;20.084305950870068;414.705124391405;418.2008152095204;415.3467823833949;417.90310709507594;415.3310365500596;2032.635518433601;-2915.4144550711862;-1099.9957553150944;3584.033908654206;1850.4652389288199;-2888.807652926738;-1037.2404746688017;0.020437818259651675;48.92890167118274;-301.31673084120337;-305.63972238617174;-1297.8437446312723;-1177.0512692485704;46.48186740341684;-92.63893723874504;3720.3816010386727;-101.36073195410161;-166.91678232709404;8.25807166021174;-102.63764430008997;-166.99491532163057;7.952857468408683;0.2003026234643476;0.2003026234643476;22.458092003988984;16.440757717416997;23.890184823870143;16.307424903650702;nan;nan;nan;nan;[nan nan nan];[nan nan nan];[[nan nan nan] [nan nan nan] [nan nan nan]];0.5108020632927252;-39.60603662014502;1.4709095827921865;-0.8577264379832682;-34.62052512359571;-1.8470608798158277;34.6803703609071;39.63663243143749;35.57759585372825;39.52496540785325;35.65191312196916;-241.85547133033333;1243.9700822753484;-945.8474255075148;1543.30103663538;-290.1234559844672;1234.592096125565;-879.4252817333322;0.8285435582425205;1.206937148990896;5.3129340370683575;4.5654445996694655;-302.4893006961526;-241.89769152157507;176.6335462908108;155.05326598742982;1581.3231759977937;57.64581591267232;55.71801395329966;-224.8883823328935;-232.93725640279771;-2470.6379964053294;-2218.976155646537;52.5197577569647;98.66675072902827;97.2078060231381;85.17742282246515;4.759056552901788;nan;52.5197577569647;97.2078060231381;47.76070120406291;nan;99.00162516038154;273.8413523139489;;;;;;;;;;;
444.245833333;-156.57699509462827;-159.58774682720565;12.831148084630371;-156.23686460100103;-159.26614098701074;12.862108655711186;3.5094005422955665;3.510021236620271;70.6626699989036;28.128264193969027;70.0803947142483;28.10934689883537;nan;nan;nan;nan;[2.04690818 2.46138958 0.25281734];[-156.4330713  -159.75295007   12.96727023];[[ 6.92616561e-01  6.92695646e-01 -2.01134387e-01] [-1.42635252e-01 -1.41811723e-01 -9.79563485e-01] [ 7.07062575e-01 -7.07150745e-01 -5.81669916e-04]];301.29909204584453;285.105936525788;19.613980856846453;301.9964441998195;280.2124396683845;18.639522936307323;412.39337466736276;415.2724962659455;413.8327593555599;414.6371979057706;413.8156194416333;1839.2546865119825;-2888.7937089665766;-1033.3805771947314;3525.275245386292;1772.0449092233546;-2875.2168153876846;-1010.2230743458967;0.02031387575692399;49.22743507767836;-306.4588777284816;-306.8169568316743;-1170.7742914483467;-1123.5302923391732;47.19709465942397;-92.40147015390984;3577.13045780336;-101.46140269667737;-166.3636505096663;8.26726041040338;-102.63357524519586;-167.17075942840816;7.9674052946653715;0.376492180483822;0.37679439762091926;22.143194527606376;16.454767854149644;23.915142362563472;16.323961715002167;nan;nan;nan;nan;[0.78016701 1.04661391 0.37059657];[-101.949073   -167.55528195    7.98112082];[[-0.57770199 -0.57263689 -0.58167637] [-0.55737271  0.79736231 -0.23140659] [-0.59631877 -0.19052649  0.77980997]];-0.6081417597333962;-34.439095661205094;-2.3222293801244445;-1.8379812422476978;-32.33187659019983;-2.954308128286408;32.518554017785384;34.52265771425312;35.48504330769795;34.14781188357133;35.56037974790371;-294.8164433406973;1235.9649546755734;-875.1702851976202;1525.6145179163902;-308.63395623385856;1227.9879762071282;-851.0524476361127;0.9732670940879687;1.0274671835454194;4.189709938274565;4.63182159149642;-237.05867329326284;-217.27599009097048;173.8577754249829;147.96463389138066;1542.870419880793;55.717775142175306;54.803216792337224;-234.62180929058871;-234.97505607183606;-2202.614568476581;-2111.79262531978;53.43305236919287;98.62355850961053;97.2192956877792;85.24138509840772;4.48672573449878;nan;53.43305236919287;97.2192956877792;48.94632663469409;nan;100.63014702861685;271.0770711127621;37.78720304903229;-698.7564145400262;-11.785103129747004;-101.07854116180006;-110.03779253758792;nan;147.82499558662067;nan;382.8641120250385;-2539.5991794389847;
444.25;-155.18737337044922;-158.2893416570235;12.675155812452871;-154.99797356176467;-158.05304586941816;12.952995455107608;5.24391917614971;5.246313603052738;69.1438898790553;27.77121588329968;68.8140116908213;28.018122674505822;nan;nan;nan;nan;[3.1583268  3.61748831 0.31157983];[-154.77166681 -157.89044274   13.11063829];[[ 0.62319622  0.61999841  0.47668485] [ 0.32483669  0.34924729 -0.87892403] [-0.7114124   0.70258686  0.01625136]];308.56807863097134;273.12560436403686;15.444152627616353;305.9982868793132;269.88209949872777;15.765105037441089;408.31340626993523;412.3716488310209;410.845019552005;411.29938347695617;410.8248787548794;1650.655878304461;-2861.684281842626;-968.4112875901643;3414.3995590011136;1619.6644644708824;-2849.1355884472528;-957.7253101388607;0.02003682752432673;49.90810041090083;-311.07641268812927;-309.2463862799788;-1046.0300193684088;-1019.765653314037;48.62626026603156;-91.95035427908738;3442.6330300306854;-102.8495972712376;-168.92324386154326;7.554341549597581;-102.63370141445347;-167.3250085391683;7.965529458947103;0.5296773351961584;0.531054965649873;25.036861064433246;15.9693960130931;23.934844875146055;16.324445789967523;nan;nan;nan;nan;[0.79650899 0.94201111 0.35967073];[-102.23123098 -167.71453068    7.88558283];[[ 5.72870891e-01  5.72883426e-01  5.86194099e-01] [ 7.07271214e-01 -7.06942244e-01 -3.06375917e-04] [-4.14229854e-01 -4.14773726e-01  8.10170589e-01]];-1.9424922946942182;-29.307967192378776;-5.824767864710476;-3.6424306201353587;-27.92543390547897;-5.184841206883066;28.63528833401834;29.94425049892318;34.943743710886466;29.074515426928052;35.02107921950334;-345.2506930590832;1226.7800870207964;-806.3591959086989;1493.313271747882;-344.9496314995132;1215.548680583928;-795.8867283963124;1.3553478048434278;0.7378179950758261;3.3341083715604247;4.662935257388729;-174.03048529780295;-169.20900943393423;167.21582613368653;144.2320408017836;1508.1122557008325;53.65207751635681;53.84551612774645;-243.25356728004803;-239.26919892865186;-1941.8368916516356;-1903.3452908776496;53.59892743459025;98.56488055424465;95.17366740021475;85.2832636653611;4.005081397489451;nan;53.59892743459025;95.17366740021475;49.5938460371008;nan;102.2251877006218;262.38949353390126;34.23017777390286;-1137.300985567558;-7.721738655621013;-459.93057517246535;-95.77435238225337;nan;130.0045301561559;nan;382.99533784422795;-3520.1992568902665;
444.254166667;-153.24545047302715;-156.04416620898644;13.121534035485851;-153.72714409911703;-156.89010271338012;13.025939238278868;6.964710524840513;6.970484448071393;67.00709695569375;27.92427920358314;67.52729936085719;27.905667608253864;nan;nan;nan;nan;[3.32122255 3.4625719  0.4004751 ];[-153.81615496 -157.17285665   12.97041831];[[-0.7067512  -0.70740106 -0.00929972] [ 0.07546364 -0.0623111  -0.99519976] [ 0.70342589 -0.70406041  0.09742151]];315.06119939797196;261.25924623409236;11.541600837330474;309.48803042799415;259.25105524819685;13.004210228578842;403.93447501936714;409.45471258587685;407.564193592431;407.86203371297245;407.5414403169738;1466.8390938110379;-2834.086173699336;-905.0878865013929;3305.7522215060444;1465.907095671778;-2821.4426966055016;-904.7514833492991;0.019778371488399907;50.56027997990148;-315.17902397474234;-311.30224070646426;-923.610928391459;-914.0831827837189;50.072735567554744;-91.54478326869656;3317.0537302518464;-102.94041864541217;-168.7004825335294;7.502660140193825;-102.63894226918242;-167.45780163182087;7.94845699493981;0.6610572795133243;0.665043551140601;24.955032812821987;15.926759736651286;23.950428310010285;16.310216430987804;nan;nan;nan;nan;[0.99806338 0.9716607  0.38239142];[-102.58241649 -167.90504662    7.78814373];[[ 0.57075386  0.57304047  0.58810258] [ 0.73045712 -0.68148231 -0.0448804 ] [ 0.37506322  0.45519938 -0.80754016]];-3.4817215320398396;-24.21756679722858;-9.044481083553286;-5.666464245020175;-23.410097509064983;-7.264668343264298;25.157839505045917;26.084776488895805;35.11346348765587;24.343842656080568;35.190086829372284;-393.15822048549063;1216.4154793110172;-739.4141576407512;1461.4611838453104;-380.1333662327597;1201.344198694291;-740.3644589164572;1.9130019240774179;0.5227386273969742;2.736119172728321;4.89807944673999;-113.40473670977315;-121.64875791665388;158.51741905083887;140.02904107484187;1476.8118706058503;52.17614698246167;52.84956514403998;-250.8138469308706;-242.82256369152103;-1688.3049659304925;-1693.7557154923295;53.74794572793452;98.52534931686273;91.3963255666176;84.39906392206015;3.5697441300197146;nan;53.74794572793452;91.3963255666176;50.17820159791481;nan;103.82068129548927;249.91374461745647;33.070519240608526;-1613.972432934568;-3.7722075602869354;-1174.2122119608334;-75.63271705476642;nan;108.70323629537462;nan;383.437272774822;-4581.883779905936;
444.258333333;-151.15266299112295;-153.78418422207972;13.457040507329225;-152.42765049792294;-155.77684086912018;13.0820679442806;8.67141403845456;8.682555119821494;64.78900582745732;27.947373565987903;66.22242342352402;27.773523428843273;nan;nan;nan;nan;[4.46999404 4.28099542 0.49557396];[-152.38630872 -156.00630709   12.96744843];[[-0.67074324 -0.68661015 -0.28048173] [-0.26014616 -0.13635017  0.95589362] [ 0.69456999 -0.71412543  0.08716304]];320.7983794456552;249.50889830686853;7.899467617173005;312.64945780983777;248.53759523421385;10.33271196478201;399.5339593202793;406.4833233699761;404.1314292593933;404.3006859470449;404.1063006505167;1287.8043330317123;-2805.9993845367057;-843.4103739284172;3201.5875184403094;1312.7391286539805;-2793.028678002427;-851.979707616079;0.019525036746377154;51.21629285463695;-318.7763998429164;-313.11955539053776;-803.5170185174977;-808.216502886704;51.53263659994828;-91.17776072328188;3200.5333313442775;-102.98381448402247;-168.49402395199826;7.474835633968098;-102.65017340399588;-167.56929816587356;7.917382539610313;0.7719649637536719;0.7813330058172215;24.84832329144411;15.901775949803335;23.96298690653109;16.282575366211837;nan;nan;nan;nan;[1.0805305  0.90767048 0.41284693];[-102.86080269 -167.98417496    7.68534494];[[ 0.5762934   0.56245557  0.59289936] [-0.59479781  0.7861918  -0.16768428] [ 0.56044758  0.2560199  -0.78762448]];-5.215301462220362;-19.17281005931702;-11.989144249240264;-7.797194168160929;-18.874163092293212;-9.23952873965135;22.414262438486112;23.206369701906773;35.6356984474939;20.00971521128825;35.71062742628585;-438.53902561992004;1204.8711315462365;-674.3351703937773;1431.1313668810478;-414.3043846724318;1186.2004705440277;-685.1403577320064;2.610909435925267;0.38300830593368135;2.3857321775806355;5.2474418596679255;-55.18142752917337;-74.83661422115456;147.35834053934866;134.93764785909718;1448.7093713561674;50.71887347454349;51.819891231440444;-257.33283887265577;-245.91586075742396;-1442.0187913131533;-1485.4152590072108;53.88417891603918;98.50053273211454;85.69615918716039;81.45050887226071;3.206961794304732;nan;53.88417891603918;85.69615918716039;50.67721712173445;nan;105.41681551598747;233.05449972650905;36.023939385419304;-2006.506866152363;0.9090474973416204;-2263.6617300577027;-50.58664053845194;nan;86.61057992387161;nan;384.4302066310508;-5418.024218973565;
444.2625;-150.08364818360712;-152.6841646473652;13.481076386307848;-151.10268402180208;-154.71278120281644;13.122480937715046;10.363560805778858;10.382376388760346;63.68744813503444;27.813945060608514;64.90150921026235;27.623192490512807;nan;nan;nan;nan;[5.80952187 5.32595326 0.51811146];[-150.63723561 -154.4867338    13.04946211];[[-0.63394127 -0.6492563  -0.42021984] [-0.34810004 -0.24566071  0.90469728] [ 0.69061192 -0.71980349  0.07027168]];325.7995438728295;237.8765967532791;4.5108950983281275;315.3369390994759;237.76119944269308;7.798931703415753;395.00455245068906;403.4240526359999;400.5037771150705;400.59388537226255;400.47661608370083;1113.5515959664835;-2777.4239143547343;-783.3787498712376;3102.6015580197745;1161.1516724007251;-2763.740489398847;-799.7510417405873;0.019291294047885894;51.836854361233925;-321.8782285472473;-314.5941362167619;-685.7482897465244;-702.6106519663068;52.99245851367053;-90.85288503493474;3093.1800824812804;-102.8894373630672;-167.7312810468987;7.818640077724481;-102.66822654680057;-167.65967808243263;7.873468333206318;0.8639226349804778;0.8834256245829488;24.167259849917162;16.21862815318066;23.9735731950659;16.24278674949621;nan;nan;nan;nan;[1.02023981 0.9572351  0.38194254];[-102.95689179 -167.7886105     7.67117202];[[-0.58556933 -0.52545102 -0.6172599 ] [-0.52440598  0.82621263 -0.20584232] [ 0.61814798  0.20315984 -0.75935443]];-7.132704075685881;-14.178612562206585;-14.66653257435878;-10.065814935896064;-14.332304800706664;-11.058346604240544;20.71286124231961;21.610546022143804;36.651040180867355;16.14513324083803;36.722703279409664;-481.3931084623709;1192.1470437264531;-611.1222341677766;1402.0796343082827;-446.884081215214;1169.8108138898235;-630.606516462453;3.213311517049078;0.31120543236914144;2.272937221919757;5.754094535708942;0.6394422439964025;-29.305901296849115;133.78482449276663;127.24142099928318;1423.525301438299;49.85752131688297;50.760895985880516;-262.8407337350024;-248.3519340211025;-1202.9783677996163;-1279.8535414525418;54.023533388272675;98.49391425386037;77.9465552921751;74.61396215572877;2.9394714878972343;nan;54.023533388272675;77.9465552921751;51.08406190037544;nan;107.01599190194321;211.73137978494174;35.80712828859918;-1981.7125881440593;3.2896150423722834;-3306.6121322787567;-20.17006560543116;nan;55.97719389403071;nan;385.2224202980184;-5448.98044656236;
444.266666667;-151.05918160440905;-154.8622988637594;12.748448584849655;-149.75535291312897;-153.69743609660145;13.148249008731032;12.040586421343537;12.069649571916207;64.75987318529299;27.24898642723841;63.56664168478525;27.456137772976085;nan;nan;nan;nan;[6.34005434 5.33546238 0.5203977 ];[-149.35398735 -153.72807649   12.97596818];[[ 0.67497111  0.69375886  0.25122231] [ 0.25675508  0.09835917 -0.96145843] [ 0.69173032 -0.71345926  0.11173651]];330.08461777830365;226.36437774423803;1.3690254119800254;317.4608570848495;227.0112759832445;5.443990267948866;390.3141711937008;400.2481238381556;396.67485637747603;396.72302475444826;396.6460580126276;944.0808826153527;-2748.359763153423;-724.9930143298535;3009.8700591566344;1012.8078939889656;-2733.693231905678;-748.6382682673158;0.01908790357253138;52.3892001130527;-324.49419834233083;-315.66124004375774;-570.3047420785389;-598.2773853613163;54.436022160325905;-90.57143873071675;2995.0600948007054;-103.24621014096897;-167.81617662041322;7.683109775233547;-102.69388955879671;-167.7291418042022;7.817844219256416;0.9387125905142556;0.976042258507442;24.505791290654614;16.1325159607301;23.983197996954644;16.1920771604053;nan;nan;nan;nan;[0.96401216 1.02174843 0.36096004];[-103.00968579 -167.6005836     7.65618284];[[ 0.60298048  0.48396063  0.63418975] [ 0.45684668 -0.86118639  0.22282082] [-0.65399209 -0.15537088  0.74037439]];-9.223401362886502;-9.239889889459771;-17.084421271496225;-12.466256499890243;-9.829439308322375;-12.684159298269618;20.32026883042959;21.501724304161986;38.164435519725245;12.846335121116894;38.2316241877943;-521.7204690128438;1178.2432158516683;-549.7753489627496;1374.239245154086;-477.2961579197105;1152.1073249068527;-577.382535631907;3.320037078332582;0.3012014554073079;2.387724141548062;6.431942567629337;54.05787260973628;14.302782249171521;118.92902926586451;116.20554111718968;1400.964759661918;49.794988165017855;49.676855209002824;-267.36772214750977;-250.02061082056554;-971.1836953898827;-1079.4370277859732;54.184378410917404;98.50810812792571;68.9752686359059;62.586661121797015;2.7854064564846825;nan;54.184378410917404;68.9752686359059;51.398971954432724;nan;108.62040057124331;187.9042979017704;33.41431640672338;-1665.7477902142487;5.475634928363752;-3788.972711591674;10.417464442182307;nan;22.99685196454038;nan;386.3478874965632;-4817.161745694951;
444.270833333;-149.88454541086412;-154.46031178913523;12.210848162342742;-148.38868239303326;-152.73030944856237;13.160414373023988;13.70184318387801;13.743946516885758;63.58252304931038;26.555501122703152;62.21986544307834;27.273782881421702;nan;nan;nan;nan;[6.32178495 4.98178272 0.52938454];[-148.06199273 -152.80337679   12.90803023];[[ 0.66788119  0.69646017  0.26244609] [ 0.29913669  0.07169556 -0.951513  ] [ 0.68150712 -0.71400489  0.16045268]];333.67352626088655;214.97427745065943;-1.5329993106870974;319.9893217572627;216.62406754053688;3.018472386220527;386.43015391144934;396.9311176762213;393.1150716766475;392.67218536309394;393.08431631867916;779.3921929783197;-2718.8069309327716;-668.2531673042656;2925.4832166861506;867.2013238431981;-2705.2825456613823;-698.4699443618342;0.018836817236360475;53.08752468382569;-326.63399748276277;-317.02582212322795;-457.1863755135419;-496.64013343620076;55.90425261374638;-90.30297598927667;2906.1874705145597;-104.37692137346293;-169.3275282569142;7.211104035668356;-102.72790643447807;-167.7779102354847;7.751607644570078;0.9984654119873391;1.0650523228095097;26.430812459489502;15.836243475547054;23.99283042451978;16.13163560421127;nan;nan;nan;nan;[0.83528769 1.02572242 0.32483526];[-103.1814179  -167.59526925    7.58615402];[[ 0.61673328  0.45123478  0.64500173] [ 0.4143136  -0.88278689  0.22143066] [ 0.66931629  0.13066933 -0.73139677]];-11.476865314272324;-4.361557624639115;-19.25058555323999;-14.655901397041243;-5.4670832722247855;-14.419247026024271;21.27437731316114;22.83257905926545;39.0402246711186;10.236125628573813;39.10560504006908;-559.5211072713383;1163.1596479218813;-490.29451477869605;1350.7718294128372;-508.2953630773514;1136.0303241902764;-525.0290101789639;2.8407882428240567;0.3520149741981084;2.7200827722679413;6.9307354019196366;105.07386356804605;57.84690703658042;104.8909256726404;104.18876093169028;1380.7218935245346;48.13497078384351;48.57191890816003;-270.94399473977717;-252.29062598150523;-746.6347740839524;-882.135557270653;54.32192612401073;98.52132771254678;61.432283724322964;47.05886105343086;2.7713876078521276;nan;54.32192612401073;61.432283724322964;51.5505385161586;nan;110.22617873775711;166.32320939696336;28.259998545934817;-1345.49068833065;9.419697930646313;-3583.1026052098828;36.67587535512516;nan;-8.41587680919018;nan;388.2983760156871;-4022.3435325152195;
444.275;-149.059560466388;-154.38519653725962;12.161092937098019;-147.00561466139965;-151.81089667274088;13.159990671835969;15.346611627627599;15.4047283755754;62.75709540495064;26.396500875191368;60.86318471339976;27.077512046513203;nan;nan;nan;nan;[6.29356107 4.51146837 0.52907547];[-146.56381501 -151.67709568   12.91711899];[[ 0.664731    0.69724846  0.26828581] [-0.31539795 -0.06362815  0.94682395] [ 0.67724208 -0.71400003  0.17761513]];336.58619441938674;203.70833204345695;-4.202036938489063;322.0680669071631;206.1527837055473;0.7201539012382089;382.39682081903413;393.45267559400963;389.3777736268789;388.427980687802;389.34540046118843;619.4855270553842;-2688.76541769278;-613.1592087944734;2846.762571491334;722.7552615699894;-2675.980222714279;-648.7000986271581;0.018611495740276145;53.73023286011094;-328.30731422313886;-318.06588281873707;-346.39319005153277;-395.0164733024385;57.37713525273856;-90.06906923796112;2826.5148159776522;-104.25782987932371;-168.6976514152111;7.089027026504212;-102.77097730163209;-167.80622476218088;7.675823659237678;1.0457653831901323;1.1567039701066968;25.957721899348513;15.690070534692985;24.00339788106627;16.062613511894057;nan;nan;nan;nan;[0.69214748 1.02749784 0.2872898 ];[-103.34746391 -167.59265348    7.51243391];[[ 0.63446961  0.406744    0.65727287] [-0.36206653  0.90767811 -0.21219866] [ 0.68290273  0.10334291 -0.72316257]];-13.88256792029345;0.4514686486929126;-21.17280063217744;-16.984855529744042;-1.0872961206242353;-16.00788582095346;23.364929674126653;25.322262983632545;40.39830590178722;8.464109593944269;40.460590122208046;-594.7950232378546;1146.8963399370923;-432.67973161561594;1328.456328069114;-537.8610890008506;1118.7384762966165;-473.2080791567469;2.108562138389767;0.4742568320816308;3.260002949881777;7.583109902350618;153.6874151189259;100.27930615722657;92.6672463035492;92.51130898845179;1362.4845262903282;47.305044982863066;47.45011129641483;-273.5997421414035;-253.93322557454348;-529.331603881824;-687.0089681350019;54.462831047639845;98.55373841899537;55.09403705079979;31.01188852522845;2.872218660169456;nan;54.462831047639845;55.09403705079979;51.59061238747039;nan;111.8399663003784;147.761283354349;25.42800515679633;-1019.3348709732163;13.534823916555318;-2865.4626117938715;57.28069240692147;nan;-31.852687250124763;nan;390.80046064024924;-3155.905194864148;
444.279166667;-142.84444074969502;-147.1284716553585;13.7470750728465;-145.60900889686746;-150.93868469913303;13.14796297195559;16.97411139523415;17.051363141998674;56.58599755670141;27.041271549924073;59.49856335628011;26.868670124389;nan;nan;nan;nan;[6.03702416 3.99339805 0.58854612];[-145.31416908 -151.04456002   12.85408421];[[-0.6842706  -0.71379185 -0.14924793] [-0.28718749  0.07565197  0.95488226] [ 0.67029627 -0.69625999  0.2567585 ]];338.8425473526393;192.56857769339348;-6.644945340273487;323.89698694185387;195.35415518983243;-1.553136071028742;378.2524505295369;389.796208690974;385.39446673266417;383.9794041810541;385.36063620197416;464.36088484446236;-2658.2352234330274;-559.711138799759;2772.3906023532218;575.4692565388493;-2645.2674226150352;-597.9507083754416;0.018396163251901604;54.359161000412975;-329.5238368180683;-318.9068573434357;-237.9251856910479;-290.8004275323993;58.90457242601206;-89.85810713622298;2755.9249070629794;-103.96925128830895;-167.98285354786867;7.3564736689919386;-102.82375842133949;-167.81434725178937;7.591524916630457;1.0837664588920433;1.2564942473894365;25.207439503721453;15.90640807839891;24.015786060881567;15.98612474014137;nan;nan;nan;nan;[0.47661978 1.13585182 0.21023694];[-103.46968711 -167.52407519    7.4455301 ];[[ 0.69219148  0.21473119  0.68902937] [-0.13631059  0.9764271  -0.16736054] [ 0.70872448 -0.02192354 -0.70514465]];-16.429981171435642;5.194273347038003;-22.858841720917397;-19.460799402333553;3.410186746212251;-17.54044684602202;26.420056066935807;28.62606158240132;42.0747728911671;7.699931398482941;42.132683363909244;-627.5422169128221;1129.4532918970554;-376.9309994727614;1307.1495234318406;-567.1227418607479;1100.1044492309604;-420.4543650084761;1.4361485408243255;0.696306803630505;3.9974745102033165;8.350881436247283;199.89852726298972;142.97532658715173;82.58381863763711;83.3641128564592;1345.9386876631822;44.57606292709425;46.31533079253985;-275.3651549820062;-255.1986711868978;-319.27418478068284;-488.4955209564517;54.55742611189491;98.59982519530263;50.21986132150126;17.19967267650532;3.0770199024799774;nan;54.55742611189491;50.21986132150126;51.48040620941494;nan;113.46199853790696;132.80367995913838;31.067487922997945;-769.5298358090524;18.535717412229165;-2038.481209291121;70.21418268560674;nan;-39.14669476260891;nan;394.10403262816294;-2401.560296569398;
444.283333333;-140.6775486257738;-145.11465675095548;13.892492575837167;-144.20164125681202;-150.11315197367864;13.125287765717724;18.58351146671175;18.68314196281028;54.61581389094834;26.869914197304716;58.127924864503825;26.648562596659392;nan;nan;nan;nan;[5.74038057 3.49460129 0.6678391 ];[-144.1111467  -150.55877922   12.78154636];[[-0.70862003 -0.70552166  0.00984033] [-0.24455834  0.25866632  0.93449609] [ 0.6618526  -0.65979612  0.35583735]];340.4625101593918;181.55705057168697;-8.8685823847896;325.26123082396094;184.62141985336993;-3.672648324149781;374.02329511877355;385.94861729230206;381.26055131048474;379.3176819805147;381.22558463467686;314.01826634978687;-2627.2163481543485;-507.90895732158106;2705.5591343711094;431.4695349551096;-2614.042097546105;-548.3321823870327;0.018214100471271803;54.902519154171266;-330.293253522114;-319.41072231921385;-131.78236243504665;-188.05641239243215;60.42190571511867;-89.6806649913361;2694.2243263207115;-103.60451393587982;-166.95260393150022;7.533176982425843;-102.88686218797572;-167.8025600534068;7.499711673399252;1.1162996298067516;1.3685241319828885;24.228266844242004;16.018022339560293;24.030838949235893;15.903245571347545;nan;nan;nan;nan;[0.45511374 1.2605426  0.21031608];[-103.49094634 -167.2471273     7.42983413];[[ 0.69435515  0.33618539  0.63627848] [-0.05608955  0.90676423 -0.41789064] [ 0.7174433  -0.25447595 -0.6484729 ]];-19.108577058079387;9.861940886704176;-24.316484032001316;-22.030243049427934;7.854280194974403;-18.910912712482045;30.07729951004827;32.46054514200247;44.12256340363093;8.114388849699159;44.17527960546208;-657.7626882953474;1110.8305038022463;-323.0483183516539;1287.2108970865845;-594.4604955429857;1080.4474467123016;-369.001257057623;0.9606461847314124;1.0409659829956963;4.922487289014704;9.252062907320969;243.70719999897673;183.89950673108876;74.86249360435284;77.36536126659377;1330.7728499939071;43.4942149371034;45.171350021002105;-276.27042389113655;-255.83815631805638;-116.46251678625946;-295.05666402867973;54.6747310906144;98.66652861830066;46.59957979263944;7.13303342680502;3.3495577635632903;nan;54.6747310906144;46.59957979263944;51.32517332705111;nan;115.09663680573307;121.46207339699228;37.26859059084042;-609.8616064321503;23.715354293998384;-1378.104786169729;77.26044944805314;nan;-39.99185885721288;nan;398.01267427095456;-1857.0523130549175;
444.2875;-141.3571184458919;-147.14350464191386;13.108582012619124;-142.78620487742123;-149.33376845830543;13.092892971004837;20.173939763428518;20.29929425478741;55.11309928015489;26.212930199659695;56.75315236318402;26.418455570418732;nan;nan;nan;nan;[5.70019129 3.24345828 0.663488  ];[-142.8319195  -149.98628632   12.74399555];[[-0.69000963 -0.71914848 -0.08192785] [ 0.33124258 -0.21310673 -0.91916477] [ 0.64355657 -0.66137054  0.38525829]];341.466007938488;170.67578684909842;-10.879805940888078;326.1824587936665;173.97272950114336;-5.643020728058582;369.7206387499855;381.9000248380691;376.982993930875;374.43613131749504;376.94718687783643;168.4576715692092;-2595.708791856329;-457.75266435919883;2646.3477607238115;290.93676416625044;-2582.364316230589;-499.90679951699553;0.018066945100124906;55.34970048661334;-330.62525258989126;-319.5901675969599;-27.9647202820335;-86.9282171662496;61.92987696521901;-89.53358754096686;2641.1398336624866;-103.36624984853569;-166.4734079609035;7.653264912383534;-102.96085712920701;-167.7711659977288;7.4013517894796035;1.1479325538797804;1.4955497389463024;23.716782527167247;16.098473518899787;24.049358822381333;15.815014713618133;nan;nan;nan;nan;[0.43299661 1.31986984 0.2194473 ];[-103.51829901 -166.99596746    7.40710047];[[ 0.7142876   0.40100597  0.57357426] [ 0.01377284  0.8113516  -0.58439618] [-0.69971675  0.42532669  0.57401539]];-21.90782757070859;14.44955568419414;-25.55350277804119;-24.678925543658075;12.234647441011342;-20.12603007081082;34.11441118363977;36.629551902335436;46.46571592736925;9.844733849255107;46.51291359739191;-685.4564373858946;1091.0279756524353;-271.0316882515196;1268.5212058732877;-619.8622203028552;1059.8172260588992;-318.9111552458688;0.6518870506789834;1.5340080754149572;6.0250311221270705;10.274870386427713;285.11343332753376;223.01479022815926;68.98356479797994;73.69724009242876;1316.6817182776113;42.97338413212527;44.02181581202556;-276.34573949842377;-255.88551526315806;79.10340010436096;-106.92383724870218;54.81632184458633;98.75428950707106;43.80711268976499;0.2123292657614244;3.662138091526168;nan;54.81632184458633;43.80711268976499;51.15418375306016;nan;116.74619880980534;112.79067748774493;43.994666843467705;-511.9868432713066;29.096080267576983;-887.2140140855593;80.0607347739286;nan;-36.06606793046137;nan;402.59803684906285;-1475.41184207687;
444.291666667;-142.3603641586314;-149.8300217223828;12.346829721981763;-141.36530987358026;-148.59999563086157;13.051677931245122;21.744492149879832;21.899001682330823;56.00030937916143;25.630418724650145;55.37608860965018;26.1795757782273;nan;nan;nan;nan;[5.85133768 3.29926539 0.63751365];[-141.54624073 -149.39929802   12.70649076];[[ 0.62392407  0.72179885  0.29954161] [-0.48468014  0.05673158  0.87284975] [ 0.61302848 -0.68977384  0.38523777]];341.8729657887368;159.92682269654188;-12.685473877384727;326.65831389440314;163.42055392290555;-7.462154807691089;365.3321984648734;377.64352847955934;372.5617682556023;369.33002510594457;372.5254125308614;27.679100502729483;-2563.7125545389695;-409.24225991261244;2594.7038114407983;154.08831484940268;-2550.2475613521756;-452.749418718078;0.01795837008870259;55.684340787090065;-330.52952227599593;-319.44113427291546;73.52774076799122;12.453036682963367;63.42810641245021;-89.41454212525271;2596.3180510491684;-103.09162026966276;-165.99070130827346;7.692982501299383;-103.04626790599563;-167.72048839704848;7.297380728084208;1.1839195368875164;1.639331523641141;23.201700840189325;16.094424468809507;24.07210624755306;15.722433300763097;nan;nan;nan;nan;[0.43879298 1.2702052  0.29223688];[-103.59911991 -166.84140674    7.35045699];[[ 0.72562934  0.39711769  0.5619249 ] [ 0.0306603   0.79717777 -0.60296563] [-0.68740236  0.45475835  0.56627983]];-24.81720469977334;18.952202155945365;-26.577673171624387;-27.401012167578067;16.543034866545263;-21.184667696933893;38.38329865752822;41.005515810534014;49.075663076509834;12.947675517755098;49.11712327811584;-710.6234641844633;1070.0457074476224;-220.8811091723593;1250.8719350306078;-643.2509397673324;1038.2030378482045;-270.26520038366135;0.45527651793470697;2.1964673349206514;7.2950958453427885;11.416339690450629;324.1172272486607;260.23638549674416;64.46923771583924;71.57102020584439;1303.36947496319;42.71838135099091;42.87024920149729;-275.62129243346715;-255.34058267276492;267.42356589117765;75.59282909604512;54.98530267887112;98.86415657075047;41.51739973904281;-4.351173124598946;3.993394842296481;nan;54.98530267887112;41.51739973904281;50.99190783657464;nan;118.41340909132134;105.98663745488204;50.9528517805572;-449.28358001666817;34.60330054918777;-522.7754887157787;80.1594357499867;nan;-29.20658396942982;nan;407.91562342661433;-1203.9786927172931;
444.295833333;-139.6653830809901;-147.7635862515088;12.649685534322046;-139.94148333894867;-147.91128648516138;13.002513415413627;23.29424085773814;23.4814110597389;53.395069829734844;25.544833923257563;53.99853599352306;25.93311057812327;nan;nan;nan;nan;[6.14829748 3.57298035 0.62021093];[-140.14496944 -148.72944917   12.68997951];[[-0.57221989 -0.68379787 -0.45275255] [ 0.58983528  0.04041361 -0.80651167] [ 0.56978833 -0.72855145  0.38020264]];341.7033088089469;149.31219428493114;-14.292444063095344;326.70130885349744;152.97103384482344;-9.133666519553282;360.8563512898628;373.17496777042834;367.998784158214;363.9964630298601;367.96215587480754;-108.3174468496527;-2531.2276362022694;-362.3777439818219;2550.4565842608536;20.992186356722875;-2517.7041049304853;-406.8834677492903;0.017890741882483446;55.894831336149615;-330.0157508350239;-318.96955000330297;172.69502071502794;110.0405933017275;64.91823838192958;-89.32099894195176;2559.32874889091;-103.61407331893523;-166.76611614605395;7.42452390707362;-103.14357531259667;-167.65087104525742;7.188701555707863;1.2299720026234984;1.800968368321514;24.14632580939436;15.908771106921371;24.099800082968596;15.626464892301286;nan;nan;nan;nan;[0.4634808  1.24941114 0.37094192];[-103.71431519 -166.79510188    7.24739785];[[-0.70368202 -0.4546243  -0.54602964] [ 0.00370224 -0.77083402  0.63702528] [ 0.71050539 -0.4462417  -0.54410517]];-27.82618043572376;23.36496471839537;-27.396770425338293;-30.188182412054907;20.77397907679472;-22.09138999660075;42.78918176371825;45.506053703567915;51.910711234597215;17.356394496740013;51.94635453970823;-733.2637686910537;1047.8836991878072;-172.59658111417224;1234.0754714423451;-664.6111202206035;1015.611193827614;-223.08794469179585;0.32893544463936514;3.0401101988153623;8.722671294464252;12.669306494659958;360.71858176235776;295.54327593553506;60.95502314127422;70.44085016979075;1290.5524326081568;41.086438054223976;41.72004543102999;-274.1272733258657;-254.2230839872539;448.4979805741918;252.4006571698021;55.18294406828156;98.99675684263399;39.540555662507984;-7.181120851611511;4.3293108813083;nan;55.18294406828156;39.540555662507984;50.853633186973255;nan;120.10118245021114;100.4955788037822;58.78451999728415;-410.246737089333;40.482977429417005;-240.91347384875746;78.27004538769461;nan;-19.48552539041013;nan;414.1008406574142;-1009.0727282837279;
444.3;-139.10755248790497;-148.3035516577391;12.363031969887132;-138.5171693459407;-147.26708553097365;12.946241618031996;24.822242359093238;25.04564625152922;52.81550483615391;25.19545217315117;52.6222565366959;25.680207953619753;nan;nan;nan;nan;[6.16801955 3.55337995 0.64634553];[-138.57474674 -147.86486759   12.73460678];[[ 0.55147018  0.66174004  0.50791806] [-0.65274954 -0.03681051  0.75667894] [ 0.51942148 -0.74882915  0.41165061]];340.9769620979268;138.8339377851801;-15.70757436683576;326.33018713613615;142.627284032869;-10.663594719548126;356.2971308321765;368.49271207848864;363.29813445858264;358.43424929841007;363.26149058646223;-239.53197048793783;-2498.2540368462287;-317.15911656682715;2513.3580656524164;-108.35332857795355;-2484.7456540085764;-362.308373145898;0.017865884846350693;55.97259853626904;-329.0936265215706;-318.18565836772825;269.5371195590769;205.82706745442607;66.40279617616466;-89.2505655558237;2529.6716590747033;-103.70919605109844;-166.7925352769089;7.272838067508744;-103.2532162765587;-167.56267821784533;7.0761849421262495;1.2918168328687107;1.98113247161997;24.275131406360604;15.771336092974737;24.13311747782796;15.528035473459308;nan;nan;nan;nan;[0.45976765 1.24099608 0.39835846];[-103.77729958 -166.66034217    7.16652483];[[ 7.07925577e-01  4.64597560e-01  5.31968500e-01] [-6.23694812e-04 -7.52778723e-01  6.58273351e-01] [ 7.06286761e-01 -4.66340328e-01 -5.32621545e-01]];-30.924226769009934;27.682927787981654;-28.018569751770297;-33.0313300610634;24.92349355734769;-22.853142884142265;47.270661476111;50.076866346753114;54.92564845803773;22.867147266780496;54.95558463068381;-753.3773509056662;1024.5419508729901;-126.17810407695845;1217.9628511003739;-683.955901186887;992.0559676238319;-177.37753238256303;0.2461062272883002;4.06328604935524;10.297747305293834;14.025002325189185;394.91749686862477;328.9442066007015;58.18011177667309;69.95878424676071;1277.961093267212;40.259113597556286;40.57447394794639;-271.8938728052187;-252.5609535709736;622.3266441534038;423.50844694759087;55.409909777042046;99.1525174086601;37.77336990557398;-8.707635530559806;4.661390140212429;nan;55.409909777042046;37.77336990557398;50.74851963682961;nan;121.8127059532067;95.95348168224706;67.47696719357093;-384.1355616593973;46.731144393065605;-12.303446408806343;75.23142779768004;nan;-7.754460604108378;nan;421.24247048877066;-864.103622825169;
444.304166667;-136.19539996642123;-145.77523180592357;12.962743453860753;-137.09472894572565;-146.6668287940216;12.883676159168457;26.327544716317547;26.590819147700728;50.10613033667874;25.368565618551102;51.24897189333438;25.42197651370474;nan;nan;nan;nan;[6.36745204 3.60370197 0.66544755];[-136.85521327 -146.8961061    12.8284934 ];[[-0.55023663 -0.65400119 -0.51915517] [ 0.66402319  0.03425245 -0.74692702] [-0.5062735   0.75571768 -0.415425  ]];339.7138507544854;128.49408936820276;-16.937722657421777;325.47669884781067;132.39035194501764;-12.030981252079114;351.5779163867975;363.5974667758622;358.4375294262994;352.6437771180514;358.40117586122557;-365.96447041212497;-2464.7917564708487;-273.58637766762837;2482.9599104886447;-233.55554712807856;-2451.2607220242335;-319.1592019051239;0.017893572773429643;55.88598837482645;-327.77283759023214;-317.03828188735685;364.0540373001372;299.6723560927446;67.87920772076131;-89.20253862945937;2506.7863695209394;-103.85142209821959;-166.87754578491257;7.152270006947887;-103.37558385872381;-167.45629467189994;6.960669160395922;1.3746086234295336;2.1802183320963464;24.466149904810003;15.67182634900104;24.17269387231366;15.42803345517156;nan;nan;nan;nan;[0.44158347 1.06832974 0.43410157];[-103.76023147 -166.38143383    7.11712939];[[ 0.72356727  0.31199763  0.61571738] [-0.05714758 -0.86187578  0.50388917] [ 0.68788412 -0.39978447 -0.60579519]];-34.100815690081966;31.901175781141692;-28.450846363507793;-35.94519593812952;28.985921456054918;-23.447164904809547;51.78812890769892;54.68090439767951;58.17767593660152;29.172378819845683;58.20183017303611;-770.9642108283001;1000.0204625031713;-81.62567806071851;1202.0593187598906;-701.0020780324902;967.3547712024134;-133.29455744159006;0.1902943184808074;5.255017637853741;12.010313713633925;15.503143686138936;426.7139725674618;360.1930947526913;55.964806547992126;69.94309526165046;1265.3416499594218;39.05383670375847;39.436678405279096;-268.9512815011252;-250.26198101747005;788.909556628812;588.282759398537;55.67281506825848;99.33411498787882;36.12183285343332;-9.188733133682664;4.981561259538495;nan;55.67281506825848;36.12183285343332;50.691253808719985;nan;123.55202278901979;92.08663940142544;77.01711982388345;-360.1378455785469;53.15607097312241;181.39577910695797;71.94868911570832;nan;5.06843070817502;nan;429.3987491878494;-747.2111592088394;
