dt;xt_47;yt_47;zt_47;xt_avg_47;yt_avg_47;zt_avg_47;xxt_47;xpt_47;xp_47;wd_47;xp_avg_47;wd_avg_47;disSTL_47;disSTL_avg_47;disSTLz_47;disSTLz_avg_47;PCAsigma_47;PCAmu_47;PCAwt_47;vxt_47;vyt_47;vzt_47;vxt_avg_47;vyt_avg_47;vzt_avg_47;vavg_47;vv_47;vv_avg_47;vvt_47;vpvt_avg_47;axt_47;ayt_47;azt_47;aavg_47;axt_avg_47;ayt_avg_47;azt_avg_47;curvature_47;curveRadius_47;turnRate_47;vxp_47;vxp_avg_47;axp_47;axp_avg_47;thetaToR_47;psiToR_47;aa_47;xt_46;yt_46;zt_46;xt_avg_46;yt_avg_46;zt_avg_46;xxt_46;xpt_46;xp_46;wd_46;xp_avg_46;wd_avg_46;disSTL_46;disSTL_avg_46;disSTLz_46;disSTLz_avg_46;PCAsigma_46;PCAmu_46;PCAwt_46;vxt_46;vyt_46;vzt_46;vxt_avg_46;vyt_avg_46;vzt_avg_46;vavg_46;vv_46;vv_avg_46;vvt_46;vpvt_avg_46;axt_46;ayt_46;azt_46;aavg_46;axt_avg_46;ayt_avg_46;azt_avg_46;curvature_46;curveRadius_46;turnRate_46;vxp_46;vxp_avg_46;axp_46;axp_avg_46;thetaToR_46;psiToR_46;aa_46;xb__47-46;xb_avg__47-46;vxb__47-46;vxb_avg__47-46;axb__47-46;axb_avg__47-46;phi1to2__47-46;psi1to2__47-46;phi2to1__47-46;psi2to1__47-46;phiO1to2__47-46;phiO2to1__47-46;phi1to2__47-46;phi2to1__47-46;phiE1to2__47-46;phiE2to1__47-46;alpha1to2__47-46;alpha2to1__47-46;dphi1to2__47-46;dphi2to1__47-46;dpsi1to2__47-46;dpsi2to1__47-46;dphiO1to2__47-46;dphiO2to1__47-46;dphiE1to2__47-46;dphiE2to1__47-46;dalpha1to2__47-46;dalpha2to1__47-46;
434.870833333;-103.78958177679021;-236.30008295830163;15.590775442555923;-110.80728702366213;-238.49460387763875;14.613259727429414;0.0;0.0;86.74807582788273;25.075070821693643;96.40219872652779;23.937514104954754;nan;nan;nan;nan;[nan nan nan];[nan nan nan];[[nan nan nan] [nan nan nan] [nan nan nan]];;;;;;;;;;;;;;;;;;;;;;;;;;;;;-86.30205583428696;-151.39787597764575;14.314858075006569;-102.49623021383708;-149.61163458883016;13.131670306277096;0.0;0.0;0.16471957250635763;20.228696259543348;12.990369548933902;20.133592626673938;nan;nan;nan;nan;[nan nan nan];[nan nan nan];[[nan nan nan] [nan nan nan] [nan nan nan]];;;;;;;;;;;;;;;;;;;;;;;;;;;;;86.69386528990773;99.84239208535627;;;;;;;;;;;;;;;;;;;;;;;;;;;
434.875;-102.90445159042426;-232.80310003233728;15.806257843095622;-110.51159836839817;-237.2355633562219;14.500554409425153;1.2981977138047576;1.2981977138047576;83.1485575716969;25.11944041472827;94.22185229428257;23.889390063641066;nan;nan;nan;nan;[nan nan nan];[nan nan nan];[[nan nan nan] [nan nan nan] [nan nan nan]];67.7036957944448;303.9457390759091;-26.08347454207758;65.55883448664345;304.896167320739;-25.512977712100508;312.9066085237915;312.48544025412536;312.93203356413676;312.4650921320218;312.9215786608547;-523.7488045855232;269.24390808384464;150.2931722430464;600.5003642338717;-525.8994730649322;250.8987869763718;145.1903246391592;0.006004281842055041;166.54781142947436;1.8788693527405682;-505.9940192436335;-495.0717221644033;2743.278406023035;2714.7849643267227;12.992399507388352;-69.23332509915518;607.7772042187041;-86.56447891058122;-151.63686727310267;14.147225300132092;-100.72205821145393;-149.22921288410947;13.337506269758698;1.8265544333920414;1.8265544333920414;0.4333099113130109;20.100674470584835;11.56504165458461;20.19419989142034;nan;nan;nan;nan;[nan nan nan];[nan nan nan];[[nan nan nan] [nan nan nan] [nan nan nan]];395.90723587737807;67.29152408805756;45.21016132294026;377.26290487689715;53.27611944544675;42.630432701340055;383.3836174011922;404.12206982668715;383.9090743089949;404.0601362599255;384.0257818033721;-4725.678517295034;-3777.5641813068464;-659.9381111744195;5924.827901300937;-4654.735908534645;-3608.1069392245954;-646.9803682891278;0.019884838999350084;50.289569859362906;7.6362908427596;-315.4291490214316;-298.84510024927664;4210.054972899366;4143.550644460962;82.01216016293682;-90.8996267464743;6085.848084145439;82.81125790907224;97.45597210455529;-560.7777696479833;-552.7691213314029;1931.763553745253;1952.0014388268671;6.3247028056744945;-49.536172554465246;105.20199106127058;87.6727555145975;nan;5.1585285736346345;6.3247028056744945;105.20199106127058;nan;100.04346248763594;19.317102313062847;187.2141512242074;;;;;;;;;;;
434.879166667;-103.70837205578385;-233.8824836362519;15.288862649517185;-110.22496017836784;-235.97151533752398;14.390552954383168;2.5989764606032035;2.598997147103112;84.36067680179887;24.728663629364785;92.08964531478553;23.83899627942117;nan;nan;nan;nan;[1.24100734 1.96379348 0.8333855 ];[-104.44389209 -235.63814017   14.89961791];[[-0.59480378 -0.55837522 -0.57829541] [-0.20346094  0.80053518 -0.56369057] [ 0.77769667 -0.21762476 -0.5897689 ]];65.51650563721243;305.02790402489484;-25.468437739383177;64.51932071029202;305.211781118231;-25.278126308953155;312.97916503814093;313.02248492019896;313.0428193776106;312.9901305515244;313.03239698472953;-526.0864089187788;250.22059372841377;144.9391576309053;597.2055291592062;-526.7534271580519;242.40821489971935;142.91091065662528;0.005980029274368084;167.2232616462686;1.8719428977942942;-494.62500637460727;-490.07056212283567;2713.870214272129;2701.4150197897106;12.791444841869172;-69.08973145744163;600.3204265970073;-86.01183473603008;-150.34110490448234;14.578721021232923;-99.03121013207104;-148.91551890210883;13.531649683161117;3.556813843635056;3.5571794091923348;1.0722931868257137;20.43610703019106;10.214007862568934;20.250991761422988;nan;nan;nan;nan;[0.17823463 0.43872789 0.13991453];[ -86.26651091 -151.09324727   14.36100691];[[-0.57684779 -0.57306928 -0.58209813] [ 0.60456055 -0.77873809  0.16755157] [-0.54932064 -0.25526181  0.79566842]];376.36982282978096;51.92334724161345;42.488449377156364;368.8942461104608;47.83089506443035;41.49578798405993;374.2895400041094;382.3029503628883;375.6956324006016;382.00157555404104;375.81222209833805;-4652.348959340764;-3599.6605542770344;-646.5014928060262;5852.254248886489;-4621.591635168338;-3532.55026002037;-640.983004284851;0.020772135787245;48.141414548909495;7.806422507932954;-298.03075948631385;-291.42614781354126;4141.245158981255;4112.569275052141;82.65803084193774;-90.82356236249342;5917.758961439504;85.39808952574184;95.10269437618938;-552.6828862786784;-548.8019848887694;1953.643571942076;1960.1911359537833;5.607392799183367;-40.6991259630898;105.52814300097117;87.83210927596166;nan;4.686618617099949;5.607392799183367;105.52814300097117;nan;100.84152438387122;18.398837641052538;188.18617384290891;-126.11704228035472;-115.2490452272101;3323.228125841177;61.26258052381333;nan;-57.45585525294895;nan;-57.7931899742603;-220.63869094979893;225.6557149704719;
434.883333333;-105.71985656991178;-237.6613383656088;14.059853749842773;-109.94741471010144;-234.70279272557562;14.283160883100436;3.902073481569238;3.902155468259327;88.4756400000047;23.8321515768327;90.0050648913231;23.786414120666905;nan;nan;nan;nan;[1.15033318 2.13500857 0.78984005];[-104.70563254 -235.01090682   14.68101869];[[ 0.64287048  0.45692786  0.61476376] [ 0.2246578  -0.87977021  0.41896688] [ 0.73228848 -0.13122996 -0.66823071]];63.31977623652722;306.0311217427993;-24.875526023651393;62.518760113438915;305.8418161298156;-24.818729951010425;313.15137109086214;313.5015683098783;313.2719926636916;313.4526652264155;313.2616314010481;-528.3276414428977;231.34923716478914;139.67313050097746;591.1757725598484;-528.4237766897875;226.00089846148725;138.49440488783517;0.005934003224613014;168.52029939117787;1.8588955308813528;-483.37824709840635;-480.396401002492;2684.596681466842;2675.604731987199;12.4037886522678;-68.80798031962685;593.4316722532494;-86.20681966172828;-151.00187490800397;14.411759199741226;-97.4224056833162;-148.66741197055856;13.714335682567448;5.1937222355550245;5.195221831779656;0.37972479241049323;20.30623923810332;8.936065937747706;20.304089243425896;nan;nan;nan;nan;[0.31079614 0.69331926 0.20046384];[ -86.10644518 -150.75929711   14.45749127];[[ 0.57741993  0.57661545  0.57801457] [-0.5519403   0.79736716 -0.24406459] [-0.60162125 -0.17810178  0.778673  ]];357.137084434735;37.290187391743075;39.822499966203395;352.67877128268094;37.11211184082662;39.2930157391644;356.79625228500623;361.28006678726774;359.6995599889494;360.6267958899075;359.81599763007426;-4579.43468407027;-3424.756022951102;-633.1720944555533;5712.586289656211;-4557.587334795712;-3386.1339989612316;-629.3936316460857;0.022716592074436086;44.02068746593997;8.173793240018659;-280.91816307148207;-277.04607034262915;4072.874275161969;4052.729105306293;84.02959008790558;-90.66395039143153;5753.354042956409;88.82986577489436;92.78295302122534;-544.4985473116686;-541.1860824439028;1974.7022406436806;1976.1847571368057;4.937144293004746;-28.266159888455046;105.10709152659174;88.08292486518819;nan;4.331976766565971;4.937144293004746;105.10709152659174;nan;100.77511476002577;17.340932945272545;189.13668161449732;-48.42253748371354;-146.02689708074743;3807.593833296953;63.63266210127666;nan;10.022215772158438;nan;-156.04911285290524;-144.85707225082336;220.931754974209;
434.8875;-106.09719847212767;-237.54369587476026;13.752339862551835;-109.67900254700749;-233.42972578625094;14.178285243934383;5.207227548530201;5.207430696319972;88.44575200558668;23.57522205436292;87.96760046501085;23.73172418361052;nan;nan;nan;nan;[1.02759383 3.08439575 0.76796196];[-104.71604368 -233.7512091    14.51502986];[[ 0.71331567  0.2241125   0.66404393] [-0.04296935 -0.93172569  0.36061181] [-0.6995244   0.28576359  0.65498457]];61.11390914159388;306.95602538708835;-24.304372780373015;60.42716190202059;306.42024939220346;-24.360403529208334;313.270235409014;313.9229426917586;313.45265238752495;313.85308518398756;313.4423578077692;-530.4725021578801;212.6298383929707;134.49509085326304;585.3427120389418;-530.0629527197993;209.06327512970947;133.9847143636571;0.005890617489230267;169.7614896618709;1.8463690347680166;-472.25318033609057;-470.43950511670187;2655.4578076071743;2648.8503388661834;12.003764436291185;-68.47961052291278;587.1128112929323;-86.24736539117464;-151.08851330489557;14.352470944335025;-95.89437178258603;-148.48180348482276;13.885797542602146;6.740160306582503;6.744007575904497;0.2893898945943387;20.254115102815952;7.730021265295961;20.35361204400405;nan;nan;nan;nan;[0.29867811 0.64397405 0.17802193];[ -86.08089822 -150.69013601   14.46100917];[[ 0.57717007  0.58018711  0.57468046] [ 0.59352888  0.18531188 -0.7831877 ] [-0.56089052  0.79312195 -0.23740134]];338.2072903477248;23.37954830634704;37.21186634000667;336.08816389421696;26.61749078890693;37.052744756577326;339.1705332420251;341.0505791226069;343.94457288822997;339.92064131977963;344.06119871719415;-4506.935691483554;-3252.850587329049;-619.9499161230003;5570.418774375704;-4491.327483293532;-3236.714925251138;-617.4295525693777;0.02498025837273608;40.031611566172536;8.594737639988802;-264.0895309015245;-262.34742335716703;4004.942321441504;3990.8334644778515;85.49890384358251;-90.49571186438807;5592.65984743898;88.70667744789934;90.49712790109025;-536.2281750365172;-533.1826145788513;1994.939559850068;1991.9866432691592;4.556417446848034;-13.005558247771841;104.56773429074529;88.3426307803263;nan;4.20781982332581;4.556417446848034;104.56773429074529;nan;100.35991446741949;16.56018188313922;190.0666381343278;37.00989358488138;-178.12647141617333;3807.63337574243;66.0421698590083;nan;95.87678598063059;nan;-274.00325739680477;-60.25512497944755;216.61187129844882;
434.891666667;-105.78629205766185;-235.1370086871761;13.964188847016047;-109.41976259937287;-232.152642147268;14.075834612802899;6.514179025120325;6.514581836481934;86.0292651385043;23.707992376353637;85.97674381479301;23.6750062923447;nan;nan;nan;nan;[1.11674445 3.9286264  0.796855  ];[-104.81944261 -232.5078259    14.38044766];[[ 0.70538082 -0.01514525  0.70866672] [-0.20293005 -0.96223931  0.18142465] [ 0.67915926 -0.27178324 -0.68181858]];58.89930590161715;307.80324811522775;-23.75461139503881;58.30001182698565;306.96248498618746;-23.906702792722943;313.36303069497785;314.2868901950987;313.6025607361758;314.19179310969355;313.5923354974204;-532.520991063726;194.06239741295843;129.40503868776193;579.8964014199287;-531.6680283673114;191.9608814625971;129.46027954512337;0.005850070836026845;170.93810109813364;1.8345373762950048;-461.24924500871987;-460.40293323125263;2626.453592693126;2621.771103713785;11.600167529209283;-68.11527755202121;581.364329874941;-85.89196018221317;-150.39917579863635;14.597439391288205;-94.44584255704605;-148.3556569078992;14.046266676431003;8.198945534634854;8.206847354904502;1.076298854210208;20.439763578693853;6.594686850702939;20.399678569563427;nan;nan;nan;nan;[0.29961442 0.6706876  0.17841041];[ -86.13414528 -150.81678906   14.43923839];[[-0.57739558 -0.58081403 -0.57382001] [-0.57407813 -0.21093723  0.79116356] [ 0.5805589  -0.78623187  0.21163841]];319.5787102242343;10.178933753325827;34.65610174849154;319.4224329100887;16.346890830535617;34.810153958259;321.7291691852376;321.6134451625764;328.5021333021237;319.8679962168504;328.61905344654224;-4434.851981580615;-3083.944247410877;-606.8349578083674;5428.599428976393;-4424.313249503519;-3086.8586947455474;-605.3490143910777;0.027617616501087877;36.208772757801505;9.075674993037104;-247.5430341010293;-247.5903635895743;3937.4492978198623;3928.2643826532835;87.08757885502742;-90.31725286936549;5435.703531805835;87.04415988260443;88.2455846176713;-527.8751917427876;-525.0207103671081;2014.3555295612368;2007.525790424794;4.5336231473075;3.463788722324035;103.89020071758662;88.61319704936501;85.32620801931154;4.415495231333882;4.5336231473075;103.89020071758662;-80.79258487200404;99.47470548625274;16.13379067651678;190.97777957261405;113.42238398826221;-207.56267423701735;3326.491974184335;67.98204154693893;-2577.157396482401;186.33622926479697;2690.5797804706635;-393.8989035018143;15.710254407267648;212.67338328997442;
434.895833333;-104.93367529143511;-231.74863815126122;14.304852415527392;-109.1697321043628;-230.8718667981889;13.975719093184315;7.822669925061052;7.823369008069505;82.53490404992614;23.882356853576677;84.03198905744289;23.616339498822605;nan;nan;nan;nan;[1.06518521 4.56674653 0.79161783];[-104.93555859 -231.32932254   14.25331477];[[-0.65235694  0.27504691 -0.70624332] [ 0.38407422  0.92328971  0.00480642] [-0.65338918  0.26811435  0.70795288]];56.676368065801775;308.57342308468344;-23.225875253139566;56.13339292195958;307.4512740410121;-23.461675078362546;313.4129766105023;314.59372119068695;313.7086003755737;314.4692047036645;313.69844786284494;-534.4731081604352;175.6469142247525;124.40297400447413;574.8511916337983;-533.2172894596745;174.71084031978006;124.9373323663984;0.00581290116300072;172.03113762969653;1.8234980724134522;-450.3658800373544;-450.30355169498154;2597.584036724698;2594.3681944287987;11.193222614922515;-67.70576126694213;576.1852495200756;-85.5206015298878;-149.4496675936096;14.799964974082357;-93.07555934363045;-148.28598777041947;14.195972635761198;9.57283231757809;9.587043626434294;2.1102240345910888;20.57731937156806;5.528883319772118;20.442405926341014;nan;nan;nan;nan;[0.29415619 0.68325382 0.17499157];[ -86.16532408 -150.92814633   14.41351898];[[-0.57664455 -0.58237041 -0.57299718] [-0.61370609 -0.15419599  0.77433096] [ 0.5393013  -0.79816559  0.26848799]];301.24961371974797;-2.3241524994200917;32.15475944158333;302.73265744284686;6.439684411354296;32.57524346065551;304.5483178483291;302.9697344717522;313.57918931051495;300.45379968748244;313.69647843587916;-4363.183554361452;-2918.037003196583;-593.8272195116548;5287.553370223283;-4356.5676126222725;-2937.1237035427575;-593.1640832834969;0.03068713584434256;32.58694474037592;9.6264464476537;-231.27684379458483;-232.8233632317133;3870.395204297044;3865.055851088274;88.78839003286802;-90.13036583217091;5282.512796738657;84.55905110729498;86.0286745133158;-519.4430197200431;-516.6766970303291;2032.9501497771873;2022.6193191173138;4.864833226721765;18.724719883386218;103.0833470289452;88.89298219581754;71.17201622190741;5.006793039830338;4.864833226721765;103.0833470289452;-66.30718299518564;98.07655398911486;16.05805584164428;191.87173706181323;168.83772518568796;-251.26113916999765;2625.4913280339365;71.33290988312874;-1538.6534479367967;267.66074743133805;1707.4911731224843;-518.9218866013352;72.98341465702974;209.10553345512272;
434.9;-105.09691157054611;-230.7075940038048;13.742938323715805;-108.92894662602075;-229.58772209041945;13.877850316117426;9.132443967698723;9.133553565525927;81.5605584624269;23.33116731809466;82.13283264756272;23.555802082857802;nan;nan;nan;nan;[0.998412   5.74995467 0.75352477];[-104.9331216  -229.8110787    14.19215574];[[ 0.64029964 -0.30071159  0.70681603] [ 0.42385673  0.90572821  0.00136904] [-0.64059491  0.29871214  0.70739609]];54.44549718335249;309.2671834529213;-22.717797740166063;53.94058528109023;307.87336665593483;-23.030580031284263;313.4102810264903;314.8437727804195;313.76256310681885;314.68574806609007;313.75248651961533;-536.328853448008;157.3833888283528;119.48889680339974;570.2534219203013;-534.6868033505625;157.44515043160786;120.45751176302126;0.005779641120340002;173.02112348823007;1.813376772697691;-439.6025243430538;-440.2222717566711;2568.8491397018893;2566.8357169581577;10.785899782701735;-67.24589836248074;571.5730632029862;-86.22187420800276;-150.77732083277147;14.431273129951649;-91.78227068904233;-148.26986367064896;14.335143110841239;10.86451216977285;10.887898711297224;0.5754180072916052;20.324174816418914;4.531438918621172;20.481909920404803;nan;nan;nan;nan;[0.28263677 0.64842949 0.17109732];[ -86.18707661 -150.96857917   14.4010779 ];[[ 0.57758417  0.58177116  0.57265945] [-0.56424249 -0.22244388  0.79507806] [-0.58993808  0.7823433  -0.19977994]];283.21827048975007;-14.142206683990075;29.70739266920735;286.1657731047345;-2.9611397706537286;30.369402591666542;287.7879751816369;285.1229908799015;299.4202718514116;281.66306146286826;299.53790656496557;-4291.930409826066;-2755.12885468617;-580.9267012328623;5148.536909085072;-4288.582469574501;-2788.901021859519;-580.9679820269496;0.03424246404665845;29.203505876137;10.25691599616217;-215.28913110677934;-218.17814492974952;3803.7800408730486;3801.674336126436;90.58954600108251;-89.93743713421776;5133.115767340472;82.13153724020324;83.84673467083124;-510.9350812578475;-508.19813347571915;2050.72342049792;2037.0512289742594;5.478809680542159;31.18455517383495;102.16051176561305;89.17971406225566;63.84989638197773;5.968297141872444;5.478809680542159;102.16051176561305;-58.37108670143557;96.19221462374061;16.264709463243893;192.75005776669556;205.15332957408995;-304.01653778250375;1987.2597828424273;75.39478689952313;-1220.9876488315383;340.79254707578616;1426.1409784056286;-644.8090848582899;110.72072993423703;205.8891615903967;
434.904166667;-104.40805374055776;-227.97694015863192;14.12519958095659;-108.69744005526852;-228.30052773720942;13.782141440201487;10.44324663092254;10.444898212888447;78.74256068480074;23.5782315845539;80.27877337758353;23.493471552124316;nan;nan;nan;nan;[1.0707255  5.79842851 0.70788162];[-105.14655834 -228.84278354   14.02003399];[[-0.64154331  0.31926914 -0.69748792] [ 0.4050834   0.91315207  0.04539538] [-0.65140588  0.25341768  0.71515722]];52.20709480344343;309.88516237741504;-22.23001224160255;51.84587144658511;308.33312933839983;-22.60310226938732;313.4776120648277;315.03740738800275;313.8555709511115;314.84186311001;313.8455648565785;-538.0882269264673;139.2718212235132;114.66280708447343;566.3722186505976;-536.1655885871777;140.79850470342157;116.10225125916439;0.00574808593387629;173.97095511507743;1.8040112767615577;-428.9586168467336;-430.4802632425657;2540.2489016243103;2540.3703335217224;10.39443669384564;-66.78973800336195;567.5236906705084;-85.76109353458864;-150.1188234862284;14.515370505024208;-90.5647323497536;-148.30440427448661;14.464003930460999;12.076613981638166;12.112724320020572;1.3715287445852127;20.336969407970777;3.6011895136819976;20.518305057653755;nan;nan;nan;nan;[0.29318618 0.66203533 0.17691709];[ -86.20125465 -150.98496672   14.39372363];[[-0.57772178 -0.58151546 -0.57278034] [-0.5554904  -0.23405161  0.79790366] [-0.59805348  0.7791403  -0.18780954]];265.48295018948477;-25.28772503263128;27.313554681256687;270.0832749252512;-12.44884228222404;28.217818816928744;271.8385446681569;268.07964515786057;285.22564837446834;263.48087938703475;285.343381440802;-4221.092547973495;-2595.219801877476;-568.1334029718163;5015.355493523866;-4223.1708052826725;-2644.734373627099;-569.2092486804894;0.038430604826448056;26.0209279691533;10.965918731993893;-199.57806716198849;-203.95035173758123;3737.603807546976;3740.653594357003;92.62477897143339;-89.72586747172721;4987.540845164747;80.06089988281785;81.70008791348526;-502.3547986456464;-500.12884974826886;2067.6753417236605;2051.4812910289616;6.271814269944149;40.603814283798364;100.98950420251617;89.48742311151379;58.34990415569164;7.237299268438008;6.271814269944149;100.98950420251617;-52.07808988574749;93.75220493407816;16.66625096378979;193.61428317394956;230.3001598639918;-364.41554960648267;1517.6057430289252;79.78649165195728;-1068.4730600748437;415.84382923580534;1298.7732199388354;-780.2593788422873;133.8517653275232;203.00704532185978;
434.908333333;-103.9272517345026;-224.95983456090812;14.399449420102371;-108.47524460990334;-227.01060081363497;13.68850715159493;11.75482520159831;11.757167112202206;75.69524840591338;23.74129055980909;78.46931237774103;23.429424642155723;nan;nan;nan;nan;[0.90341142 6.27313581 0.53695943];[-105.35204375 -227.86037573   13.85957374];[[-0.6284321   0.33706406 -0.70104273] [-0.45135736 -0.89201302 -0.02427537] [-0.63352161  0.30116538  0.71270596]];49.96156247534043;310.4279930156138;-21.76215214295312;49.708889214659834;308.74317834014926;-22.182980974657823;313.5050374132042;315.175011443757;313.9072206267492;314.938000999999;313.897288471257;-539.7512285957655;121.31221141072801;109.92470484782687;562.9062323716133;-537.594993070972;123.97409837846631;111.73841237046722;0.005719685088228341;174.8348002686539;1.7953936401043586;-418.4335964697445;-420.65674421490866;2511.7833224927426;2513.5382509229216;9.998961452364975;-66.27549315470597;564.0314549241747;-86.22503840982789;-150.92755035456912;14.485223667815362;-89.42170729198985;-148.38678131546678;14.58277906195326;13.211704348643961;13.264852694559398;0.443093486776308;20.380332595323193;2.7369785916893687;20.551704543818307;nan;nan;nan;nan;[0.29611269 0.67462885 0.17764601];[ -86.20352896 -150.9964594    14.39320697];[[ 0.57724532  0.58182937  0.57294191] [ 0.58327084  0.19725207 -0.78796367] [ 0.57147438 -0.78902865  0.22550127]];248.04192247492037;-35.77320377713918;24.97279872772195;253.94181639120617;-21.61006856519028;26.068730039755938;256.1894218373252;251.84947506363883;271.48167259074904;245.8924586260446;271.599527129955;-4150.66996880567;-2438.309844774864;-555.4473247288656;4882.861324145706;-4156.917657485065;-2500.351836006068;-557.3248567109822;0.043393045518148675;23.045167446976283;11.785530643457793;-184.14182308522942;-189.68122178333567;3671.8665043206333;3678.888374946185;94.83876016254845;-89.50387507572061;4845.8165276473;76.11934588934676;79.58904280497711;-493.7055941732373;-491.86761403452635;2083.805913453946;2065.5231163496605;7.188420760336348;47.74505336428641;99.62704061741054;89.80800395308873;53.674999308321425;8.808235034187451;7.188420760336348;99.62704061741054;-46.486578547985076;90.8188055832231;17.187382212701323;194.465800779959;246.74197984961435;-429.9022129728262;1170.5826816393314;84.02415251099197;-961.6269573027555;491.8297814476764;1208.3689371523697;-921.7319944205035;148.95128352171216;200.4391999512522;
434.9125;-106.64222385693668;-228.86536844305851;13.15020609155171;-108.26239083460968;-225.71825575666892;13.596863664020471;13.066928823521467;13.070125986172041;80.15148138797328;22.919197030909984;76.70395311617351;23.363737316348697;nan;nan;nan;nan;[0.79202931 6.68474861 0.38368108];[-105.48663215 -226.67789335   13.73895601];[[ 0.63965302 -0.28173003  0.71517285] [ 0.43826456  0.89803305 -0.03822064] [-0.63148095  0.33788286  0.69790184]];47.709301748217726;310.8963085249922;-21.313850829701757;47.48649215466298;309.1278740524841;-21.75699734994919;313.5097707999689;315.25699415708516;313.9302365552939;314.97462361528505;313.9203825673602;-541.3178584559273;103.50455938974908;105.27459009339368;559.8322466396537;-539.0244458833087;106.58724411986138;107.2564707079589;0.0056934839028807945;175.639383031191;1.787300644933446;-408.0269021329999;-410.5204740345072;2483.452402306794;2485.74756480047;9.590700072709133;-65.68804698546377;561.0890811779441;-86.52247571799901;-151.845905270542;14.197316080136616;-88.35196569179178;-148.51421859475363;14.691690611187376;14.272287976543103;14.347649571588022;0.5757366957922722;20.147950538907615;1.9376572597271784;20.58222028445852;nan;nan;nan;nan;[0.2930342  0.65972971 0.17200118];[ -86.20960993 -151.01549967   14.38583903];[[ 0.57789223  0.58138138  0.5727445 ] [ 0.54486058  0.24763473 -0.8011267 ] [-0.60759158  0.7750308  -0.17366561]];230.89345700129715;-45.611139149769855;22.68467805849547;237.34075371611678;-30.782943398512646;23.86578325214761;240.51569302032857;236.4461019326965;257.74199827208423;228.883132740791;257.8599130072217;-4080.6626723216223;-2284.3989833761316;-542.868466503835;4748.059286240063;-4088.3448993924894;-2352.1120282418337;-545.0430954172293;0.049500251578131725;20.201917528067295;12.764130565772634;-168.97857000087384;-175.01333467610087;3606.5681311931135;3614.9902891128777;97.35330059583194;-89.26265988856649;4707.971190699151;79.61091892375761;77.51389364955233;-484.99089013006716;-483.2578464400695;2099.1151356890136;2079.6371205640494;8.190982268809002;53.250528809027905;97.95270795579825;90.15231054194616;49.44596198840937;10.702664512066567;8.190982268809002;97.95270795579825;-41.25497971960037;87.25004344373168;17.781682341518135;195.30600855163019;256.8384724643128;-489.43579284603067;911.3818319202942;86.69119547442205;-867.3321823688655;568.8595096456495;1124.1706548331783;-1058.2953024916806;159.52145656028065;198.16562153566738;
434.916666667;-105.75821452775314;-225.85698094701263;13.49854384330132;-108.0589076009412;-224.42380436507506;13.507128718757436;14.379308543262582;14.38354221569901;77.01296542188209;23.10276939486539;74.98220139877382;23.296484765957693;nan;nan;nan;nan;[0.79083338 6.77817979 0.37562413];[-105.4580441  -225.05351808   13.70663225];[[ 0.65841156 -0.24092479  0.71305642] [ 0.37874776  0.92474912 -0.03727182] [-0.6504186   0.29460872  0.70011524]];45.45071417128005;311.2907420630161;-20.884741687339233;45.251246001674886;309.45580795862287;-21.34408096572466;313.4743085745618;315.28378637058;313.9100566053457;314.95220303614457;313.90028308380926;-542.7881165069522;85.84886516057622;100.71246282117382;557.2724941453531;-540.3817291584346;89.25575759967651;102.82815401450465;0.005670964972168481;176.33683242758894;1.7801175101220525;-397.7379727575599;-400.43883971890864;2455.2561410664644;2457.9581319811564;9.18403898296653;-65.0317678764936;558.6877188895687;-86.15255360016488;-151.1984174210899;14.29018990259057;-87.35428493492165;-148.6839919811484;14.790958822578961;15.260808170525802;15.364529148111114;0.3108091852281166;20.181565366969508;1.2020842451577376;20.609962884966837;nan;nan;nan;nan;[0.29321443 0.65974259 0.1725942 ];[ -86.21256366 -151.0179431    14.38823311];[[-0.57797949 -0.58203847 -0.57198858] [ 0.54486875  0.24654858 -0.80145608] [-0.60750124  0.77488387 -0.17463455]];214.03582342409925;-54.81402738262275;20.44874592350255;220.90645922884295;-39.505189466314874;21.695476341332327;225.45735165984541;221.88749968526633;244.6973985059819;212.43838677316242;244.8152922493376;-4011.0706585213507;-2133.4872176812783;-530.3968282967245;4616.080267546652;-4019.8421554004112;-2205.7175411413928;-532.8003479733396;0.05675634484017385;17.619175491586095;13.894821149051344;-154.08647903351016;-160.50361913807464;3541.708688164416;3551.199329309687;100.09160527024436;-89.01410736808599;4574.032830132238;77.19397484030077;75.47492049182998;-476.2141088056993;-474.5718837581319;2113.6030084288623;2093.14350066924;9.244603925747931;57.4999090446053;96.04452217597358;90.50820522401303;45.66144133080575;12.906816546247693;9.244603925747931;96.04452217597358;-36.41683740505782;83.13770562972589;18.428642908714462;196.13612744621793;263.4674831773997;-555.5633636330043;723.6841208679964;88.94979629593838;-793.6286122367042;652.6817981823755;1057.0960954141037;-1208.24516181538;166.77421555372908;196.18049952083874;
434.920833333;-105.3901784220001;-223.83812725423104;13.60962393592618;-107.86482210733296;-223.12755579947873;13.419221584646882;15.691717353646455;15.697184932295583;74.96542940156061;23.13399177487353;73.30356536928866;23.227741410098513;nan;nan;nan;nan;[0.77311721 6.66875556 0.37573836];[-105.40213398 -223.33019463   13.69926992];[[-0.65169719  0.28709314 -0.7020458 ] [ 0.37795237  0.92541385  0.02759004] [ 0.65760382 -0.24735953 -0.71159714]];43.18620129373215;311.6119267871517;-20.47445810135633;43.00736621537895;309.72791671162423;-20.94439374141912;313.40019714177294;315.255839490291;313.8478551740097;314.87122105240866;313.8381641534154;-544.1620027488407;68.34512872320975;96.23832303116731;555.23081423753;-541.6658424895053;72.00718434913527;98.45982714343278;0.0056520771430509575;176.92610604748504;1.7738375142285936;-387.56624726448456;-390.427031930137;2427.1945387717547;2430.215611721466;8.779724940176267;-64.29899587348075;556.8169866982083;-86.52106132997125;-151.88280519072282;14.253934486708047;-86.42744961692658;-148.89342941108504;14.880802079083319;16.17964741604796;16.31897116022122;0.5930513716811457;20.20444071043655;0.5291258956697982;20.63504165056624;nan;nan;nan;nan;[0.29381641 0.66101923 0.17234018];[ -86.21568326 -151.02497909   14.39027121];[[ 0.57805733  0.58216471  0.5717814 ] [ 0.5419372   0.24996131 -0.80238607] [ 0.61004409 -0.77369477  0.17100475]];197.46729139881108;-63.39436470779746;18.26455557266856;204.66171629935198;-47.78017480725423;19.56046201072938;211.0733874681538;208.19647124616523;232.36999206657885;196.54388251914423;232.4877055963769;-3941.8939274048557;-1985.5745476903053;-518.0324101075344;4487.185691858007;-3951.5208372494603;-2061.3775514537765;-520.6160738595985;0.06538424328645731;15.294204685047179;15.20103270382377;-139.46372130772664;-146.17176247487083;3477.2881752345425;3487.6185291127026;103.08331238234088;-88.76060110114736;4444.028757475435;74.39104172668733;73.47238911691824;-467.3786724896971;-465.8280479026452;2127.2695316734935;2106.0304165660245;10.331302872676329;60.84537740835678;93.8740763487517;90.87473717089902;42.218193802008734;15.443160425776002;10.331302872676329;93.8740763487517;-31.886890929332406;78.4309159229757;19.111027812852598;196.95738873109258;267.97794135617323;-628.8893865167604;585.5099434459446;90.49547710228114;-734.0043598584659;745.9815299906268;1001.9823012146392;-1374.870916507387;172.01262487677963;194.46975423168917;
434.925;-104.59966122093248;-220.12775543555193;13.848183655182979;-107.68015987909838;-221.82981658234934;13.33306305809035;17.003910235228066;17.010825105977307;71.17397105783934;23.210465542493548;71.66755550929383;23.15758089574739;nan;nan;nan;nan;[0.77486803 6.53657439 0.37473841];[-105.40545992 -221.72098486   13.6628981 ];[[-0.65174882  0.33001999 -0.68286915] [ 0.33931921  0.93211056  0.12661902] [-0.67829636  0.14918682  0.71948408]];40.91616466477874;311.8604958548643;-20.082633457243823;40.75670678692029;309.94272066303216;-20.55844543415573;313.2862092700324;315.17362448703597;313.7427735066562;314.7321686926373;313.7331669529231;-545.4395171815927;50.99335007764946;91.8521707233741;553.7027233125216;-542.8736054788075;54.85834286038017;94.15687174474293;0.005636821308656283;177.40494957048443;1.7684578007124563;-377.51116457483363;-380.49512301778066;2399.2675954226643;2402.5445667647273;8.378261752770008;-63.479181209375334;555.4650393337339;-86.21172769196176;-151.03308427561058;14.434089500236169;-85.57025154312257;-149.1399108886314;14.961436902197105;17.031128060300546;17.21454004713352;0.35271670930873594;20.329489402266407;-0.08234382073365165;20.65756458631071;nan;nan;nan;nan;[0.28374289 0.64680313 0.16479957];[ -86.227893   -151.04379301   14.38158775];[[-0.57779557 -0.58284259 -0.57135523] [-0.55738715 -0.22959086  0.79787693] [ 0.59621459 -0.77947582  0.19221239]];181.1861305809167;-71.36464735739342;16.131660255918806;188.62460318053724;-55.59510468630715;17.463292110314242;197.4209288840136;195.40101655299162;220.79642012320397;181.18548617698318;220.91372669392197;-3873.1324789721384;-1840.6609734032113;-505.7752119362642;4361.572126657316;-3883.4433320087587;-1919.2719624282493;-508.5021507796728;0.07562489761576636;13.223158397923157;16.706577963145243;-125.1084679481114;-132.0338506568767;3413.306592403491;3424.3071361502125;106.35613746318734;-88.50653530384153;4317.985245885828;71.50197876860153;71.50655105038557;-458.48800347162404;-457.0339068703668;2140.1147054229073;2118.2692563043906;11.440166285557599;63.53061005183312;91.41482747903609;91.2494535264785;39.047869562172565;18.345831531095875;11.440166285557599;91.41482747903609;-27.607703276614966;73.06899594794021;19.818428038327607;197.77096494222343;271.18063824708264;-710.7484323748612;481.84376122283027;90.97748155253531;-684.6100484088506;851.2464118608139;955.7906866559333;-1561.9948442356742;176.02870969368163;193.01821623416848;
434.929166667;-105.23490113002617;-219.75723203266932;13.74106045328081;-107.50494476842911;-220.53089059799984;13.248575463049805;18.315644195747474;18.324235628830266;70.98248605455598;23.182280672816564;70.07368463819391;23.086076097740982;nan;nan;nan;nan;[0.78424231 6.55284891 0.34555708];[-105.48584483 -220.27791875   13.59252467];[[-0.66731584  0.29961735 -0.6818497 ] [-0.2660527  -0.95100346 -0.15750679] [ 0.69563319 -0.07630118 -0.71433367]];38.64100583362459;312.03708242362023;-19.708901140492493;38.500477115085594;310.1004113771282;-20.186180200478063;313.13261367260924;315.0376309640566;313.59510743326257;314.53554577317675;313.585587208983;-546.620659805208;33.79352922389545;87.55400589779428;552.6812953403173;-544.0042940333077;37.81673070311045;89.92128319425844;0.005625147092228869;177.77312905852688;1.763965054053493;-367.5721636096671;-370.6471244186574;2371.4753110191937;2374.9568420861096;7.980013969515385;-62.560183921846466;554.6186548359495;-86.44520837327238;-151.42970102395827;14.206332346705707;-84.7814897285944;-149.42086848548902;15.033077951958314;17.817513103706005;18.054905926557883;0.22603644025749245;20.140442391984593;-0.6334433157354324;20.6776383970852;nan;nan;nan;nan;[0.21179476 0.48690423 0.12112436];[ -86.2760243  -151.1535335    14.35066734];[[ 0.57828846  0.58813668  0.56540048] [-0.55577645 -0.22334256  0.80076878] [ 0.59723949 -0.77731161  0.19771609]];165.19061062590058;-78.73737156351011;14.04961322317864;172.80124140214411;-62.95415284491539;15.404642783285144;184.55567563698406;183.5344740134917;209.98916446299617;166.34929858429197;210.10576486566424;-3804.786313223198;-1698.7464948199977;-493.6252337829143;4239.348953484867;-3815.6389734059494;-1779.4668850892474;-496.4638747276607;0.08773295230297429;11.398225794871585;18.43319904753925;-111.01889007925284;-118.09509831230987;3349.763939671263;3361.292551144127;109.94463855523838;-88.25823243797247;4195.927122148458;70.86551012710194;69.5776435582605;-449.5455240410435;-448.19541849094264;2152.138529677102;2129.853037547104;12.564452383975741;65.72462693706855;88.6333314611168;91.62886614675068;36.10149080319375;21.659673175692237;12.564452383975741;88.6333314611168;-23.537038419218007;66.97365828542456;20.544466353491124;198.57797001635518;273.67922190259924;-798.6838340797708;402.45645400410064;89.62542450033504;-643.0985315218823;971.5297234085912;916.7777534244815;-1770.213557488362;179.38889188163927;191.8078869202514;
434.933333333;-106.99113288892195;-221.77565547605326;13.008949234719395;-107.33919895439524;-219.2310790925875;13.165682651047687;19.626678307664324;19.63719139455647;73.41354935770796;22.718147970554742;68.5214679132224;23.01329911877642;nan;nan;nan;nan;[0.8003807  6.48904726 0.37957769];[-105.5646007  -218.82898518   13.53845026];[[ 0.64391305 -0.36448619  0.67270038] [ 0.35211018  0.92176302  0.16239258] [ 0.67926018 -0.13229795 -0.72187454]];36.3611263494744;312.14231965088516;-19.352894536593126;36.23957151158921;310.20193780520606;-19.827291285175125;312.9403621157803;314.84836628666557;313.40568204031666;314.28186046587564;313.3962498962227;-547.7054306196867;16.745666161947618;83.34382855442777;552.1579902058371;-545.0583303354886;20.885495683218505;85.75347660652022;0.005616985142715387;178.03144829337677;1.7603420794498015;-357.748683290045;-360.88423909309836;2343.817685561343;2347.4583477023116;7.585329014825721;-61.52771640287984;554.2633397795796;-86.51472645101649;-151.64368923298417;14.204543946421254;-84.05997039819563;-149.73378634099316;15.095938026946317;18.541007111774032;18.84386670977837;0.3927401315360928;20.151044751435823;-1.12528338070413;20.695368487605702;nan;nan;nan;nan;[0.21623921 0.48481893 0.11926415];[ -86.29217404 -151.20443465   14.34600909];[[ 0.5811627   0.5905724   0.55988762] [-0.50919364 -0.27278557  0.81627806] [-0.63480056  0.75948158 -0.14218291]];149.47900118924696;-85.52503355824707;12.01796772437337;157.19223421314283;-69.8689673363966;13.384330727458046;172.54046308792607;172.63526496604993;199.9468453818527;152.0216882845341;200.06237326265637;-3736.855430158035;-1559.8311119406642;-481.5824756474845;4120.587657570962;-3748.1216702759825;-1641.975327422954;-484.5034702331954;0.10193915960962315;9.809772847152246;20.394190199901928;-97.19315882573903;-104.35571180305685;3286.6602170378574;3298.5873129267175;113.88752620158905;-88.02526315837461;4077.8773013089053;73.06986626814043;67.68588964703174;-440.55465648751897;-439.3176675012929;2163.3410044360794;2140.784871776227;13.700004937614565;67.54597472868639;85.49192387591764;92.00759920608228;33.34278582543733;25.43955162992954;13.700004937614565;85.49192387591764;-19.642780887822767;60.052372245988096;21.285333952440286;199.3794500775067;275.8070755099898;-891.8877125803192;340.49123312291715;85.7022800633991;-607.7735769652083;1110.3857833964325;883.5806524751981;-2002.2734959767517;182.44465187869716;190.81560121757053;
