

Insect numbers for this group are 47-46;
dt;xt_47;yt_47;zt_47;xt_avg_47;yt_avg_47;zt_avg_47;xxt_47;xpt_47;xp_47;wd_47;xp_avg_47;wd_avg_47;PCAsigma_47;PCAmu_47;PCAwt_47;vxt_47;vyt_47;vzt_47;vxt_avg_47;vyt_avg_47;vzt_avg_47;vavg_47;vv_47;vv_avg_47;vvt_47;vpvt_avg_47;axt_47;ayt_47;azt_47;aavg_47;axt_avg_47;ayt_avg_47;azt_avg_47;curvature_47;curveRadius_47;vxp_47;vxp_avg_47;axp_47;axp_avg_47;thetaToR_47;psiToR_47;aa_47;xt_46;yt_46;zt_46;xt_avg_46;yt_avg_46;zt_avg_46;xxt_46;xpt_46;xp_46;wd_46;xp_avg_46;wd_avg_46;PCAsigma_46;PCAmu_46;PCAwt_46;vxt_46;vyt_46;vzt_46;vxt_avg_46;vyt_avg_46;vzt_avg_46;vavg_46;vv_46;vv_avg_46;vvt_46;vpvt_avg_46;axt_46;ayt_46;azt_46;aavg_46;axt_avg_46;ayt_avg_46;azt_avg_46;curvature_46;curveRadius_46;vxp_46;vxp_avg_46;axp_46;axp_avg_46;thetaToR_46;psiToR_46;aa_46;xb__47-46;xb_avg__47-46;vxb__47-46;vxb_avg__47-46;axb__47-46;axb_avg__47-46;phi1to2__47-46;psi1to2__47-46;phi2to1__47-46;psi2to1__47-46;phiO1to2__47-46;phiO2to1__47-46;phi1to2__47-46;phi2to1__47-46;phiE1to2__47-46;phiE2to1__47-46;alpha1to2__47-46;alpha2to1__47-46;dphi1to2__47-46;dphi2to1__47-46;dpsi1to2__47-46;dpsi2to1__47-46;dphiO1to2__47-46;dphiO2to1__47-46;dphiE1to2__47-46;dphiE2to1__47-46;dalpha1to2__47-46;dalpha2to1__47-46;
435.304166667;-127.81530649539506;-126.55293316104195;6.878901420294582;-125.9562317273195;-122.06690664363785;8.156868905802815;0.0;0.0;48.82256846297822;17.945716020689765;49.63430057742127;18.900141819514822;[nan nan nan];[nan nan nan];[[nan nan nan] [nan nan nan] [nan nan nan]];;;;;;;;;;;;;;;;;;;;;;;;;;;;-156.62794802174182;-148.09060237401644;6.971747873351475;-158.64175160375132;-147.37224548122174;6.58830036964641;0.0;0.0;70.67608126746212;22.153754073996716;72.7538741906813;22.027821380681324;[nan nan nan];[nan nan nan];[[nan nan nan] [nan nan nan] [nan nan nan]];;;;;;;;;;;;;;;;;;;;;;;;;;;;35.97288044231538;41.37673847324561;;;;;;;;;;;;;;;;;;;;;;;;;;;
435.308333333;-125.002801634403;-121.06553313337707;8.387427062827982;-126.37435074915626;-122.06199302609029;8.147762045976357;0.41824705014504354;0.41824705014504354;49.398089787529834;18.988112826858004;49.96667743799982;18.946056511702665;[nan nan nan];[nan nan nan];[[nan nan nan] [nan nan nan] [nan nan nan]];-96.83011157853282;-27.463134226656475;-5.449193201398739;-112.54938635624909;-30.913599287258442;-7.86155962710439;116.98213158355395;100.79676560489744;117.18816636882829;99.39402588856386;117.78614064017967;-12973.325421734315;2187.3754500549576;215.02244493425997;3888.224648425816;-3521.5028609929363;-1577.0001594389205;-479.97813885034793;0.045942600950186645;21.766290530313075;66.65255199446429;79.21424410061007;12233.655926704243;2554.5708082551405;105.32293814285671;91.05747370701263;13158.192068424387;-157.97077849781954;-147.12069357371274;6.792414519962463;-159.26615195017254;-147.0256777893522;6.5315998077617365;0.7163797256879713;0.7163797256879713;72.07891692509382;22.13805733196686;73.40664142397581;22.048550086640233;[nan nan nan];[nan nan nan];[[nan nan nan] [nan nan nan] [nan nan nan]];-170.19410007008918;118.70727546227722;-3.0969664337558203;-205.563226866007;127.16852073198055;-8.33635719694405;241.862704351127;207.5259987265121;242.11714432304143;207.08308002227585;242.55044632083775;-30478.026442309667;11640.779381273704;-3292.0940042752095;10327.192054653675;-9449.83424758326;4113.929659154427;-653.537440728576;0.025702572925823425;38.90661074616767;179.97509528295038;216.64483174027902;31678.35686968627;9907.472407562553;58.27869114875929;88.77848756582459;32791.09213421534;42.05119438315991;41.3465510999647;-12.22850050883043;3.332669215122957;11620.3828174761;3396.083494696557;21.158402142191758;-86.12196011508034;111.82632930014233;88.42493153192326;nan;10.05422425563987;21.158402142191758;111.82632930014233;nan;101.77210504450247;126.48134028504847;170.10502044890163;;;;;;;;;;;
435.3125;-125.69763222921677;-120.91010891331013;8.60363888478156;-126.66519387533633;-122.19541038614962;8.123190560024943;0.7213007487411147;0.7391733250638373;50.01148876197155;19.291500251442574;50.138201474724056;18.961982708514466;[1.19875128 2.0882875  0.60645172];[-126.71543898 -122.48275138    8.00324543];[[-0.52023016 -0.59613582 -0.61154122] [-0.84814545  0.44452334  0.288181  ] [-0.10004933 -0.66859635  0.73686433]];-126.44162180822508;-29.00529802141273;-7.271244001862419;-112.1685146937456;-32.416226038372145;-8.467828943319041;117.06533016305542;129.92945019563427;117.3981650743303;129.87195340204212;118.03174660271631;-1240.1994885325694;-2927.614071539411;-1089.6068291575348;3567.2919011471895;-3176.352411840523;-1566.5890892688062;-426.7967773650054;0.04719962272468823;21.186610025103867;92.34023674357289;78.30620335078662;96.43275287928809;2256.8139715728394;106.07570149876551;91.1975542955274;3360.991217688429;-159.90254667986994;-147.49246128680215;6.172527855123533;-159.71072783204158;-146.63211257372208;6.547272985852603;1.300842090199478;1.3103384298123197;74.0431298516163;21.783418271000457;73.88155191760524;22.116645029742706;[1.83391216 0.56500151 0.32208872];[-159.39431798 -147.27017909    6.50617791];[[ 0.64538291 -0.5130625   0.56590439] [-0.07657061 -0.78057084 -0.62035966] [ 0.76001174  0.35703787 -0.54305258]];-240.71510581125787;143.61757848727723;-10.984891468684353;-205.51919865669842;125.20742664701513;-8.894093144718555;240.81973672630338;280.5181613672332;241.2085644781045;280.2860453325752;241.6602134743004;-3372.0563134807467;316.16607073648174;-494.1100124938788;9734.396278591455;-8843.889828107582;4032.273330758475;-533.7184679251657;0.020194457131926833;49.5185383527359;253.35575998840645;216.53888645979276;3544.3621889645347;9283.54067711587;58.67299606889753;88.71104980158876;3422.699149796402;43.387877697849255;41.194727635887546;15.606760831766435;4.958354574423955;1740.542626022676;3160.1072120892013;19.27342586158651;-84.87110093941813;113.37586611484768;88.48848539828124;nan;9.233258153265359;19.27342586158651;113.37586611484768;nan;104.14260796158233;125.34912736035201;172.0488621837452;-538.5811505424952;529.90226227415;587.3440021709097;48.87792415802676;nan;-258.8940025115662;nan;788.796264785716;-289.58860160522323;755.3642161952192;
435.316666667;-126.94897673293234;-121.64840979195714;8.24185077321303;-127.1812683456433;-122.29085247797889;8.102352102631409;1.2465305992156557;1.2644125973026084;50.60624094799726;19.1086860663028;50.52211537128652;19.01067179741938;[1.53021079 1.81684488 0.5348318 ];[-127.43266544 -122.56770057    7.95920509];[[-0.47633281 -0.61292269 -0.63042274] [-0.87489315  0.40180412  0.27039865] [ 0.08757298  0.68035229 -0.72763434]];-130.75579315292953;-38.976036208415714;-10.993468232136346;-114.8230174436943;-35.66613825365319;-9.671912469795377;120.62315135838149;136.8833999626778;121.0824659541742;136.41348950152116;121.63904991414007;-830.6027569261612;-1858.3402582260192;-697.0608013755756;3043.9687991137207;-2643.6048735406303;-1456.7514332160629;-393.6681145241537;0.043061885347807666;23.222392422511785;92.42488693114886;79.4882947882882;-55.800662842539076;1827.6228924866452;107.1984610891951;91.42673117366826;2151.562970487094;-161.01019313529503;-147.2991545086246;6.193975618246029;-160.684436117422;-146.0364504938341;6.505791754147128;2.4420720592053673;2.4525476186296435;75.15029328086165;21.947503541045833;74.9064338846657;22.19466290517152;[1.91982028 1.9004206  0.29226576];[-160.09584287 -146.21741666    6.5034567 ];[[ 0.71561619 -0.44831483  0.53563727] [ 0.00788209 -0.76161442 -0.64798252] [ 0.69844925  0.46792872 -0.54148995]];-250.2113836835476;143.88806256107398;-12.475468034911733;-214.35911983569923;125.77184582473213;-10.508402906768865;248.75452958799934;288.90335473148303;249.34365396294132;288.6588284549106;249.73542206646616;-1186.1570652231385;-186.33371531461444;-221.3667392959451;8284.17802487329;-7562.502337755597;3347.6390877390068;-479.037031425133;0.01533455416332332;65.21219915162365;263.34248363746684;225.6908254824281;1249.2651625887825;7936.932804549358;59.62839590246921;88.58015660416969;1220.9390116251652;42.68865141906636;41.24464692905787;19.585154560507668;11.138338956101974;169.08636377451762;2849.4225598837043;16.95432936340469;-82.57160416586925;115.58118801036366;88.67250656035208;nan;8.12908662723717;16.95432936340469;115.58118801036366;nan;107.45210138312649;124.15279045259979;175.20958391283287;-510.148159835852;531.022006093514;695.406915591025;57.56906676301475;nan;-248.17173480418174;nan;779.1937408976956;-294.11049578279267;748.0220273226569;
435.320833333;-128.11247781184898;-122.23677190358711;7.904409029085031;-127.71887405707058;-122.4371212029945;8.062596860009478;1.8035670270904813;1.8229776518780352;51.248085214171475;18.936183714630953;50.907703447586464;19.04421048564726;[1.45051394 1.83239982 0.58444316];[-127.67199229 -122.09599313    8.1395267 ];[[ 0.32514904  0.66725171  0.67011436] [ 0.94555354 -0.24016673 -0.21965529] [-0.01437381 -0.70504972  0.70901219]];-133.27143044262712;-46.33981902079321;-13.72661319458144;-116.83193146634537;-38.45976618460214;-10.652819231568138;123.4598573736077;141.76414535734176;123.99914585559155;140.98553946518382;124.48665532641719;-376.90314212944094;-1676.2754917185396;-614.8487805992858;2632.4103126317414;-2249.380055948708;-1320.6028383114835;-354.79791627598763;0.0371977604509277;26.88333888593178;91.72089817176655;80.3242009581025;-282.11394166125336;1533.2304754914242;108.15063940657421;91.62700977953747;1824.8272591365205;-161.46012355294897;-146.34798370938148;6.400223667529872;-161.71668704713358;-145.43529941966253;6.45573222361365;3.63655913463548;3.6481355712560077;75.6313331236517;22.19678786587104;75.9928499175067;22.271798198817233;[2.54766358 2.26819251 0.28434275];[-161.10788139 -145.41506544    6.47018835];[[ 0.6952017  -0.5785893   0.42653138] [ 0.0237217  -0.57459147 -0.81809652] [-0.71842318 -0.57886015  0.38573185]];-256.0453563063434;142.95663903810052;-13.618918598685093;-222.39441839423876;125.74642762665283;-12.149822331039708;255.77149875709878;293.56651729192436;256.572466937702;293.31259533259146;256.9131898727089;-1614.1497937212807;-260.7495757116292;-327.48953131577;7196.276483614916;-6612.827240019643;2801.6835617853076;-455.50010088390377;0.012598127007749866;79.37687875228119;269.4573648710145;233.98638260861168;1685.8778295168079;6936.212325197909;60.551845684904734;88.46146508452657;1667.5488871171574;41.178618053787325;41.32478397615215;22.753235476916363;17.773597046357306;1351.5924761031429;2666.254436700434;14.7852496070698;-79.97656758799833;117.79171830046158;88.8958014329311;nan;7.0758081323376025;14.7852496070698;117.79171830046158;nan;110.71591016812398;122.93588901364402;178.3435639853663;-486.0376776948101;530.4416360984696;863.314313326924;65.66956357346162;nan;-237.2384387455729;nan;767.6800748440423;-296.0708037622099;738.0248418866295;
435.325;-129.54475414416703;-123.54671147966474;7.594688415697476;-128.27089995525006;-122.61565277971539;8.01073986736369;2.3833096783939647;2.4054682216159256;51.74459163416587;18.837408030280802;51.292322762378724;19.06813808608669;[1.48578581 1.97738191 0.70410264];[-127.83676434 -121.74397989    8.32681337];[[ 0.2906115   0.68174072  0.67139746] [-0.95521584  0.16582578  0.24508064] [-0.05574644  0.71255274 -0.69940041]];-135.41760631782873;-54.303007127906476;-16.709772733183243;-118.49251356211958;-40.989442778539214;-11.510442870171932;125.90909611553775;146.8535365211834;126.49059601800619;145.6569368375041;126.91648208172548;-653.2612779692133;-2146.0547997003237;-817.0677979308412;2245.353476927385;-1876.018987786171;-1192.8816625229506;-314.9576686352144;0.033238937814979774;30.085197233629124;90.43844734875859;80.98319427503571;-333.4624533831775;1255.2314897631866;108.99877495630228;91.81131642288175;2387.4466040157463;-162.2805841197063;-145.0500331182397;6.297782363944592;-162.76953098144966;-144.83738330582625;6.401829520522958;4.8475622963274345;4.86011310017795;76.55158825680041;22.183624834244192;77.1009545816426;22.347882567997672;[3.97915061 2.15332902 0.37580743];[-162.62647702 -145.10795329    6.35405627];[[-0.66647216  0.50251245 -0.55072325] [ 0.03433785  0.758607    0.65064302] [-0.74473873 -0.4147248   0.52284564]];-262.23285872524434;140.58139624190798;-15.282118469847077;-229.89403230825494;125.37606107005;-13.78767955450323;262.2222776346196;297.9307710013599;263.20307280709585;297.5767652914958;263.49813068581716;-1355.8513673531866;-879.3669664609189;-470.8464068426931;6183.035261958562;-5722.345095980049;2302.609766776026;-427.41071007137685;0.010556521120048635;94.72817688971695;275.83955569825395;241.71568890871083;1377.5737675613086;5998.6508621585535;61.43672941271042;88.357475866139;1683.2455349392314;39.18812793419067;41.40785655039529;27.770713541827053;24.58346628856982;1056.7969950562729;2492.3180612211377;12.703094698109789;-76.77654653594931;120.00637139447225;89.15224878337676;nan;6.060988837204203;12.703094698109789;120.00637139447225;nan;113.94538255726805;121.70186965441208;181.44310080718267;-441.1143365808373;510.34343141402616;1027.6821891387597;67.88121232441233;nan;-215.9213062865512;nan;726.2647377005771;-278.6357167160735;709.0080892469725;
435.329166667;-128.90670905504797;-122.01343561957435;8.103520032451968;-128.82946931075813;-122.82328636150076;7.948208416721403;2.9784465226326113;3.004652343165514;51.997308871206826;19.234675518512933;51.67204426568382;19.08278522985284;[1.97900628 2.16837938 0.78607938];[-128.2699374  -121.78846646    8.32522392];[[ 0.43152884  0.64302851  0.63269044] [-0.90082254  0.26986517  0.34013461] [ 0.04797514 -0.7167197   0.69570918]];-132.99465203099817;-51.37703767409346;-16.049047264063457;-119.64798454434414;-43.14168534029108;-12.187986944097538;127.77085835695787;143.47386307998974;128.36948336807674;142.75590719588388;128.74285011559024;1816.2793356489817;3550.5201375335346;1134.2160231085895;1929.472282853676;-1586.859662156311;-1062.935469268141;-273.69306000235144;0.028879579479909673;34.626542976349725;89.524913216067;81.37933324711693;-105.0339303092495;1053.56059732804;109.73369668934444;91.96989780877792;4146.264566958182;-161.41872610925316;-142.1209880182858;6.6955249821657645;-163.8503983496845;-144.2439940943461;6.342241235291377;6.080830762404853;6.094591041557528;75.95478786999854;22.420278340324874;78.23832795809645;22.42208700567702;[4.28684325 3.05946425 0.49443685];[-163.4877674  -144.16477862    6.4023811 ];[[-0.74756002  0.56805074 -0.34419815] [-0.0789922  -0.59057854 -0.80310473] [-0.65948028 -0.57318002  0.48636449]];-259.1254864518115;135.48629217039706;-16.318956049312547;-236.5581820733714;124.55478724678781;-15.385126675142129;267.7879210396934;292.86321281702413;268.93247914596566;292.4749495151366;269.1899232869249;2847.390058601188;-1566.282987868259;-26.835631301230514;5395.089178863203;-5031.531010703538;1903.2464880005887;-410.2873896781214;0.009316107075746113;107.34097320579707;272.30343621232674;248.5644701291981;-3074.911120808087;5270.122870205261;62.28170573313781;88.26730398217477;3249.860411619818;38.25346215000005;41.514394271792945;31.202443010596383;31.528377308712802;590.4331499543127;2378.2733436416825;10.734935626283399;-72.78228164361384;122.21206526794481;89.44304779604278;nan;5.09882114279296;10.734935626283399;122.21206526794481;nan;117.11324412515185;120.46863231562784;184.49377100108262;-406.9760722176123;493.9556417811214;1439.96377284313;71.7100016918583;nan;-197.9091436834259;nan;691.8647854645468;-257.1377792525865;680.7612504077265;
435.333333333;-127.90100476570387;-120.21728319508406;8.924922414018354;-129.3993800078976;-123.0681778391142;7.871491761253956;3.5971174853720616;3.629676729687998;52.13534131535111;19.88941891987848;52.04597649028436;19.085426422784078;[2.85458235 2.49781786 0.8661411 ];[-129.12245088 -122.36210251    8.14352323];[[-0.51657169 -0.61161313 -0.59923541] [-0.85266206  0.30349587  0.42527364] [-0.07823747  0.73062962 -0.67827668]];-132.37210967419048;-51.84535403295169;-16.0127060668713;-120.35337361778082;-44.89300193413106;-12.674815801686586;129.07736873459157;143.06195479575285;129.67588808196513;142.57045423076323;130.00510999529772;-1517.4590043820806;-3775.31198978569;-1116.7722484563167;1665.752101492829;-1356.3362070986832;-938.5544941879785;-232.80381951437636;0.02473858836357931;40.42267833973186;88.31277058230643;81.57602652447545;-476.79453389634637;902.5713776868016;110.35276345517408;92.0976874753919;4219.341501362745;-164.230285975877;-143.21610248314136;6.135966426345178;-164.95480480415804;-143.66587167047808;6.2744785332743485;7.327368673754311;7.343002407032275;78.6687241472979;22.252108968644773;79.39961754579262;22.491516564723792;[4.90746719 3.38477803 0.48710933];[-164.58327297 -143.4626267     6.38576459];[[-0.73352364  0.60560935 -0.30851318] [-0.0816393  -0.52914233 -0.8445966 ] [-0.67474298 -0.59434477  0.43757994]];-254.43749293731975;134.62997612136712;-15.886121728596112;-242.4409734836313;123.33798492079411;-16.9267306938573;272.53696696043863;288.29852088806194;273.8305215540678;288.0705721449523;274.0570938382023;-597.1531716433938;1155.2512843330449;234.59610524535594;4762.523698858325;-4474.838992308389;1581.4511512488286;-395.55054205168625;0.008453869048859948;118.28903360347834;267.41292817080017;254.5902040028621;727.467260872795;4682.721420218429;63.09226822798346;88.19025949980272;1321.4510104249814;43.087592615435504;41.639279163243636;26.935595230089348;38.590720427548604;-2638.520084599216;2293.8504452092125;9.027141893272821;-68.2125282931341;124.2592333229186;89.71792555274635;nan;4.261644618151246;9.027141893272821;124.2592333229186;nan;119.99758870476735;119.37990534844691;187.35150155090207;-383.96352130031755;495.31614893535203;2209.789160974017;77.328414816311;nan;-184.45308748215086;nan;679.7692364175028;-235.5206154603045;672.3068936450477;
435.3375;-129.11826773574467;-120.67275095361003;8.616382289303033;-129.9377580776821;-123.25142834211782;7.814466356187663;4.168079082597228;4.2012391407149465;52.876454410938145;19.750632841285498;52.41808520915037;19.102506562517327;[3.15701075 2.4862727  0.86607156];[-129.5880818  -122.35515669    8.14357087];[[-0.55367189 -0.59748663 -0.58004928] [-0.80927996  0.22191368  0.54389362] [-0.19624829  0.77056087 -0.60640132]];-134.21087669677274;-56.755308192256706;-17.443881242239218;-121.85125977330391;-47.010271012872884;-13.33549906923324;131.28415983838443;146.75835044217322;131.8507153078555;145.99078416395238;132.1185188922098;634.8508335372634;1418.5339933050411;429.80816427625837;1322.2720853937678;-1010.4742419503444;-828.787214370039;-201.13932351286118;0.024145681998461038;41.41527251389033;88.1933318683237;82.29602811201339;419.4639511820221;642.0254589062556;110.98234913071852;92.24419421378758;1612.4544424830835;-165.06974637978203;-141.99756990038986;6.571531874124048;-166.00977740344763;-143.11494165959382;6.206249934880563;8.518122008362107;8.535120775225439;79.58852392586903;22.775911336212623;80.50752325986377;22.55439008835254;[5.0586148  3.24079363 0.48740391];[-165.80762802 -142.92923945    6.30180845];[[-0.74277484  0.59836395 -0.30040992] [ 0.10225695  0.54479844  0.83230894] [ 0.66168652  0.58749914 -0.46584945]];-263.76040047503517;136.49281156842247;-17.062916283275154;-249.6288324822527;122.96016651519578;-18.47542302187145;278.881870711838;297.4743343226334;280.2047367177709;297.20887562098704;280.38566367314536;-3877.842446437481;-261.09026974489046;-799.4574914863526;3796.977115512131;-3615.150322161054;1102.1072100478361;-364.8055118309316;0.007970296113551817;125.46585293107363;277.17635171477775;261.9960018193048;3958.9760402153265;3777.9488016218443;63.838419138358105;88.13098835739144;3967.9922440752503;41.850186774088264;41.774414630214345;33.32841958379213;45.45588575060736;5707.075774340652;2107.376121065771;7.343468357806381;-60.78258353659867;126.32836228278374;90.04063114347439;nan;3.4495782787659106;7.343468357806381;126.32836228278374;nan;122.87878400401783;118.3258174885249;190.16678142114185;-322.1260036405069;493.4482937716513;3299.4511819033937;81.1779202920296;nan;-154.32858244596724;nan;647.7768762176204;-185.4256694707701;666.4832683994351;
435.341666667;-127.1634379523093;-118.33543131373887;9.736579995016555;-130.5024809218482;-123.50022245605507;7.7380525440301495;4.785204603960675;4.823050585239167;52.62896356576035;20.568491732563757;52.781916245136244;19.104824191081324;[3.28439937 2.82218881 0.99252814];[-130.32288667 -122.81585999    7.99541845];[[-0.56332719 -0.58980874 -0.57860879] [-0.80273737  0.22487607  0.55230741] [ 0.19564047 -0.77560068  0.60014031]];-133.70376976764163;-57.15355853535675;-17.78373768805799;-122.49164409164518;-48.78145312388752;-13.84935853793701;132.57314122047737;146.49057522411;133.09909100027656;145.86267510354443;133.33259118681477;-391.4395075460049;-1609.6941579736276;-592.9392582624282;1023.0773132012101;-699.3345753713937;-729.785013843929;-158.2155935612409;0.02410779104733675;41.48036616197869;88.35186526121711;82.41515704799612;-343.3679225878544;410.06975509116114;111.58978767051484;92.38229166309739;1759.521848193731;-168.5654062710234;-143.59542164223677;6.11279497382894;-167.07511724530045;-142.54395520280104;6.142094185536168;9.727956774960063;9.74552999224822;82.92525727974319;22.805271883893262;81.6280586138806;22.622362145516075;[5.06653316 3.23535062 0.49114463];[-166.93227002 -142.33469519    6.22817119];[[-0.74216926  0.5921404  -0.31393397] [-0.09261921 -0.55453106 -0.82699274] [-0.66378194 -0.58469227  0.46639948]];-273.15810419847094;134.63883021772958;-19.433014333392055;-254.95569399400335;121.61046895706063;-19.923940114195243;283.1756971380032;305.156691779458;284.5239542443388;304.65440695184134;284.67830189494794;-633.055340838696;-628.8207785868481;-338.1895725739115;3015.6418463043838;-2900.2530677041455;763.842052939545;-314.917777548221;0.007099482989702037;140.85532727531327;286.80316163204293;267.4453009043642;661.892720100358;3028.467609599706;64.567191100573;88.07786086131469;954.2257715785569;48.634575251968606;41.86374245682751;46.39430863611153;52.052192393892696;564.550970813165;1938.9887888602948;5.827445882417926;-49.79761861824176;128.38686789740427;90.36232900955275;nan;2.724535555790902;5.827445882417926;128.38686789740427;nan;125.66233234161336;117.41723355293277;192.95405899797726;-213.74923503261766;488.717645842629;4696.139210375199;87.42352212896314;nan;-103.22611345070193;nan;591.9437592933316;-94.97453250823864;657.0944827089792;
435.345833333;-129.99303919039107;-121.98440935138996;8.602626723919045;-131.05618205016182;-123.72438924372275;7.669100679168143;5.384668950637357;5.424374165233322;52.847706740601396;19.871885348870883;53.153029641390745;19.112716321107666;[3.48471916 3.2069241  1.10698205];[-131.10713881 -123.38118972    7.813947  ];[[-0.56859166 -0.58616714 -0.57715821] [-0.78956038  0.19197127  0.58287343] [ 0.23086346 -0.78711823  0.57196762]];-134.23042496842115;-61.97310741360307;-19.54406348265402;-123.11182384126114;-50.37877192677726;-14.255465518151578;133.78251054420815;149.13230182329693;134.26225478498063;148.19515010956684;134.45183144999547;138.64501118261245;-703.6893035549257;-252.01712313229248;792.3922295757359;-498.8590724106656;-603.9312628565218;-119.54957595116237;0.020827948822116405;48.01240912106228;86.87167705067225;82.62094487765376;-367.12241846739585;285.75652768899585;112.12151858213973;92.49676553033896;760.2063571263529;-170.35490848712527;-143.85647556794004;5.550128855777672;-168.20778074075258;-141.97750156318358;6.064058965852429;10.994862638551641;11.014342750411068;84.73185846591251;22.48696010633086;82.81732619083391;22.685503713964334;[5.17557657 3.10080526 0.51695585];[-168.01050205 -141.69272452    6.18885149];[[-0.72444197  0.52947694 -0.44140457] [ 0.01502876  0.65231241  0.7578012 ] [ 0.68917194  0.54234923 -0.48051987]];-275.96143333869094;131.33260063283396;-21.089269452796767;-260.59685970513095;120.3725911775478;-21.38522457180439;287.8499814572849;306.3457555857122;289.200620844785;305.69512787269383;289.3247532195586;-712.5426464564954;-958.1694221523089;-456.81288473408205;2460.3104994043956;-2396.701866603547;465.7371844143834;-303.3756601185124;0.007190339240670885;139.07549651394422;289.6383640643878;273.22123445308694;699.0044474143845;2496.4195717387697;65.28037726026483;88.03456833947207;1278.469270739813;46.00853743538055;42.05215146008092;50.91649310184065;59.06965271775947;1606.0975727265738;1863.155180504488;4.65908499411962;-33.28715702057451;130.4404313975718;90.71711381257863;nan;2.1635067583752474;4.65908499411962;130.4404313975718;nan;128.27692463919658;116.78060357625935;195.72080865783664;-64.59451320302078;478.6355810456256;5620.017401489778;90.73273240754882;nan;-33.72254563708943;nan;512.3581266827124;37.00240343757184;641.1331888854294;
435.35;-128.0819105666369;-119.03544635934844;9.45213681039985;-131.6166790032518;-123.97650211051919;7.5898547299621235;6.000726896497397;6.044049606487063;52.939094028336626;20.41796485088689;53.51818178898407;19.111720786837736;[3.6351234  3.44773372 1.20298962];[-131.80998961 -123.86521477    7.65386315];[[-0.57202128 -0.5831565  -0.57681899] [-0.78075628  0.17155395  0.60082349] [ 0.25141855 -0.79403887  0.55343561]];-133.01019049289198;-63.72568583991265;-20.14676638190415;-123.38191941377391;-51.66124302217731;-14.51667845329023;134.5463341088849;148.85753594081046;134.97910677613092;147.8567856737654;135.13184300335953;447.06753707194247;-137.54834107479624;-37.28026850808999;594.3191576772599;-336.3765889571006;-483.23397403437104;-80.93811168258352;0.017509082157596962;57.11321650096394;85.32903247751223;82.67066345377022;-373.3469766503487;193.81749129653443;112.57957685821711;92.5866426144682;469.23208250932333;-165.80710936491897;-137.0965953103431;7.521855163408432;-169.35143478030116;-141.42196495098;5.98015239942361;12.26674349957375;12.28855066184636;80.94605646666245;23.740955072520414;84.01808496082842;22.744436454048756;[5.29297299 2.89360231 0.54613555];[-169.09173463 -141.02459166    6.14141216];[[-7.04183721e-01  5.02307597e-01 -5.01809092e-01] [ 1.69393906e-05 -7.06743757e-01 -7.07469619e-01] [ 7.10017807e-01  4.98197089e-01 -4.97668940e-01]];-278.8746579489431;127.2960098022666;-22.99273839969834;-265.55435925531793;118.83192730532166;-22.776667541752992;291.82001516501106;307.41505326973777;293.1588119055326;306.545407783927;293.25816258500333;-685.8051664657363;-979.3941765224196;-456.85220977944624;2017.9576727163146;-1984.1148248842921;225.0044163452174;-291.22936523326086;0.007297430560369234;137.03453451558465;292.48497852017806;278.27878213401107;667.3704913664855;2060.3057678058867;65.97033140779129;87.99967473672966;1279.9436006861738;41.87029630939612;42.25036169546406;58.59369278257091;66.08604227724013;2078.958274026919;1804.6565796339214;4.0462022571477325;-10.66312519848403;132.45951494608914;91.09085836062678;nan;1.8643179437025017;4.0462022571477325;132.45951494608914;nan;130.59519700238664;116.62577911536484;198.42984635388044;83.62210370941237;465.056998420954;5226.473150028802;91.43115507285887;nan;33.91034292370716;nan;431.14665549724566;169.04583081398894;621.1491536298068;
435.354166667;-133.22286783312103;-125.03083874717106;7.180827133269503;-132.17476892489765;-124.24083180550231;7.506233483479508;6.619628534882624;6.6672085438023;54.16513130022433;18.93354038471724;53.87696028347902;19.106256069800914;[3.78802317 3.64963262 1.28171269];[-132.46245861 -124.32194852    7.5164181 ];[[ 0.57430588  0.58054838  0.57717964] [-0.78440757  0.18849071  0.59091118] [-0.23425953  0.79210784 -0.56363787]];-130.70186706623366;-63.313002927579475;-19.93047674806136;-123.3798772223396;-52.65792712826947;-14.646977392638973;134.9443786883552;146.59037587001444;135.3304681677195;145.69797247641088;135.45219077845567;660.9277077243248;335.6361389965122;141.09929275259378;422.2799308134595;-194.48694999028473;-372.2565626422933;-43.820290061123124;0.014616318069971723;68.41668299860244;83.80294852673562;82.61999037309803;-359.17331972314;116.79629342034674;112.9681595541439;92.65231533429005;754.576744310013;-170.64261966195676;-140.8580405447512;5.814480068870864;-170.50745935190625;-140.88306322457763;5.888315053745949;13.54232203748844;13.56731646485147;85.30530257590412;22.741609057743094;85.23097922470161;22.79738690307765;[5.4589739  2.60968508 0.61249465];[-170.28849263 -140.46274921    6.04654772];[[ 0.69374334 -0.474631    0.54170619] [ 0.01160547  0.75940671  0.65051269] [ 0.72012881  0.44500209 -0.53234166]];-281.7741878408656;123.08526671003445;-24.942981292502235;-269.9143006438364;117.07256324242411;-24.083222472341447;295.19437047622534;308.49445396995037;296.5040880985474;307.3709036482332;296.58270881602147;-705.9691816585818;-1041.7625077499226;-479.2643787672797;1641.2142421885746;-1618.0282409583426;24.06458234627486;-273.8424658455448;0.007342849704214522;136.18690839144335;295.29073192497066;282.71039795272316;679.3911429349242;1673.8887625376526;66.63452399226198;87.97335867454132;1346.609057135842;40.65224530051655;42.47645556926254;68.0867699846763;73.04310877197268;2477.7187829878317;1744.321595335933;4.120797384094937;13.546321325131043;134.42906123961507;91.47321991597418;nan;1.882485544733091;4.120797384094937;134.42906123961507;nan;132.54657569488197;117.08895693823884;201.06358523187703;184.3771431318855;449.6810732083017;3925.9030835123767;90.21001979576643;nan;78.43792109345755;nan;371.24315211484486;254.6212060404522;598.8982470278189;
435.358333333;-134.18704254152794;-125.65546379363957;6.985483624931902;-132.72509725735821;-124.50754949251798;7.421965010113075;7.2328667771109885;7.284542143794496;54.73078154983198;18.876204481710012;54.22925705962936;19.099164591390096;[3.92984239 3.78633384 1.33303066];[-133.0195998  -124.65241138    7.41276729];[[ 0.5759985   0.57893805  0.57711045] [-0.77221671  0.15377156  0.61647032] [-0.26815495  0.80074031 -0.53563782]];-128.78516696231716;-62.760476975264744;-19.554617570074683;-123.13075597784004;-53.38066832839619;-14.652573831471999;135.00139532148313;144.59211516533853;135.34340669292138;143.81681137003815;135.43930741930393;259.08834215757884;-70.42368188577827;39.313112681185885;281.10875725543383;-74.83041902779873;-270.82126127050435;-8.853600266089801;0.012013791551136514;83.2376686197289;82.68697711670899;82.48541647537463;-176.49295708990402;55.93449298718847;113.29144125075459;92.6939888930888;271.3517732409272;-170.07092200724753;-137.87456232999665;6.698548544238591;-171.6753902632069;-140.3611648692954;5.788546246092965;14.821288564437484;14.850435446785088;85.07603538614985;23.497662115257587;86.45545978182768;22.844298865082585;[5.59294714 2.36158173 0.69710231];[-171.5184664  -139.99629129    5.93784745];[[-0.68495619  0.44736204 -0.57506715] [-0.04065992 -0.81153476 -0.58288772] [ 0.72744882  0.37587037 -0.57405547]];-285.0112969174836;118.46871649204306;-27.061533001443998;-273.6754810261119;115.131457662379;-25.285672276207055;297.9813529078584;309.8364128475643;299.24604996237724;308.3876568047;299.3076165398461;-847.8431751200728;-1174.1815968872152;-537.6404415257451;1330.08093620281;-1298.566810329195;-139.0223019720573;-252.0165381795299;0.0073228540690363254;136.55877757121524;298.334777126844;286.51639186464547;781.7505539652259;1337.1136955275692;67.27109936786388;87.95552659524672;1544.8617143389552;37.90833030208569;42.738642468651705;77.73111246907085;79.8793964150618;2151.5656095260892;1681.2133413864556;4.743053121392202;32.89081771838304;136.3349899329269;91.85278465289991;nan;2.1469041347331377;4.743053121392202;136.3349899329269;nan;134.18808579819375;118.0344943721468;203.60608930079079;235.6756131559969;435.9576449011635;2707.975546171766;88.96317943715209;nan;99.65841674966913;nan;336.2992281514949;292.26066164835265;577.9866044888574;
435.3625;-135.1405345488962;-126.52600995280733;6.939453810852228;-133.2639511504486;-124.76844016323166;7.340146177245814;7.833778305518277;7.888795221218073;55.1745032464671;18.96917097344486;54.57531818786785;19.092903487525703;[3.80958705 3.99288017 1.37057464];[-133.17257168 -124.45322325    7.46183857];[[ 0.5750828   0.57707687  0.57988108] [ 0.77792735 -0.60511712 -0.16929944] [-0.25319718 -0.54846655  0.79691633]];-128.21793734288187;-64.35081741246731;-19.726514274449833;-122.69532100274388;-53.86047047023914;-14.548351615923696;134.78407402205357;144.810229347018;135.08604564235014;143.9832436977804;135.1597793689571;13.181875171860197;-692.9397279738658;-121.8235307813027;183.74361428924797;27.15033066512978;-180.31218146740608;22.62946202001408;0.009807714667105743;101.96055186575897;81.81849744256732;82.30677899901666;-240.3772864982891;6.3140016788202535;113.55352674504809;92.71278603802142;703.6904156584518;-173.33719634324115;-139.92271614803485;5.856966041234145;-172.85557758391133;-139.8573526686616;5.68045687630862;16.10374623455472;16.138205673696447;88.07877533670509;23.12415998308186;87.69173532407413;22.88484906247375;[4.99990841 3.05753991 0.68102334];[-172.50768235 -139.3037649     5.92041795];[[ 0.72207584 -0.39314717  0.56924668] [-0.02744723  0.80590411  0.59140951] [ 0.69126922  0.44266676 -0.57113308]];-288.2798809584922;114.22061481937519;-29.10071869141582;-276.91083805429935;113.07500102091507;-26.370881878683335;300.26819928003334;311.4458065916371;301.47194571515496;309.67445811484265;301.5190029737595;-721.0771645650659;-864.9072059965599;-441.1686896615994;1071.0754007042472;-1010.1845322977996;-275.15893836229236;-225.87005852785276;0.007259499057368889;137.7505516699436;301.43773618149527;289.7743780978553;707.669792268744;1033.4741469395312;67.87800044075681;87.9461052103287;1209.3992578878588;40.49232629627731;43.04384531913433;85.48334396546737;86.54741469617115;1569.5055087476583;1609.7895081699482;5.657273576859252;46.26218035437109;138.1764035163475;92.22497008093822;nan;2.536134887177976;5.657273576859252;138.1764035163475;nan;135.64026862916953;119.21080032190734;206.0544039571043;254.50525416106868;422.73980955748607;1890.78953117035;86.32706669182035;nan;105.96266809641705;nan;316.7771414610688;298.7609217460829;558.6012398880472;
435.366666667;-134.79977029270407;-126.44874581138828;6.879615997171143;-133.79830698204321;-125.03055346731138;7.259009863695934;8.43134020519355;8.48948036362732;54.91693061637872;18.863857543806166;54.918315202267976;19.08674548566034;[3.70457671 3.87507635 1.33851059];[-133.84138083 -124.91498052    7.28865281];[[ 0.57454023  0.57678944  0.58070428] [ 0.770358   -0.62076479 -0.14560093] [ 0.27649969  0.53100378 -0.80098871]];-126.93623069632343;-64.96244874849478;-19.495404021731527;-122.1228928508458;-54.13853284280871;-14.354245629664057;134.35410698682705;143.9201069648074;134.62006927952558;143.0926588254206;134.67439388781133;602.0373151757723;399.3566866819929;232.75645208618292;159.87668833548082;115.04004742780636;-98.75274002668696;50.73696185376215;0.00795759062103066;125.66617807118116;80.87861165157727;82.10874294602705;-210.76789317752497;-34.59024126405672;113.76298332152379;92.71167278887228;759.0192738326341;-174.9932737236523;-140.08979358418708;5.712405835534909;-174.05048440418378;-139.37392556519595;5.563033471081137;17.391185704474314;17.432536516098818;89.70627648222865;23.201297587357413;88.94158292454912;22.918391717822796;[5.21305513 2.88481818 0.79460204];[-173.80959912 -138.95516494    5.79452979];[[ 0.71531722 -0.30685878  0.62782081] [ 0.03309357 -0.88254351 -0.46906478] [ 0.69801583  0.35630694 -0.62114352]];-291.4107581855821;110.6670250523661;-31.047039909598723;-279.65771633795976;110.94156080244444;-27.324780757613166;302.0978514721627;313.25922030705664;303.22580928584676;311.223678341846;303.2603011753301;-781.7439044398795;-840.8158821698839;-493.06549506702055;862.5068683987603;-742.1911243419158;-393.53708429596855;-195.44563506752218;0.007185827804083682;139.1628114761814;304.535940663741;292.5235873448231;779.4683592110183;751.2823508925507;68.4546740310936;87.94499659328903;1249.4832781048788;42.4612562456041;43.386401739226706;94.31800977027586;92.98468601786571;2671.1340775638896;1527.4959483664343;6.7070165643570565;55.45728060312723;139.96797030709996;92.59414448154217;nan;2.977390940979625;6.7070165643570565;139.96797030709996;nan;136.99057936612033;120.46999988588085;208.42264433819355;252.77203027124077;406.8505466101709;1378.4738584632644;80.3280814172726;nan;103.08980388651052;nan;303.7607427236617;284.4616330795373;536.8753723178173;
435.370833333;-136.02487465260913;-127.97608258935145;6.165140856738915;-134.33243396163832;-125.30469697500173;7.175758558292215;9.033638669665356;9.0955967493088;55.439525528208605;18.339912804379964;55.257138999888625;19.078642481688075;[3.86200963 3.99233353 1.38165228];[-134.62473163 -125.61512728    7.06199492];[[ 0.57462946  0.57682726  0.58057842] [ 0.77105519 -0.61938472 -0.14777166] [-0.27436268 -0.53257195  0.80068236]];-124.52835907150373;-63.43237648987013;-18.510391594715717;-121.31046212154682;-54.174003030885764;-14.056412110128552;133.59877823521978;140.97380323018783;133.83548315899637;140.29866371477183;133.87676941675832;553.7410647381523;335.0779974581476;240.0495128818156;203.9238088745013;186.5789511923399;-31.588632368130593;75.99587556546525;0.006744265679475864;148.27411130068586;79.95874629967513;81.81761040250265;-230.7674757359494;-66.7294834965134;113.92232397492288;92.69009903736514;690.3116685908633;-174.84040849169924;-138.20252963665553;5.687855585700348;-175.2579099252299;-138.90551421183434;5.437950887213709;18.68436671884273;18.733663426749168;89.81385034379016;23.128381220908906;90.20371645891764;22.946216361995127;[5.13987965 2.87365941 0.8041842 ];[-175.01318995 -138.53136584    5.67441895];[[-0.71401453  0.30296143 -0.63118747] [ 0.02907586 -0.88791883 -0.45908032] [ 0.69952687  0.34614234 -0.62517809]];-294.45913734782897;106.7191110253161;-33.039876329127395;-281.6500443015523;108.59527732566396;-28.12329854874521;303.1676131016737;314.9393364657794;304.21471048341124;312.5874501180761;304.2410619635523;-681.478093440075;-1054.182850815414;-463.49598630759016;714.3654211109642;-506.64205147000746;-478.5750743137897;-156.83649067375285;0.0069823393230798725;143.21847646311542;307.51643480093094;294.48232063035704;651.1688266413532;503.6065316506163;69.01017902684379;87.95156688388421;1338.1115066074572;40.14291578416812;43.75620651884591;105.19372135035627;99.1101132257509;2549.2074808796224;1431.7399349173452;7.778150694866229;62.01875978077634;141.69923526265669;92.9443623033694;nan;3.4191571213139818;7.778150694866229;141.69923526265669;nan;138.2800781413427;121.7004746697891;210.70941428950047;241.59307801300488;389.52768664247924;1057.3088817164576;72.09236104759688;nan;96.33065506759229;nan;293.1970315748885;260.4973591775921;512.9947818378143;
