

Insect numbers for this group are 56-55-54;
dt;xt_56;yt_56;zt_56;xt_avg_56;yt_avg_56;zt_avg_56;xxt_56;xpt_56;xp_56;wd_56;xp_avg_56;wd_avg_56;PCAsigma_56;PCAmu_56;PCAwt_56;vxt_56;vyt_56;vzt_56;vxt_avg_56;vyt_avg_56;vzt_avg_56;vavg_56;vv_56;vv_avg_56;vvt_56;vpvt_avg_56;axt_56;ayt_56;azt_56;aavg_56;axt_avg_56;ayt_avg_56;azt_avg_56;curvature_56;curveRadius_56;vxp_56;vxp_avg_56;axp_56;axp_avg_56;thetaToR_56;psiToR_56;aa_56;xt_55;yt_55;zt_55;xt_avg_55;yt_avg_55;zt_avg_55;xxt_55;xpt_55;xp_55;wd_55;xp_avg_55;wd_avg_55;PCAsigma_55;PCAmu_55;PCAwt_55;vxt_55;vyt_55;vzt_55;vxt_avg_55;vyt_avg_55;vzt_avg_55;vavg_55;vv_55;vv_avg_55;vvt_55;vpvt_avg_55;axt_55;ayt_55;azt_55;aavg_55;axt_avg_55;ayt_avg_55;azt_avg_55;curvature_55;curveRadius_55;vxp_55;vxp_avg_55;axp_55;axp_avg_55;thetaToR_55;psiToR_55;aa_55;xt_54;yt_54;zt_54;xt_avg_54;yt_avg_54;zt_avg_54;xxt_54;xpt_54;xp_54;wd_54;xp_avg_54;wd_avg_54;PCAsigma_54;PCAmu_54;PCAwt_54;vxt_54;vyt_54;vzt_54;vxt_avg_54;vyt_avg_54;vzt_avg_54;vavg_54;vv_54;vv_avg_54;vvt_54;vpvt_avg_54;axt_54;ayt_54;azt_54;aavg_54;axt_avg_54;ayt_avg_54;azt_avg_54;curvature_54;curveRadius_54;vxp_54;vxp_avg_54;axp_54;axp_avg_54;thetaToR_54;psiToR_54;aa_54;xb__56-55;xb_avg__56-55;vxb__56-55;vxb_avg__56-55;axb__56-55;axb_avg__56-55;phi1to2__56-55;psi1to2__56-55;phi2to1__56-55;psi2to1__56-55;phiO1to2__56-55;phiO2to1__56-55;phi1to2__56-55;phi2to1__56-55;phiE1to2__56-55;phiE2to1__56-55;alpha1to2__56-55;alpha2to1__56-55;dphi1to2__56-55;dphi2to1__56-55;dpsi1to2__56-55;dpsi2to1__56-55;dphiO1to2__56-55;dphiO2to1__56-55;dphiE1to2__56-55;dphiE2to1__56-55;dalpha1to2__56-55;dalpha2to1__56-55;xb__56-54;xb_avg__56-54;vxb__56-54;vxb_avg__56-54;axb__56-54;axb_avg__56-54;phi1to2__56-54;psi1to2__56-54;phi2to1__56-54;psi2to1__56-54;phiO1to2__56-54;phiO2to1__56-54;phi1to2__56-54;phi2to1__56-54;phiE1to2__56-54;phiE2to1__56-54;alpha1to2__56-54;alpha2to1__56-54;dphi1to2__56-54;dphi2to1__56-54;dpsi1to2__56-54;dpsi2to1__56-54;dphiO1to2__56-54;dphiO2to1__56-54;dphiE1to2__56-54;dphiE2to1__56-54;dalpha1to2__56-54;dalpha2to1__56-54;xb__55-54;xb_avg__55-54;vxb__55-54;vxb_avg__55-54;axb__55-54;axb_avg__55-54;phi1to2__55-54;psi1to2__55-54;phi2to1__55-54;psi2to1__55-54;phiO1to2__55-54;phiO2to1__55-54;phi1to2__55-54;phi2to1__55-54;phiE1to2__55-54;phiE2to1__55-54;alpha1to2__55-54;alpha2to1__55-54;dphi1to2__55-54;dphi2to1__55-54;dpsi1to2__55-54;dpsi2to1__55-54;dphiO1to2__55-54;dphiO2to1__55-54;dphiE1to2__55-54;dphiE2to1__55-54;dalpha1to2__55-54;dalpha2to1__55-54;
488.495833333;-86.9107515745425;-377.22212740457434;21.18584701793607;-86.93538233948172;-374.23573511713727;21.29930605916381;0.0;0.0;226.0069462496769;30.525717020938885;223.02642923718446;30.59636896122302;[nan nan nan];[nan nan nan];[[nan nan nan] [nan nan nan] [nan nan nan]];;;;;;;;;;;;;;;;;;;;;;;;;;;;-140.75760277961922;-341.24457116765535;20.92422910828826;-140.97946090805715;-338.9445151004107;21.261469322915026;0.0;0.0;197.65540607805528;36.80878165575575;195.52139139432336;37.13754745039196;[nan nan nan];[nan nan nan];[[nan nan nan] [nan nan nan] [nan nan nan]];;;;;;;;;;;;;;;;;;;;;;;;;;;;-194.9600713392369;-348.586682942363;21.20738729498835;-195.4387104129509;-348.74428479748406;21.482855250637897;0.0;0.0;225.2618776448501;44.332074642739265;225.63950520351037;44.67047194068287;[nan nan nan];[nan nan nan];[[nan nan nan] [nan nan nan] [nan nan nan]];;;;;;;;;;;;;;;;;;;;;;;;;;;;64.7606082538837;64.62913818742774;;;;;;;;;;;;;;;;;;;;;;;;;;;111.77944643423989;111.48068829005547;;;;;;;;;;;;;;;;;;;;;;;;;;;54.69821187047469;55.383175300870846;;;;;;;;;;;;;;;;;;;;;;;;;;;
488.5;-87.3766845844419;-375.85152762631725;21.244311767741024;-87.11204840040647;-373.53554451099274;21.194957561009367;0.7296344229014964;0.7296344229014964;224.64025115114072;30.62429855174781;222.32496185845946;30.50562302435828;[nan nan nan];[nan nan nan];[[nan nan nan] [nan nan nan] [nan nan nan]];-103.60437725277039;117.1360386514581;-27.717522547054955;-110.20871337364821;160.27736891028798;-23.873437216293723;195.97126445680706;158.81744108578488;196.7388841946751;152.56930884446467;200.74079122386593;-6402.912950454085;37183.67034452574;-577.7939882842409;9226.50397277483;-4466.1974244653375;8062.979917955951;412.08126379142493;0.045990779145491226;21.743488990184602;-116.2446257227225;-158.81480457318665;-37032.38553936413;-7906.120608301902;35.12870104480387;79.95342049714763;37735.3478907291;-140.15142730200722;-337.76883279449197;21.440060548764805;-141.29695148528418;-338.3300113626202;21.279623731790405;0.6919137901126338;0.6919137901126338;194.16732926719902;37.18787940094398;195.02481268937768;37.188047312707525;[nan nan nan];[nan nan nan];[[nan nan nan] [nan nan nan] [nan nan nan]];-96.35554460823197;226.78880001479618;0.5722379650174023;-119.93277330139256;246.28242838824502;1.0796593017863285;273.93442702366235;246.4099800032231;274.35709095640243;246.21703896437194;274.4426558459359;-14361.036836635738;29956.04888599234;1155.0137865773743;11402.819497405551;-5976.127640212844;9711.31069068561;25.210856225698343;0.014942538854670659;66.92303160298796;-186.40792424440306;-196.76099907464868;-24055.122505682713;-7162.948006296477;25.965723459540552;90.46371405630599;33240.61221954787;-195.70215237373958;-349.400339380101;21.570322026176385;-195.91026982214788;-349.23705009820117;21.43173693702922;0.6839583320489743;0.6839583320489743;226.34334992796377;44.8017278200915;226.29743906505718;44.68928414612528;[nan nan nan];[nan nan nan];[[nan nan nan] [nan nan nan] [nan nan nan]];-142.97445717856974;-145.39016848669496;-0.04815868803182016;-160.89809522102613;-166.5731114867823;0.6125948345136302;231.59268941090016;203.91174271570398;231.62919385312296;203.74364650807655;231.65245800280945;-18521.683443271344;-19409.430229902664;-407.306006748857;8840.633863855208;-6001.268969516566;-6461.278555095003;627.2617505718463;0.011710593211032403;85.39277062906707;196.68857772276436;223.9624161769446;25962.226163639298;8598.459865230532;135.99262083168546;89.84310114129153;26831.784092850496;65.08074547932297;64.7145603945169;57.95603135520237;59.08075650231666;3068.8280832062446;2211.9545908282225;23.12434390463546;-72.8525963748927;149.4108852352946;89.94368153547947;45.342791511924815;16.317239879571975;23.12434390463546;149.4108852352946;-22.218447607289356;133.0936453557226;58.25304494943933;175.37660869483514;;;;;;;;;;;111.50864815831792;111.53649331313517;5.37158322449022;10.029421237897978;4282.20360725476;801.8540826595483;43.69112076972248;-82.35326997927633;121.72692599759397;-90.11828436179896;nan;35.76926517481579;43.69112076972248;121.72692599759397;nan;85.95766082277817;78.81982181452635;257.7195468292794;;;;;;;;;;;56.755545715804345;55.83811371350019;174.72031856800615;191.20114613254367;24022.352288332928;8023.29589898901;76.42169079276411;-89.88311602981233;146.39431490960604;-90.07301158709264;27.899645350971866;nan;76.42169079276411;146.39431490960604;48.522045441792244;nan;102.38741425230467;282.3869357412915;;;;;;;;;;;
488.504166667;-86.10337924462064;-370.7373603118136;21.62554600214453;-87.48815246404224;-373.3702525994633;21.084483456545033;1.0491727930144934;1.155052112305214;219.5389054785264;30.757489815832468;222.16207093131052;30.4431159132451;[0.57612628 2.52228157 0.3442474 ];[ -87.11774745 -373.81722501   21.11228707];[[ 0.70988483  0.10558277  0.69635896] [ 0.04881715  0.97894631 -0.19819436] [ 0.70262395 -0.17468943 -0.68978489]];-120.63710189559573;200.10795471718447;-25.31236240554918;-110.82887272093478;158.27120125785478;-22.51296351746555;194.52415197742482;235.0259976798587;195.37817353271012;234.60327350913897;199.60323701671365;-1772.794878109073;2642.849367058537;1732.270856208076;8361.431496293699;-4570.806112790026;6993.691158980658;330.986584757478;0.0349509418376751;28.611532262688772;-198.54064748028898;-156.5982934850179;-2469.7049043038273;-6838.389050909868;35.54761568365461;80.61525797124455;3623.2881166254683;-141.83754840462433;-339.6524208431128;21.217752427205212;-141.57377114305586;-337.6450931758054;21.271981895302844;1.4289200494594863;1.4306968727718163;196.43793089396186;37.2177999443633;194.4569248323326;37.20656457955676;[1.02757142 2.61451588 0.28582836];[-141.47435288 -338.85010478   21.20591949];[[ 0.42416854  0.62365931  0.65660499] [ 0.89359942 -0.40581815 -0.19181165] [-0.1468371  -0.66810231  0.72943689]];-135.1508081208091;289.52052745373703;2.544328042365334;-122.61453974844821;239.22820869630613;0.6095613049187335;268.8211910522525;319.5220655259743;270.0936980481323;319.5186661844871;270.1841023724885;-4260.689649418993;155.1802847280583;-208.41054944961732;10967.329955932164;-5624.634411826376;9415.188075560607;-6.899087398384495;0.009848639848901386;101.53686350014614;-233.32012220037615;-188.8168838181143;1537.267486794621;-6993.347294981449;27.137339960323487;90.2534817763814;4268.605412374903;-194.7727703729692;-347.25597390948946;21.635064787016816;-196.34521822494662;-349.67435782948314;21.435071918248777;1.2996443763258587;1.3007478318265706;224.0201971007656;44.711266742008654;226.891608259009;44.756416192379746;[1.07775602 1.35743283 0.22113523];[-195.94880705 -349.32731474   21.33717953];[[-0.59216858 -0.60426046 -0.53310944] [-0.44879738 -0.30215718  0.84100057] [-0.66926623  0.73727223 -0.09226252]];-185.1786800433037;-191.2649945768851;0.7351854366651914;-158.6909434259337;-165.76186479265638;1.0451106880190015;229.47963657218477;266.2216786640457;229.5636785459579;266.144272082647;229.58982550291344;-1736.3435318196903;-2610.4862934059443;783.31118660371;8391.820728714181;-5686.099531940982;-6137.043640847054;653.9285940194732;0.011978534112473451;83.48266913216726;257.3714581666876;222.19322774693606;3165.556449469417;8162.331358359537;136.247852370932;89.7274366019018;3231.5791748943575;63.81800192209452;64.92940472583001;65.60995961615218;57.913082307901256;605.0574820528165;2263.7667950058385;22.33710039886856;-72.74545785416254;150.85352736889314;90.34630046559931;42.304203553273396;15.962919350617865;22.33710039886856;150.85352736889314;-19.967103154404835;134.8906080182753;57.88471608252317;177.99086732921663;-187.2624396899693;571.117648875305;-350.10573323395033;130.5597210654741;-1141.3632618894912;-32.764291797438744;954.1008221995219;603.8819406727431;-124.17692664790233;1095.3657547418848;111.17739053507471;111.52170300359096;16.07089877587766;8.67253379378765;853.4678574164597;626.197838212575;43.988704632258994;-82.71595309822608;122.29813140730592;-90.11956809388118;85.69132581196291;36.06653399211849;43.988704632258994;122.29813140730592;-41.70262117970392;86.23159741518742;79.5363203159136;258.54598377823794;92.77159168016222;86.47077643688155;-220.31905272960927;28.254457712918796;-1409.6639415259174;221.01637450565286;1502.4355332060795;-134.54559806876958;155.8571047222292;208.76860720699486;53.48014485467293;56.3575876772526;227.3975863670406;185.31521440458837;1262.7362552268755;7767.0267202227315;77.15167169892497;-89.87748836858847;148.0405379984247;-89.86198922301391;26.862706384863078;nan;77.15167169892497;148.0405379984247;50.2889653140619;nan;104.28901165924846;284.2883903693567;-72.67937782841743;327.7801710752194;9.684937207354379;117.08203650307003;-193.00424355620552;nan;120.32486572778767;nan;451.5687280381641;450.07800184533613;
488.508333333;-87.429202190683;-374.0175846072984;20.907602168795037;-87.97541821084543;-372.5594108555648;20.963978206450786;2.0010453299375457;2.1086839893711473;222.7973274802534;30.269800931044525;221.35625664410432;30.3755546447477;[0.75458872 3.79829612 0.34177702];[ -87.32964178 -371.95586919   21.05936505];[[ 0.70140557 -0.13393889  0.70006471] [ 0.08450914  0.99088465  0.1049086 ] [ 0.70773471  0.01442161 -0.70633108]];-126.85496011684505;205.00139027765044;-20.32575295213392;-115.62703101027522;163.25220750978696;-20.076624902454476;201.0571173187946;241.93157535775913;202.03757252218998;241.50378181668034;205.70451926877473;-1211.7770680935203;-294.0002980316258;661.301681433542;6997.577077789372;-4066.2144248749278;5683.032380092556;367.5978473302716;0.026322537318001007;37.99025861067493;-202.83056944566542;-161.09499189461434;410.5423609205278;-5530.379214399926;35.71121426124018;81.97508292289005;1411.4388941313905;-143.17237447221652;-341.2848017614736;20.85395345267058;-142.09991435701872;-336.44010469583196;21.28439238149888;2.7437224481472007;2.7456029297338764;198.36910028617433;37.05746381880532;193.47141332067574;37.269918083557755;[0.89714498 4.67084682 0.42561827];[-141.4805669  -336.40213331   21.42420966];[[ 0.31158834  0.6656676   0.67808506] [-0.94808261  0.26559593  0.1749233 ] [ 0.06365586  0.69738472 -0.71386447]];-149.37420867213916;285.75037483855635;1.417340576350209;-132.27814545698035;236.3172696211424;-0.06865331887029723;270.81980060550956;322.44059885677024;273.881899280841;322.1363401572272;273.9764915573176;-2566.5426152260234;-1964.8535400146052;-332.5434342381662;9079.315772288548;-5015.646870096301;7568.017819995462;-48.65843865045604;0.00929515169412049;107.58296721854848;-224.0970471814015;-182.22860271432236;2889.808522317066;-5423.135647930242;29.237842243403982;89.97405310465697;3249.3654096044775;-196.6652349556544;-350.14096478706864;21.18168322548088;-197.1017236319682;-350.4486348355892;21.431335614628956;2.381822052948068;2.3832538470533624;227.44510728872294;44.5544054839496;227.93651054607872;44.86393225930702;[1.88859747 2.49452594 0.21570627];[-196.88632307 -350.41313576   21.31734095];[[-0.60070422 -0.6168176  -0.50861624] [-0.43159404 -0.28532109  0.85575607] [-0.67296435  0.73357203 -0.09482122]];-188.65194802115516;-197.07499933565674;3.0760052065330523;-160.38025291597168;-170.31168688556338;2.1858037306531735;233.9501527102433;272.8325029452253;234.13855511218108;272.750553639889;234.1628491083645;69.17490245122738;-178.3159908058314;340.2823029339478;7012.195595980083;-4677.83320016306;-5188.0319698021995;610.8092239357655;0.010342878870297494;96.68487976512837;264.2565020167426;227.03477809723918;139.26459855973033;6839.363411935592;136.71755276903133;89.43155480014832;390.3508747220034;64.64316829352803;65.19752732247647;66.98263075358976;57.586604323462005;53.82466391759997;1874.975097025599;21.604241687088887;-74.27920660712067;153.1680230960935;90.84404272990689;37.44457851724475;15.863556843654562;21.604241687088887;153.1680230960935;-15.840336830155863;137.30446625243894;57.31545594832907;182.40586533949747;-198.58585524065688;595.5186510645153;-334.2703525800083;153.59773492771964;-1083.8762720079053;-44.60760493974888;885.2904167672484;640.1262560042632;-102.48652646029227;1152.6370684109909;111.81537885593075;111.58125650667255;16.301640180531127;7.094386615804295;-742.7119831832073;368.9197542920286;44.447538048505464;-83.70590884223431;122.7003126415263;-90.00362342205118;78.28760676240043;36.99899267291525;44.447538048505464;122.7003126415263;-33.840068713894965;85.70131996861105;80.15875230974564;259.4178654105576;70.59381068998275;70.6015574587968;-193.356971959491;29.29047255236234;-943.9276303700099;226.19769379957853;1014.5214410599926;-155.59613634078173;166.69313947034692;207.41823444914635;54.22199879237626;57.29411636823225;225.45535255606964;182.6641870863498;-2195.0084844941166;6213.535948952781;76.96426952695245;-89.84517278735348;149.47997060419573;-89.38247096380196;26.021083617034463;nan;76.96426952695245;149.47997060419573;50.943185909917986;nan;106.20211177035642;286.19752337322706;-119.83937877229252;297.9123172167787;13.97892154124086;120.12681536480909;-182.0387168442292;nan;62.199338071937134;nan;437.2790385741846;434.72899420712315;
488.5125;-87.7687196525724;-371.2575251248589;20.598128413039035;-88.49346164650463;-371.70268631015495;20.87354710316565;3.00420007225554;3.1139320843102434;220.03137773371228;29.966092135278565;220.50756553564295;30.341160156347616;[1.66463746 3.85431737 0.63929787];[ -88.14489637 -371.97190696   20.75987531];[[-0.70702114 -0.0071844  -0.70715592] [-0.02382182  0.99962287  0.01366154] [ 0.70679108  0.02650474 -0.70692564]];-132.6417103902982;203.6827914425623;-16.916073344626493;-120.35225395483887;166.97223051260735;-17.647541852727034;206.58128310137167;243.6527373178862;207.73386021276644;243.22064616979068;210.91634435622262;-1565.8630631670383;-338.9271428118416;975.3445301714161;6026.730815727824;-3635.6270116183005;4790.220427539709;396.8486023863947;0.02158117011961413;46.33669047866622;-200.93116261407175;-164.2845816591437;501.1729182455756;-4637.938384828944;36.07332829233802;83.24096568062257;1875.6587358207673;-141.45281146545193;-334.2998973480881;21.593601898888963;-142.70002787739492;-335.23242211369313;21.293184628989202;4.091575600994457;4.094198777330834;191.21492219213616;37.458974819685274;192.51259048066456;37.33937748020837;[2.29796097 4.60782115 0.5863334 ];[-142.39349033 -335.92871773   21.31799192];[[-0.50271876 -0.53281719 -0.68071998] [-0.7347511   0.67823505  0.01174913] [-0.45542801 -0.50606626  0.7324495 ]];-160.61961211625146;278.0132845364874;-0.003650223609671366;-141.60553191228857;231.02793862895402;-0.8000228283645253;270.97356906501386;321.07638684348166;276.5149580628831;320.2868356083045;276.61483932917247;-2831.2510379514547;-1748.9498049809497;-349.5321497432416;7583.325852819207;-4551.599185693825;6065.009171566227;-73.75358733652257;0.009710786328153373;102.97827242896018;-212.1403647603389;-173.44183007200814;2849.3990397984003;-4136.411631027037;31.50607417587436;89.72402064418793;3346.18896417226;-197.64380620143265;-351.2526126765459;21.091440310217678;-197.88837389197275;-351.26823278428907;21.441198463554315;3.5175133103458998;3.519324577627466;228.88876803222328;44.61048515729083;229.0363704103961;44.98957774446493;[2.41714423 3.22084208 0.37349425];[-197.73332382 -351.16970422   21.32161848];[[-0.57865867 -0.63652347 -0.50989412] [-0.57154819 -0.12949812  0.81028569] [-0.58179619  0.76030791 -0.28886862]];-187.64569265415403;-197.38400094015321;4.928582097513547;-160.62813781832028;-173.9072249565276;3.324058436732707;236.76184429834217;272.3887676103616;237.1288172863401;272.3057079340372;237.1520707171366;413.827673709583;29.995220644391324;548.9546047376933;5909.769195642062;-3858.175060875726;-4440.648541408578;566.1251425985926;0.00919645000283601;108.7376106749473;264.1241885890671;230.33700977429922;-202.77504384317427;5784.451227632762;137.26700096068205;89.12915399092674;688.1164253613686;65.1831184596215;65.47615438929745;67.38549222269388;56.52832233402269;139.54884125298568;1514.048848972748;20.776580068120236;-75.66300563110947;155.61284110951635;91.43429814114394;32.79284303753629;15.689883585639457;20.776580068120236;155.61284110951635;-12.01626296941605;139.9229575238769;56.84990836045826;187.1189152853907;-202.02067717266914;615.254438658857;-334.94682228925393;182.94177419516228;-1028.6865245767262;-52.97808848152045;826.6658474040572;668.2325271403779;-82.19625540148117;1202.28593518789;111.68247186918857;111.65562716005648;12.346230227578731;4.628563162444569;-1155.884794236015;144.11883727642575;44.761801229592976;-84.55194520430449;123.01872121094594;-89.88411427960708;73.94412629925762;37.90833711299725;44.761801229592976;123.01872121094594;-29.182325069664643;85.1103840979487;80.835129521931;260.285722171628;56.10159795886987;57.28618036909817;-173.86043231396525;31.194348610518382;-798.9233266559843;242.15868006051377;855.0249246148542;-184.87249969141646;175.92601973005827;206.86691800412916;58.694757966004744;58.252567563642884;216.17752451188403;177.7012932910785;-2258.348976718702;4923.609216918485;76.54601021702204;-89.79678055852726;150.77203942404904;-88.88630558548921;25.254337688562828;nan;76.54601021702204;150.77203942404904;51.291672528459216;nan;108.0520843928964;288.0390403847311;-163.1846683976358;270.64551043241806;18.48728002440429;123.30862186818155;-175.6452419259556;nan;12.460573528319365;nan;423.84682813139545;420.2262480674474;
488.516666667;-86.98174292024866;-365.23504691468105;21.223822891815914;-89.03254287848485;-370.85106593658594;20.794596931849824;4.013576845074718;4.124921186576891;214.02698452012416;30.391879048846963;219.6660018987253;30.320990579039456;[2.45450734 3.6296897  0.80829224];[ -89.04647115 -371.86510351   20.5019219 ];[[-7.07114818e-01  7.63834590e-04 -7.07098332e-01] [-2.10122576e-02  9.99535096e-01  2.20924834e-02] [-7.06786474e-01 -3.04796546e-02  7.06770027e-01]];-138.0384085307235;202.8603670334636;-12.248077966813097;-124.95550661157898;170.04261229773127;-15.229996103227403;211.5663522654234;245.6765071318941;212.88705785399318;245.05654947650547;215.6386134708528;-1024.5520442389693;-55.836573557069194;1265.2932511809913;5121.24274125946;-3250.53232161434;3935.2186072412364;418.59449860878544;0.01867557570573934;53.54587273540821;-199.38022407945425;-166.79880914634066;243.27757837145768;-3782.312724051917;36.51204200107582;84.40507078325216;1629.0462319360392;-141.91675196749026;-332.8965236205242;21.856617800439253;-143.3446994292854;-334.0588515721795;21.296203552968453;5.428191949454986;5.433182847298626;190.01753912693815;37.75954905525069;191.6039379274991;37.40949185330348;[3.0426801  4.25056957 0.61337847];[-143.439442   -335.54114366   21.17303311];[[-0.57734186 -0.39646245 -0.71378841] [-0.57736617  0.81637279  0.01355654] [ 0.57734278  0.41994404 -0.70023019]];-171.9005182593725;268.65294503746657;-1.232250078388956;-150.6467494776365;224.36270996079017;-1.542160151587966;270.2507113904801;318.94468406825746;278.4656287209145;317.4344749875005;278.5711781049989;-2583.5839107529073;-2744.013154553938;-240.19578055137626;6224.410326990365;-4109.07636864114;4674.348154311485;-96.149091020463;0.011063671583818083;90.38590782671254;-198.3467353065142;-163.4206425710318;3771.5430980443916;-2950.2062309194594;33.880495721287055;89.51307243838525;3776.533864439855;-197.85562635164052;-350.50920870489864;21.460504678623252;-198.67382319880974;-352.09092649671817;21.456968991350042;4.654743333278409;4.656867661483214;228.3541011196131;44.99295545012012;230.1386480628829;45.12096754645432;[2.4746746  2.98883457 0.43010224];[-198.27358    -351.37916239   21.44141988];[[-0.61341957 -0.69837835 -0.36876023] [ 0.49075232  0.02876414 -0.8708242 ] [ 0.61877184 -0.71515055  0.32508631]];-185.67830939707682;-198.85452618777785;6.998192950058209;-159.93998492638647;-176.81504086469516;4.453676912098833;238.4621410041307;272.1553451073274;239.06728624700483;272.03842981316075;239.0908073911318;530.5162896887887;-735.8473395034548;444.4586044844646;4862.558679108041;-3076.47885672481;-3728.463693430204;527.554014928285;0.00860523742552392;116.20829856871917;264.53925892029775;232.58098206452587;402.0088028350583;4779.163270953407;137.85769174394986;88.81717145250641;1010.1793364446479;63.74979009583969;65.75571591208922;66.87997795559056;55.00061634549611;-382.1956894627104;1177.2253421012613;19.94935956008492;-77.0647928786182;158.1306785216266;92.12402385430339;28.41227625052042;15.491826802490326;19.94935956008492;158.1306785216266;-8.462916690435502;142.63885171913628;56.46140156116074;192.01117424291365;-208.8807116832791;641.2549129486536;-320.0140058631956;243.53000381566156;-993.102747333336;-63.52273089727775;784.2220356500569;704.7776438459298;-62.600770524272015;1264.6027933393266;111.84777314013348;111.71710350817685;8.404108139893337;1.5750440588580548;-736.3338078541144;-92.22414173259199;45.035819804254785;-85.31721694189527;123.2886589536824;-89.75953615078171;70.42154317599083;38.88397345457669;45.035819804254785;123.2886589536824;-25.38572337173605;84.40468549910571;81.5478618053306;261.1463506976323;34.37565906714667;36.06655143356688;-154.18251294270914;32.54855683483247;-730.4711070900048;264.1588008376037;764.8467661571515;-228.09224940403678;180.65560022615503;203.2139817886634;58.64743173279086;59.17291097286446;207.49126393677528;171.2928840603118;-1911.0560993372435;3709.623520168196;75.96560803718425;-89.72868177450991;151.96257324766663;-88.38141416909613;24.5040943100006;nan;75.96560803718425;151.96257324766663;51.46151372718366;nan;109.84610375847132;289.82026499161645;-222.90391762088498;228.41237806864538;19.934954326252463;133.52923626279656;-157.66447035213147;nan;-65.23944726875435;nan;400.44396276978813;395.55980842375044;
488.520833333;-88.7370123143651;-369.36991235894396;20.630297118736436;-89.59880923308944;-370.0053297148018;20.73257982529389;5.031038790335286;5.144614014197273;218.15361911316666;30.096910033372723;218.8331391805272;30.321270638992594;[2.69438845 5.1262421  0.87334129];[ -89.60563662 -370.77354278   20.35659157];[[-0.7077061   0.07024975 -0.70300572] [-0.01667403  0.9931064   0.11602435] [ 0.70631017  0.09383308 -0.70165611]];-134.38085317711227;200.59179242336822;-11.432777495856524;-129.3871442191776;172.1002472417394;-12.86942463469339;215.69689446139495;241.71468571333853;217.19871700271972;241.27477279040966;219.5924488670189;2780.178613973814;-1033.079239286598;-873.9490251214945;4439.0306182965915;-2933.280834731274;3303.8296812643002;430.7735042569992;0.01677233711377352;59.62198310328472;-197.0294177381011;-168.26910789812987;885.1094654791885;-3148.725230279029;37.07186514043035;85.46247709562934;3091.9949448136467;-141.07545187633676;-327.66788563570134;22.083252374337334;-144.03852464502913;-332.91564474255784;21.29315421045912;6.760632564394567;6.770465384306094;184.78619682513013;37.7946183635112;190.74475410766334;37.48051700214756;[2.93352742 6.90131502 0.62403618];[-143.70969582 -333.26792464   21.25492563];[[-0.51402257 -0.44800938 -0.73148369] [-0.66892221  0.74318337  0.01488482] [-0.53695798 -0.49695682  0.68169645]];-170.82520935043436;255.91673601755102;-1.3589537576555268;-159.17045504152884;215.93163345893677;-2.288907754691078;268.26655249039425;307.6954251834305;279.476315824856;306.10661659446197;279.5876666334804;3099.7321870437295;-3369.367175014402;179.3780145034907;5156.351781457807;-3749.2249406504106;3538.295012857214;-108.37177002242947;0.012794310044593277;78.15974417648165;-186.42259041826395;-151.8711684905758;1952.046448321238;-1981.5807157157542;36.398003313611845;89.3368407756187;4581.828375610183;-200.60459986794865;-355.74616788876887;21.074984352793706;-199.4520879974226;-352.91309945878885;21.482269981033557;5.786727543127479;5.789256559520884;234.25260056618325;45.05153423600706;231.237405315303;45.2608506746423;[2.8848695  3.19768744 0.41959386];[-199.01319046 -352.02919317   21.42942384];[[ 0.6166662   0.68793369  0.38271404] [ 0.47217516  0.06577565 -0.87904731] [ 0.62989952 -0.72278683  0.28426358]];-180.30824125635405;-194.98205435103952;6.599293320575901;-157.95684777780693;-178.73339712376855;5.565474391165403;238.593728988217;265.65506593370714;239.5560522384478;265.5565361848661;239.58199321272485;2047.1164178597553;2594.633821140209;-635.9304266361164;3996.3182902272583;-2418.6637676908426;-3143.0237211464287;491.96274653200464;0.008460923247556137;118.19041146471115;258.50815359139096;233.3278994398026;-3296.939360713012;3945.247197476407;138.5135071076395;88.48806962226556;3365.5932317493734;66.9364053978325;66.03770015781939;63.17172874397447;52.86665620167069;-1397.7639321149748;875.6554831878709;19.09307442501619;-78.45422915018405;160.73996143166883;92.95881292610224;24.22045533273803;15.248399514960521;19.09307442501619;160.73996143166883;-5.1273809077218395;145.49156191670832;56.16493956544654;197.13796474528067;-188.225876521856;628.3202443311799;-334.3040203766669;317.51862351347984;-906.8821259621069;-60.72150182043828;718.6562494402508;689.0417461516165;-57.20447640427413;1237.8354460391588;112.69499236959662;111.75851241195288;6.837637361102759;-2.303282762959401;-15.572165966474783;-317.0738944357336;45.229314545916466;-86.00078214025288;123.49610604735466;-89.62416137451966;67.2864319104638;39.9263261134997;45.229314545916466;123.49610604735466;-22.057117364547338;83.56977993385496;82.30117968634681;262.00961315499416;52.08888232152064;35.06236823173842;-144.60463789277418;32.545273978666685;-660.280336140155;299.6238210895941;712.3692184616757;-264.5614528578566;183.11028243910167;199.30116299554996;65.82648402651796;60.05404693457361;197.06752944036924;162.9855848126989;-3092.3364589428634;2688.8461548133946;75.18613798037632;-89.64271989165736;153.02741867765047;-87.85873373658863;23.790627339181196;nan;75.18613798037632;153.02741867765047;51.395510641195116;nan;111.58414129398815;291.54092578528997;-223.36776436712682;215.83758970796185;19.743563785961936;144.37123783300396;-166.35776995682656;nan;-57.00999441029984;nan;386.14743734085215;380.0763844717785;
488.525;-91.09094484339808;-376.07182360397036;19.578862910239494;-90.18286294957316;-369.1605628779753;20.692529615459808;6.055714757377073;6.172404737860457;224.8624423946885;29.46556031195644;218.00450003139804;30.345679145086056;[2.71814617 5.9078025  0.82066015];[ -90.01468196 -369.40821049   20.33674187];[[ 0.70466221 -0.24107742  0.66733263] [ 0.01706697  0.94599733  0.32372483] [ 0.70933764  0.21672731 -0.67072303]];-134.23037802028887;193.46692210843455;-12.391897160299337;-133.6592816940111;173.2831051869156;-10.59340272432669;219.09828458355955;235.79822613584727;220.79944298975332;235.47161763821754;222.89866291871303;-2707.9505386808805;-2386.858511869248;413.571586185773;3905.8192327982956;-2672.2497476133167;2815.3458258203027;433.97355531625374;0.01533306155718827;65.21854727252376;-189.93455128040108;-168.8283986438326;2520.4264342017427;-2656.72611821482;37.73104151073311;86.41319133088993;3633.336088572728;-142.79242858466466;-330.31508410015016;21.803736602299082;-144.7772037481122;-331.82007703020264;21.28593480231522;8.073479241015084;8.091816037819687;187.81117857091104;37.783413885396094;189.95104846661297;37.554029240902196;[3.10590198 7.4698107  0.58710644];[-144.28989876 -331.78629389   21.26423181];[[-0.46948949 -0.41866062 -0.77736922] [ 0.68702061 -0.72624823 -0.0237949 ] [-0.55460103 -0.54524013  0.62859439]];-168.39854820484598;250.96924838028934;-1.4379956422689844;-167.12039493114395;205.85802245163;-3.0126121589257138;265.17131753200124;302.2345157349411;279.7210528844931;301.04722568348404;279.8379670377091;-1934.934837145448;994.5731091198152;-217.31811911645025;4315.315230129357;-3440.2479717821752;2602.6921753790175;-112.39603309659586;0.014684159346306744;68.10059577918656;-182.52152277800622;-138.93643163207193;-79.53398099515024;-1189.1648265298625;39.075061391204606;89.19823243967897;2186.407020268561;-202.28169031042165;-357.80362703715747;20.654973787218367;-200.22114244378398;-353.7480475482815;21.515287265933807;6.92173024838602;6.924894351564527;236.8546126051079;44.88692843403571;232.34314188721672;45.40736294890127;[3.64111889 4.11976291 0.41990765];[-199.97620973 -353.13321886   21.42136166];[[ 0.64339555  0.68849414  0.33469089] [-0.38319169 -0.0888409   0.91938644] [-0.66272642  0.71977991 -0.20666539]];-178.93534830132072;-195.38879657693766;5.996850804167697;-154.60142674466059;-179.59378824110385;6.657760005911986;237.065087464543;265.0105713345532;238.60424425304353;264.9325989470824;238.6357446605149;-1388.1277994372272;-2789.870089554731;346.75801875789165;3255.1526811898198;-1846.2515781872717;-2641.026301276327;460.8190142181237;0.008756722172719512;114.19798187903879;258.1585887017543;232.48121062207443;3129.148213664462;3226.2612630357867;139.25058699690777;88.13144181507435;3135.3652144105095;69.0772950687455;66.31304906171863;62.74641833886701;50.08278245110717;1193.6149376558847;605.7206414953934;18.208686962725842;-79.73157626080908;163.47446946286053;94.15344055276539;20.136420022750148;14.96247071168016;18.208686962725842;163.47446946286053;-1.9277330600243054;148.51199875118036;55.93972847345895;202.54953085406513;-174.38559087533486;624.3189226572855;-362.589218941501;440.66270092428687;-841.0758780937039;-63.752109527923636;666.690287218369;688.0710321852098;-48.01416007220419;1235.5001227316864;112.68658703650443;111.7871377426759;6.615142456788705;-7.150587928395794;-91.2253881045322;-543.163367813736;45.32228362981408;-86.60207121641668;123.58921354896185;-89.48829817715836;64.33428395024633;41.08529679488805;45.32228362981408;123.58921354896185;-19.01200032043225;82.5039167540738;83.05332514054719;262.8398005458696;64.632853102617;38.428065150787546;-137.38187765377873;33.454249359501816;-590.0476160413103;322.7847620641177;654.6804691439273;-284.35669691333015;191.00428390574766;201.9671819878383;65.54320643270836;60.90200483900268;195.0636148235022;152.74186986637136;2130.457442830758;1814.0432454416725;74.10807539034523;-89.56255715512462;153.86600973157027;-87.26867053357384;23.190223723734032;nan;74.10807539034523;153.86600973157027;50.9178516666112;nan;113.18313678154985;293.11659672847804;-227.18963858768817;213.18134047610152;23.816045866457394;148.95859211109544;-178.13277199131414;nan;-49.056866596374;nan;383.99156148671096;376.7204573131506;
488.529166667;-90.90562998571333;-367.984254666916;19.844459471481215;-90.71864967623102;-368.3337314446086;20.637306679495172;7.041661896920204;7.159201174985419;216.78150185421774;29.582436092161505;217.19122736604453;30.34896823478498;[2.71043087 6.08860797 0.7991766 ];[ -90.4512479  -368.16710462   20.31062791];[[ 0.72071863 -0.1642592   0.67348614] [-0.12294667  0.92583353  0.3573743 ] [-0.68223807 -0.34036919  0.64707035]];-142.61366127006045;193.94810912545776;-9.760258344119276;-138.22488826725981;176.20266516851922;-8.355532876739636;224.10558645120838;240.93523622985487;225.9008951224943;240.28360607850635;227.5686168504525;-1316.0254212229165;2617.8282800078196;849.615045579041;3087.001887666013;-2294.680161715797;2013.589997519265;457.68868433888275;0.015936195082535125;62.75023585121175;-189.8210225285708;-171.1611487445032;-2465.932633290363;-1853.5739054383187;38.16371014141665;87.27890689643199;3050.703777587711;-148.38501614717939;-338.22844228796185;20.08872304641706;-145.46206805628145;-330.78300527574686;21.281829595812003;9.311521036012763;9.334624871556619;196.9974401445167;36.93874166634827;189.1912325208459;37.624429769171236;[3.09673624 7.91806098 0.59906262];[-144.78633245 -330.13647963   21.32855282];[[ 0.37443815  0.50169293  0.77980784] [-0.75164042  0.65669278 -0.06157322] [-0.54298503 -0.56307973  0.62298352]];-179.95030366298948;249.34962722958446;-2.534130020630923;-175.59688037372953;198.67787246773497;-3.6605483140914843;265.18024251299573;307.51222772907147;281.88617158182535;305.6799904358639;282.0073146865197;-3609.907782754904;-1771.9912614409454;-308.8263824971499;3268.930856506425;-3007.4907377934846;1274.4285582070681;-129.38414405359902;0.020083584269414357;49.79190898324447;-176.35175904393574;-128.6304846993408;3041.0205733284834;-60.39707715483431;41.477296661208364;89.1052035144734;4033.207280210599;-199.11396262530224;-349.83176066704624;22.01820587811096;-200.95465667455753;-354.5379499117127;21.537264092038306;7.99969867799935;8.00307423052127;228.39963394935378;45.701094748933;233.39163992856263;45.537576197231246;[4.05733488 4.92616987 0.41601463];[-200.93220807 -354.24949809   21.4355732 ];[[-0.64850243 -0.68302265 -0.33604264] [-0.3530699  -0.12120307  0.92771303] [-0.67437841  0.72027069 -0.16255425]];-181.86619139417792;-201.80105035457544;7.862527782293671;-152.90867671288623;-181.70383398521292;7.761804705236986;237.60806449128367;271.77342555805745;239.64881692268878;271.6422985896683;239.6842474704999;-18.676885146983956;-288.0117237321872;548.7669307422996;2256.813207918526;-1078.815699506876;-1936.1850175537732;424.9118964365374;0.009741335762933418;102.65532616225816;265.26283812543244;233.53973203030253;280.89150972548714;2234.8000060793197;139.88216373067937;87.7770083026952;620.0360661464002;64.72517183078386;66.56413123068536;64.24126146283919;48.0576214926702;-476.0902381370232;276.7111681384951;17.52452545399145;-81.24009598667274;165.97596346779295;95.60480145539688;16.66310428300913;14.742386999787211;17.52452545399145;165.97596346779295;0.8614211709823216;151.23357646800574;55.6882355954081;207.4532601290013;-181.48979155745644;652.7306737225094;-380.35701566767136;692.2981320366731;-832.6787376205228;-75.94999587428626;651.1889460630664;728.6806695967958;-27.051817914019;1311.8514542940675;109.74188564306505;111.81549272329535;4.837004516892702;-11.165271342280704;-762.2808230411633;-791.0478569772333;45.66338856526504;-87.20582078936646;123.78829244928754;-89.35295075802917;61.784095775929984;42.42319128926108;45.66338856526504;123.78829244928754;-16.120707210664946;81.36510116002646;83.82709870668168;263.6704561799669;44.94453339472893;21.13553465336896;-127.25082308128356;36.777070936541826;-564.1042503613514;348.7384008422066;609.0487837560803;-327.60286618883595;199.3825070381672;205.35515485325763;52.07481072634304;61.696276346575196;194.4263103063224;145.17345266660635;-2436.3636110475113;631.7564490725867;73.32473994397259;-89.47819019344004;154.8260652585608;-86.65564008797315;22.40431258953278;nan;73.32473994397259;154.8260652585608;50.92042735443981;nan;114.80203660518094;294.7082289892402;-285.41068035424115;180.54416399946766;29.311936711720193;156.8019038041245;-163.1157292678168;nan;-122.29495108642435;nan;373.7101002173187;364.7637841993512;
