dt;xt_13;yt_13;zt_13;xt_avg_13;yt_avg_13;zt_avg_13;xxt_13;xpt_13;xp_13;wd_13;xp_avg_13;wd_avg_13;disSTL_13;disSTL_avg_13;disSTLz_13;disSTLz_avg_13;PCAsigma_13;PCAmu_13;PCAwt_13;vxt_13;vyt_13;vzt_13;vxt_avg_13;vyt_avg_13;vzt_avg_13;vavg_13;vv_13;vv_avg_13;vvt_13;vpvt_avg_13;axt_13;ayt_13;azt_13;aavg_13;axt_avg_13;ayt_avg_13;azt_avg_13;curvature_13;curveRadius_13;turnRate_13;vxp_13;vxp_avg_13;axp_13;axp_avg_13;thetaToR_13;psiToR_13;aa_13;
59.4125;-189.0589102385311;-327.99000545240807;25.284984437335325;-194.5837477490004;-327.30451280747667;25.566972672371737;0.0;0.0;204.61394761126869;47.286594061784406;205.25058998944277;45.17329736924987;nan;nan;nan;nan;[nan nan nan];[nan nan nan];[[nan nan nan] [nan nan nan] [nan nan nan]];;;;;;;;;;;;;;;;;;;;;;;;;;;;;
59.4166666667;-186.44891987543815;-323.09414297259485;25.812408140310254;-193.1567477546575;-326.30233507716366;25.496542514413125;1.7451789576258543;1.7451789576258543;199.1072443714885;47.39210111623726;203.52158450484757;45.30035618024639;nan;nan;nan;nan;[nan nan nan];[nan nan nan];[[nan nan nan] [nan nan nan] [nan nan nan]];321.9640244711088;245.23169404189147;-14.469082766529153;309.7779719559809;248.1023184106072;-13.115981449653358;397.1009711386594;404.97996391475135;397.4621746041412;404.92890436254567;397.54711821978503;-3197.942590294485;739.5680052045747;372.4993823475034;3197.7898256932062;-3095.1550354595456;722.420293779034;352.1136108028502;0.01595010470140652;62.69551320950373;6.340918159348006;-398.177702470368;-388.7233167553776;2577.165979584156;2448.187131684797;51.333668215973304;-88.48469148997744;3303.415419681719;
59.4208333333;-187.99987296138664;-326.25126130420875;25.34612934161919;-191.78715744386625;-325.2870077552787;25.432958363547257;3.450971429233275;3.4512592998784326;202.58471991274786;47.18162561455836;201.83973929117755;45.417874946034416;nan;nan;nan;nan;[0.85622235 1.63694417 0.25033318];[-187.67337158 -325.4063741    25.34617673];[[ 0.63077816  0.62634844  0.45804644] [ 0.30796875  0.33973493 -0.8886706 ] [-0.71223182  0.70161799  0.02140163]];308.86337103275036;248.27624651571907;-12.961763938404747;304.72217214331624;249.34368619384344;-12.619710143810574;393.9379813176035;396.4917198051473;394.81358321730414;396.265114722478;394.89711946637215;-3090.604451441621;721.8349361026027;351.0763640631901;3149.8990045795676;-3048.5706820776077;714.4199719751225;343.0519480651383;0.016105921066790388;62.088966899381525;6.360181835628284;-387.72420903695;-385.14832073648995;2440.985507507901;2391.69616344368;50.73177536609337;-88.49845414383663;3193.138920193239;
59.425;-187.53231471380803;-324.9887367127354;25.21512365315256;-190.47308899568065;-324.25884055696923;25.37584176019543;5.11958649398021;5.1207400516617145;201.25313210870542;46.971208700085896;200.20264066256436;45.52597929607778;nan;nan;nan;nan;[1.76450994 4.0337873  0.24738091];[-186.7088611  -323.14578263   25.39893535];[[ 0.61920132  0.61515271  0.48803368] [-0.32875527 -0.36132968  0.87255993] [-0.71309866  0.7007339   0.02150112]];296.20704244811145;251.24713312498443;-11.542923825083554;294.84663036045237;251.75665822653082;-11.63617167166973;387.8805884386019;388.58328964304764;389.5006355203548;388.1123861075595;389.58155553006856;-2984.6666604985603;704.2083902122675;330.02959924076157;3057.2351820182785;-2958.4095007413393;698.9691351607469;325.4878372325982;0.016401169893173948;60.97126037430982;6.389593279495635;-377.8322012490802;-378.080319477854;2307.6528697126996;2282.0755689187063;49.52945030070137;-88.53268249899267;3084.325544995534;
59.4291666667;-187.3268401126151;-324.70772403469124;25.07223808410295;-189.2126789007411;-323.21814134801514;25.32482077695667;6.753180718587071;6.756066193956835;200.89976029364485;46.798306822011064;198.60792437469547;45.624794244210285;nan;nan;nan;nan;[1.78850187 4.19001409 0.22628148];[-186.23847328 -321.96274757   25.37817106];[[ 0.64934705  0.64238469  0.40705076] [-0.26448088 -0.31107975  0.91284131] [ 0.71302053 -0.70040795 -0.03210025]];283.98920393427693;254.1447977163928;-10.210994703812403;284.97729517717795;254.19710331597045;-10.692021347298647;382.02427334034894;381.2397022482992;384.4213867702471;380.45748548299724;384.4995187445568;-2880.129217465666;686.6883675336294;309.35908788028934;2962.1982998003996;-2865.929264736201;682.9804042625827;307.58085808826786;0.016659840841916074;60.02458303707231;6.405700786077642;-368.4898131306204;-371.2123761028854;2177.16806619901;2170.840951981032;48.287352522728355;-88.5699172434028;2976.9763634700757;
59.4333333333;-185.2590877491744;-319.8472125572552;25.348709779150326;-188.00408796129253;-322.16521614484157;25.279530018608547;8.353856378209688;8.35962311380317;195.68278060570717;46.726952595290314;197.05327562483694;45.71444418863418;nan;nan;nan;nan;[1.8214899  4.33548888 0.21830315];[-185.84394618 -320.97038891   25.34383024];[[-0.69232816 -0.68743144 -0.21936212] [-0.13153232 -0.17868124  0.97507552] [ 0.70949346 -0.70392545 -0.0332866 ]];272.20402070824696;256.96968413666934;-8.964408851828765;275.1988735270725;256.63192908766405;-9.779358964763388;376.41732542430503;374.44466624736174;379.5145283106651;373.286786029968;379.5898089817871;-2776.9921223425813;669.2748680666288;289.0648299817033;2866.6175449021894;-2772.8990811004896;666.8135076994902;289.63180198765804;0.0168802684251598;59.24076411661287;6.4075778670677;-359.68517870536647;-364.5206903777653;2049.531096966384;2059.6578806633147;47.01749533984992;-88.61215159852824;2871.092574702305;
59.4375;-183.3360820422435;-315.14139535252747;25.712954030014103;-186.84550129116707;-321.10036911450527;25.239610622106454;9.923659764278534;9.933731060681502;190.68145296199316;46.76397677452318;195.53642905181107;45.795052911921495;nan;nan;nan;nan;[1.76157704 4.32770915 0.26562597];[-185.6211335  -320.26304103   25.27412455];[[-0.70075987 -0.70570991  0.10444679] [ 0.12145421  0.0262531   0.99224979] [-0.70298257  0.70801433  0.06731432]];260.8456579870843;259.72223623252427;-7.80159854637696;265.5953530586251;259.04697042873534;-8.915196836388054;371.1141403790394;368.18061087490327;374.8707546901252;366.5862936579134;374.94311130182393;-2675.2553751294854;651.9678918112953;269.1468255450386;2770.730551513469;-2679.552593094251;650.4755411625763;271.71172275273864;0.017052224737475023;58.64337442154033;6.393614197686813;-351.4064319971628;-358.1077844080826;1924.7419620150486;1949.0931358098615;45.73123244603292;-88.65777857446851;2766.675526297408;
59.4416666667;-184.4817867859345;-317.72372329277147;25.402622633243695;-185.73512831579856;-320.0239025747071;25.20471025658417;11.464579595128564;11.480639717082171;193.46484548114708;46.646082506353636;194.05516873601607;45.86674358101293;nan;nan;nan;nan;[2.07766384 5.14560754 0.28985981];[-185.19341963 -319.12675568   25.24026878];[[-0.69893826 -0.70484467  0.12115814] [-0.13480865 -0.03652951 -0.99019807] [-0.70236169  0.70842048  0.06948729]];249.908280987849;262.4028978506684;-6.720996064700761;256.27995039302647;261.4170710879411;-8.114517516736361;366.17501747686066;362.42875368109486;370.55933071851064;360.3416770770541;370.62872068058425;-2574.9189758265484;634.7674387676586;249.6050745703286;2675.356651104466;-2586.688489462491;634.08606378297;253.98963129895552;0.017167784882685205;58.24863293857807;6.362874147989092;-343.64170702985035;-352.0704485437101;1802.800661345209;1840.2663472899849;44.445822137083574;-88.7050843588038;2663.7267364807813;
59.4458333333;-184.70244505209317;-317.9205264187529;25.208369412613834;-184.6712027722165;-318.93611699378675;25.17448312335362;12.978545544760973;13.002522995105801;193.73505912748573;46.48554303147547;192.6073281994169;45.929638747218426;nan;nan;nan;nan;[1.99599631 5.13200505 0.29452947];[-184.68824654 -317.86851345   25.22275271];[[ 0.68822071  0.69813638 -0.19737743] [ 0.19160961  0.08748916  0.97756402] [-0.69974139  0.71059921  0.07355779]];239.38605492754553;265.01211283782607;-5.721033684038477;247.05769500986688;263.7392603715745;-7.28965787544877;361.45406518238894;357.1691944596516;366.09295682694966;354.5383011921673;366.1595624365305;-2475.9829244334273;617.6735089356598;230.43957705750645;2583.015916721522;-2496.720986565349;618.3122269373306;236.73937420859025;0.017258226121722946;57.94338264819112;6.319264525160775;-336.37913782723047;-345.9294699401042;1683.7071949564488;1733.9379423038506;43.14194321686781;-88.76665253996786;2562.247920167219;
59.45;-184.0320109145959;-316.4386619941051;25.239367376170705;-183.65198270904042;-317.83731099071696;25.148589955904715;14.467426904103844;14.501474170322462;192.12245174112797;46.405699930485994;191.1907904055388;45.983860346217405;nan;nan;nan;nan;[2.18765227 5.584613   0.25194477];[-184.29213417 -316.79827392   25.1700656 ];[[-0.69948202 -0.70474942  0.118546  ] [ 0.12863696  0.039008    0.99092427] [ 0.70297755 -0.70838311 -0.06337143]];229.27314502325146;267.5503250407038;-4.800143681635513;237.98183168519617;266.0479027691248;-6.509346075701767;357.01429994668837;352.3810335951745;361.8726732120786;349.1612635251863;361.93641170749544;-2378.44722095046;600.6861023153571;211.65033300663742;2490.183615629723;-2406.248166938145;602.3404852173529;219.47696582024685;0.017291541663886363;57.83174337129896;6.258438542717686;-329.6068584131559;-340.042405917077;1567.4615628491742;1627.9503775409544;41.82351671213707;-88.83230419032235;2462.2410198483017;
59.4541666667;-184.10513752668712;-316.57088787716845;25.139225753452706;-182.67575048649257;-316.72778133511645;25.126698019905714;15.933031388028866;15.979501458926935;192.2676298861111;46.3180569163297;189.80348775948386;46.02952969805797;nan;nan;nan;nan;[2.30454138 5.74856597 0.24774003];[-183.69920158 -315.35583492   25.16033226];[[ 0.70745555  0.70611736  0.03008195] [-0.02299155  0.06553417 -0.99758542] [-0.70638377  0.70505571  0.06259724]];219.56371649197408;270.0179783060254;-3.956758334730728;228.77317508952783;268.40630301053204;-5.7396802727941205;352.7209280237837;348.04251197915556;357.6953616332106;344.19543332654337;357.75612391803355;-2282.3118653773145;583.8052189066925;193.23734241765777;2394.628349783971;-2313.0843692507656;585.8132182628954;201.76349428318557;0.017267989652617742;57.91062075650508;6.177729045977234;-323.3130028114316;-334.1747673910852;1454.0637650229892;1519.5009370519563;40.45115175176649;-88.90626186251215;2363.7082423534016;
59.4583333333;-184.01143383729942;-315.6861952132476;25.041762997172285;-181.7408127763843;-315.60782294723555;25.1084811132029;17.377104100146898;17.438524134575637;191.45455101667665;46.19577809551923;188.4434021079122;46.066767507157806;nan;nan;nan;nan;[2.14574107 5.32591955 0.28882466];[-183.26893405 -314.29480314   25.11654468];[[ 0.69853727  0.7034863  -0.13096837] [-0.13091179 -0.05430041 -0.98990584] [-0.70349683  0.70863142  0.05416379]];210.25193455078815;272.4155164804978;-3.1893099205689923;219.8374327142223;270.71820634723673;-5.025010354965011;348.7722678185764;344.13116874159294;353.7986045533359;339.62549299132957;353.85637613049937;-2187.5768577143185;567.0308587097239;175.20060529062997;2299.899008695479;-2220.6897348317134;569.3080115248487;184.2849419380858;0.0171793511931423;58.20941598767611;6.079022957478505;-317.4857050459069;-328.63599977788505;1343.5138014782804;1412.9285109059713;39.085739536870456;-88.9835471087702;2266.6521028226944;
59.4625;-184.77989372684328;-317.0590601586529;24.739723471664902;-180.84550056212882;-314.4777288979703;25.093619565820816;18.801326665749897;18.880369267303287;193.00852147867369;46.018221106566756;187.10856473906065;46.095693862303385;nan;nan;nan;nan;[1.93310112 4.72566288 0.3114104 ];[-182.83055248 -313.20139126   25.08843077];[[ 0.67302494  0.6835105  -0.2825789 ] [-0.2407485  -0.15880071 -0.95750848] [ 0.69934083 -0.71245753 -0.05767729]];201.3319644167037;274.7433834108445;-2.496230716389687;211.17996010095274;272.9809612944953;-4.364316044229252;345.15884463829207;340.6240123533815;350.16690432052053;335.43598136249716;350.2216898956864;-2094.242197961148;550.363021724394;157.54012162549262;2206.1417683784075;-2129.203026572813;552.8516202809111;167.06603415940165;0.01702599909939337;58.733704504637835;5.9628741767519795;-312.11309914039003;-323.4200837668062;1235.8116722146704;1308.3762753582007;37.73170515769448;-89.0636028140354;2171.0754775743108;
59.4666666667;-184.22611431721555;-315.46881676718107;24.68014610816438;-179.98816913872906;-313.3377904088484;25.081800239962078;20.20731654174115;20.306769149872665;191.35782147230412;45.86231495253913;185.7970563827242;46.11642823665064;nan;nan;nan;nan;[2.2153479  5.16920515 0.31146461];[-182.3198536  -311.99264159   25.08849552];[[ 0.7068323   0.70728221 -0.01183087] [-0.04623616  0.0295047  -0.99849471] [ 0.70586849 -0.70631533 -0.05355689]];192.79797130679285;277.0020229437728;-1.8759529994371709;202.81274076566157;275.1915086979396;-3.7588252242930307;341.8735190730548;337.4977002212214;346.7992503716999;331.61133847518397;346.8510660261551;-2002.307886118122;533.8017079507595;140.255891422306;2113.465064128804;-2038.7269243152793;536.4592187986492;150.1286512657576;0.01680862633164814;59.493261392642715;5.830089961567458;-307.1833191187271;-318.53402696236805;1130.957377232527;1205.9898553325993;36.39445529826019;-89.14529526703106;2076.9816680222857;
59.4708333333;-180.60044463985076;-308.01298513264913;25.360266546702803;-179.16719811278946;-312.18829685204327;25.072716530007536;21.596626510437215;21.719359457200067;183.15016992860117;45.94691603669773;184.5070072102744;46.12908948772443;nan;nan;nan;nan;[3.15158945 6.95444469 0.40393644];[-181.64379284 -310.50418095   25.12583553];[[-0.62339836 -0.61226427 -0.48631979] [ 0.29939509  0.38765269 -0.87183024] [ 0.72231369 -0.6890993  -0.05835313]];184.6441204380682;279.19187892600553;-1.3269090469513216;194.73602448477848;277.3490820554663;-3.207849411094033;338.9025270590207;334.7287217407554;343.68336580029256;328.13595127798186;343.73223947192025;-1911.7739221849265;517.346917388764;123.34791468101113;2021.9149811844115;-1949.3023546617123;520.1378852917611;133.48071595731633;0.01652924304882931;60.498838152835155;5.68163372994977;-302.68449900472956;-313.9724970491546;1028.9509165314923;1105.8184556930287;35.07762676446236;-89.22764836844519;1984.3744784022365;
59.475;-181.48131388548273;-309.116371899183;25.022243284273003;-178.3809914025043;-311.02953575035957;25.06606836251612;22.970744362367526;23.119678163853532;184.5275050872264;45.744417971033734;183.23659683464103;46.13379585741887;nan;nan;nan;nan;[3.68329785 7.93855809 0.46558681];[-180.89273943 -308.84271862   25.17102581];[[ 0.60062434  0.59361801  0.53560066] [ 0.33331855  0.42299521 -0.84259943] [-0.72673871  0.68461136  0.05619733]];176.8645770275993;281.31339520425075;-0.8475311361760154;186.94479274857653;279.4539689881456;-2.7098615568649245;336.229415234142;332.29357989212093;340.8026169841201;324.9941998578934;340.84858763022856;-1822.640306161871;500.99865003846355;106.8161914016656;1931.5089947097988;-1860.941426036697;503.8909198154732;117.12363737895834;0.01619075323393383;61.76364901319865;5.518595372455901;-298.60477282224053;-309.7248249838224;929.792290111914;1007.8662852753043;33.783900836679706;-89.30974593843936;1893.2583108841113;
59.4791666667;-180.50723433008562;-307.040550055652;25.022101482560586;-177.62797723766914;-309.8617927772489;25.061562196225008;24.331092771086908;24.509165223608434;182.2507373583561;45.584796617696625;181.9840543103302;46.13066497199723;nan;nan;nan;nan;[3.90419681 8.26032227 0.4789458 ];[-180.18042497 -307.30394251   25.19849809];[[ 0.59506462  0.59043743  0.54523549] [ 0.34884752  0.42141915 -0.83708501] [-0.724019    0.68832372  0.044799  ]];169.45350629240139;283.36701562523086;-0.43625154435160907;179.47300544563925;281.500983016003;-2.2726220299022355;333.85405184534943;330.1689668253949;338.1940290196178;322.1705036942201;338.23713165996367;-1734.9070380486507;484.7569058998024;90.66072158421316;1842.2863957357943;-1773.6811157340771;487.7064152717456;101.07876188540548;0.015794752496153506;63.312166508688875;5.342371779578013;-294.9322745950741;-305.83560108074647;833.4814979734541;912.3348649619581;32.52192741023791;-89.38827477607263;1803.6382827292348;
59.4833333333;-179.1058840310402;-304.6146763658293;25.20012925776942;-176.90660815966987;-308.68535175679284;25.058911022049447;25.67902936118315;25.889162995356553;179.4652045826879;45.5402753339168;180.7476581334068;46.11981384209188;nan;nan;nan;nan;[3.91612792 8.16816951 0.47895804];[-179.61834136 -306.08790937   25.19251956];[[-0.59356222 -0.59143689 -0.54578961] [ 0.36888544  0.40279924 -0.83766121] [-0.71526738  0.69853789  0.02091396]];162.4050734495413;285.35318403565407;-0.09150254872149838;172.31607018319775;283.4903848860873;-1.8948282421051026;331.7577681687495;328.33192944663966;335.8399909100791;319.6493674755189;335.88027297067543;-1648.5741178455655;468.621684972836;74.88150522870882;1754.2563093655908;-1687.524535638097;471.5846083788264;85.34692559546207;0.015345725831914302;65.16472475484433;5.154326581356521;-291.6551383470707;-302.2947256967407;740.0185401164415;819.2305232736152;31.29433865749183;-89.46164355005448;1715.5203716314131;
59.4875;-181.07830187316523;-309.073259944408;24.558309996884233;-176.21536102149312;-307.50049466371996;25.05783436308291;27.01584696853859;27.260917381621525;184.25714226782551;45.230893459915734;179.52573624151145;46.1013588627044;nan;nan;nan;nan;[3.84709674 7.88589371 0.48207247];[-179.04402129 -304.85231231   25.18121727];[[ 0.594135    0.59491277  0.54137085] [-0.38840265 -0.3771926   0.84075509] [-0.70437702  0.7097919  -0.00696237]];155.71344371603695;287.2723442822426;0.18828357347348929;165.49948155405914;285.4155069576878;-1.5787203383063817;329.93117822431225;326.76002171934493;333.74331068846027;317.4154260308967;333.78083588500664;-1563.641545552321;452.5929872575095;59.47854233509879;1667.6740195200607;-1602.7164387146966;455.56537939343855;69.97740745403513;0.01484954761280325;67.34211883584938;4.9564944147156735;-288.7614981020474;-299.1165505510697;649.403416540557;728.8685405228066;30.108628722717906;-89.52720361705966;1628.9115973834294;
59.4916666667;-180.75111648261083;-308.30654594153606;24.650529383220245;-175.55273698771634;-306.30750162339;25.058058274597002;28.342774090145657;28.62557963087981;183.437785461364;45.26768437063038;178.31666601384387;46.07541581320546;nan;nan;nan;nan;[3.66830644 7.43665304 0.50554442];[-178.51624198 -303.75110659   25.14928523];[[ 0.60067965  0.60352714  0.52434621] [-0.3862043  -0.35520976  0.85127685] [-0.70002157  0.71384944 -0.01971751]];149.3727823089527;289.124940211705;0.4046745449904044;159.01956972309674;287.27645120756205;-1.3231749306296876;328.3545854183045;325.4314411802079;331.8881882031823;315.453487949723;331.9230306319111;-1480.109321169206;436.67081275387744;44.45183290343558;1582.5528551686393;-1519.263048732365;439.64920175207834;54.971879698733204;0.014311875164508932;69.87204601112184;4.750440978629386;-286.2394878838418;-296.2920919022464;561.6361272461095;641.2615737507825;28.96720911875899;-89.58290306248655;1543.8202507972146;
59.4958333333;-177.59860448191677;-301.7159674134286;25.349681043351254;-174.91726153451728;-305.1066509118087;25.059315344041472;29.66097551879591;29.984208742649287;176.22015988735944;45.44645837211224;177.11887427117952;46.04209985733498;nan;nan;nan;nan;[3.35557947 6.70302266 0.50956434];[-177.86081658 -302.39726432   25.14466788];[[-0.61192592 -0.61625361 -0.49576018] [-0.36868961 -0.33228889  0.86813136] [-0.69972469  0.71401371 -0.02387012]];143.37725444530875;290.91141567076295;0.5592380885879903;152.87325396124317;289.07321573825914;-1.1271811303582526;327.00890870319955;324.32514797203436;330.2599553537546;313.7485774962886;330.29219828649195;-1397.9774446959366;420.85516146188525;29.801376933668045;1498.909449100124;-1437.1726640490867;423.83670670340746;40.332571979701;0.013738488354867556;72.78821178646625;4.537715519862576;-284.07724171627336;-293.81305720557845;476.7166722328004;556.4264990125429;27.87228617855457;-89.62655626855005;1460.256184672687;
59.5;-173.19517064174556;-292.81448572663413;26.273054181769012;-174.30748444966486;-303.89821895561266;25.061344691044255;30.9715531563932;31.33777440570968;166.41119996426156;45.64802529803661;175.9308372758528;46.001525543201865;nan;nan;nan;nan;[2.95239389 5.85018821 0.5130603 ];[-177.24786055 -301.13637885   25.14102028];[[-0.62864956 -0.63301332 -0.45176749] [-0.3348246  -0.30400727  0.89189241] [-0.70192038  0.71195064 -0.02083439]];137.72102534215787;292.63221450612855;0.6535419270238385;147.0580167131217;290.8056967507713;-0.9898335802782247;325.8757329302306;323.42096546931907;328.8450561023454;312.2859744621563;328.8747907744982;-1317.245916132656;405.14603338156036;15.527174425821924;1416.7639941768307;-1356.4556576123439;408.12868330825313;26.0622713596194;0.013135169518666757;76.1314879552085;4.319826127239096;-282.2628936231746;-291.67179237549567;394.6450515007809;474.38441137683805;26.825866571482806;-89.65585628132894;1378.2311870940312;
59.5041666667;-173.21598574358183;-292.80178838641115;26.08047684046656;-173.72197983252698;-302.6824803320833;25.06389196741143;32.27554699793373;32.687160394242156;166.39763142428419;45.45969165787961;174.75108073177188;45.95380680328433;nan;nan;nan;nan;[3.14555863 6.17089371 0.51314494];[-176.63224879 -299.92641789   25.14121712];[[-0.6196704  -0.62480101 -0.47500767] [ 0.35525331  0.31638371 -0.87960016] [-0.69985976  0.71381023 -0.02590901]];132.39826021655057;294.2877805645143;0.6891537830559361;141.5718776646777;292.47369051718647;-0.9103254870219646;324.9373553205875;322.6996622726678;327.6310098406065;311.0512516400707;327.6583342838919;-1237.914735479498;389.5434285129295;1.629225379920765;1336.1405699403854;-1277.1244769591133;392.52607843960794;12.164322313705481;0.012507599019687139;79.95139582153104;4.098219060681528;-280.7845776283757;-289.86122904787874;315.42126505018405;395.1606249261683;25.829766151721422;-89.66839379094081;1297.759465151467;
59.5083333333;-174.01772813763841;-294.8388847453628;25.62045366860184;-173.159346094067;-301.45970776914083;25.066709357127227;33.57393627691102;34.033168344450154;168.51719153793692;45.13994162440774;173.57817978441213;45.89905695442978;nan;nan;nan;nan;[3.26081998 6.36277854 0.51413772];[-175.87030318 -298.49366702   25.16175958];[[-0.61985883 -0.62514646 -0.47430679] [ 0.35529297  0.31534666 -0.87995647] [ 0.69967273 -0.71396666  0.02663973]];127.40312428551046;295.8785576926411;0.667641379442416;136.41336781080966;294.07689535333986;-0.8879416534113439;324.17682788645817;322.1430159494356;326.6063606430251;310.03030964834295;326.63137860313844;-1159.983902736193;374.04734685593905;-11.892470204082773;1257.067562728369;-1199.1936442158694;377.0299967826299;-1.357373270287503;0.01186126853587049;84.30801452440186;3.8742624938534074;-279.63042775569977;-288.3748318423869;239.0453128807399;318.784672756784;24.885621575311077;-89.66168437477066;1218.8582785314343;
59.5125;-175.60075668255217;-298.19816487290296;25.14968937288721;-172.61820595684114;-300.23017214533786;25.069555576354052;34.86764076160084;35.376521834519416;172.1717054990834;44.93229010611816;172.4107590208104;45.83738869785452;nan;nan;nan;nan;[3.22190312 6.32129457 0.51312359];[-175.23630819 -297.30428388   25.16672522];[[ 0.62497444  0.6300733   0.46088456] [ 0.34426455  0.30742558 -0.8871141 ] [ 0.70063461 -0.71308986  0.02477877]];122.72978276609622;297.4049897372187;0.590572438941348;131.57665236855934;295.6157551059469;-0.9211143566883586;323.5767892897047;321.73385938414066;325.7550900451384;309.20940888114325;325.7779110404983;-1083.453417903005;358.6577884106421;-25.03791232614286;1179.5620830333862;-1122.663159382612;361.640438337319;-14.50281539235954;0.0112013652134222;89.27483221435682;3.6491573600303893;-278.7885780289785;-287.2007347828482;165.51719499270865;245.25655486868516;23.994057692392698;-89.63356256657292;1141.548779074713;
59.5166666667;-175.49033651383996;-298.0369320048267;24.96969137712999;-172.097206455005;-298.99414248987387;25.072195873432456;36.157522190647065;36.71787069341803;171.9658045626209;44.736916669240024;171.24749246957876;45.76891411914435;nan;nan;nan;nan;[3.33558522 6.55527184 0.51633695];[-174.5998491  -296.08364027   25.17989494];[[ 0.62077133  0.62539947  0.47277739] [ 0.35164117  0.31686874 -0.88087609] [ 0.70070781 -0.71307062  0.02321317]];118.37240087533367;298.86752054496793;0.4595146843104784;127.05589655496847;297.09071362172267;-1.008275874095005;323.1208900549291;321.45611096918446;325.0619215075129;308.5751984083259;325.0826596195681;-1008.3232809796748;343.3747531769863;-37.80710098630404;1103.645163099338;-1047.5330224593413;346.35740310367527;-27.272004052510646;0.010532701076224027;94.94240772268266;3.4239984788367943;-278.2471624720371;-286.3270718930906;94.83691138583947;174.57627126187177;23.15545028695829;-89.58195606296727;1065.8571372233528;
59.5208333333;-176.09474420233238;-299.1681094170993;24.562782368879752;-171.59501893430615;-297.7518859825789;25.07440202888116;37.44438583561022;38.057795468539425;173.21966087192587;44.43018250297666;170.0871036008888;45.69374468825382;nan;nan;nan;nan;[2.95542025 5.73930677 0.49332317];[-173.92900526 -294.77594077   25.20664326];[[ 0.64208919  0.64777189  0.41001592] [-0.30894004 -0.27084391  0.9117015 ] [ 0.70162492 -0.71206401  0.02621673]];114.32514383027946;300.26659396259873;0.2760358383082583;122.84526558707873;298.5022147473826;-1.147858482873279;322.7938181956853;321.29479011882256;324.5123580173592;308.11474169576843;324.53113069841675;-934.5934919664577;328.1982411550236;-50.20003618452287;1029.342910547029;-973.8032334460571;331.1808910816987;-39.66493925074081;0.009859691116977203;101.42305556389289;3.199776706529747;-277.9943151087054;-285.74197719694195;27.004462060373527;106.74382193634389;22.369951423810964;-89.50493439089558;991.8160738545406;
59.525;-174.94851280282688;-296.75142609565233;24.670463351037554;-171.11033905209152;-296.50366795393006;25.075952355397032;38.72898217738297;39.396811987772836;170.5702429246574;44.34964089241862;168.92836532648744;45.61199125950711;nan;nan;nan;nan;[2.36349778 4.50765413 0.4900624 ];[-173.32959418 -293.62894358   25.20963929];[[ 0.6764628   0.68270909  0.27623608] [-0.22022253 -0.17040711  0.96044961] [ 0.70278027 -0.71054184  0.03507385]];110.58217684796142;301.6026538368312;0.04170362369205979;118.9389246819319;299.8507023296418;-1.3382944602651767;322.58131149236794;321.23601973789533;324.0927108544155;307.81553906358783;324.1096377729066;-862.2640508631029;313.1282523447021;-62.216717920841674;956.6880843637164;-901.4737923427593;316.11090227138925;-51.68162098705004;0.009186351876592834;108.85714083607414;2.977385179176964;-278.0181699628105;-285.4335847182303;-37.980152983920334;41.759206892101446;21.6375147665574;-89.40076215794267;919.4669737495396;
59.5291666667;-175.03177384835453;-296.55553470408444;24.625431992596347;-170.6418867773001;-295.2497518850343;25.076631697855095;40.01200868307481;40.735375958264505;170.44381500990755;44.31300663236702;167.77009999968107;45.52376407159699;nan;nan;nan;nan;[2.08650104 3.97589875 0.52982633];[-172.95440454 -292.94431088   25.144893  ];[[ 0.67446284  0.68244995  0.28171252] [-0.23053076 -0.16782523  0.95848331] [-0.70139535  0.71140478 -0.04413382]];107.13766514543408;302.8761440143763;-0.24191423677930793;115.33103905656964;301.1366202152159;-1.5780160835126944;322.4701579049928;321.2670173365612;323.79011976324284;307.66554684459027;323.8053217035404;-791.3349576698564;298.16478674607345;-73.8571461952194;885.7222803014961;-830.5446991494484;301.14743667274695;-63.32204926143833;0.008516319040019024;117.42162256966904;2.7576294264833465;-278.3068610581803;-285.3900284807838;-100.1169337468209;-20.377573870855517;20.95792014448848;-89.26795570809205;848.862847184271;
59.5333333333;-171.36626814486942;-289.8635707133863;25.363219179355625;-170.18840639046996;-293.9903994076464;25.076231433308557;41.29411166957939;42.07388755095033;162.884799204787;44.461047548780634;166.6111794153513;45.42917274758606;nan;nan;nan;nan;[2.10149333 3.98838094 0.4803617 ];[-172.86806518 -292.86880898   25.0102321 ];[[-0.67732686 -0.68502733 -0.26826456] [ 0.22103136  0.15831336 -0.96233155] [ 0.70169328 -0.71110789  0.04418263]];103.9857739397274;304.0875083419535;-0.5732500203488113;112.01577392803374;302.3604122508198;-1.8654556298578278;322.44818565141446;321.376076469683;323.5925649072587;307.6531932462054;323.6061627381295;-721.8062123864763;283.30784435908646;-85.12132100769574;816.499010396682;-761.015953866124;286.29049428577184;-74.58622407390571;0.00785288330583926;127.34176238890731;2.54124143303296;-278.8485224186437;-285.599442776998;-159.40588022853962;-79.66671372134668;20.330796782266702;-89.10534142878699;780.072549321663;
59.5375;-170.05212975744703;-287.62510884409966;25.330380277512702;-169.74866648373154;-292.72587030415076;25.074549470988742;42.57588824011292;43.412695927142785;160.2933184344135;44.22181935443137;165.45052480993922;45.32832629490528;nan;nan;nan;nan;[2.18830674 4.13839805 0.40399321];[-172.67823351 -292.57845978   24.90184956];[[-0.68607981 -0.69058421 -0.22888413] [-0.18275477 -0.14092599  0.97300594] [ 0.70419826 -0.7093894   0.02952108]];101.12066844789386;305.2371906662738;-0.9507360042573185;108.98729451336585;303.52252228316905;-2.1990453765425735;322.50424446671724;321.552540111469;323.48887109028794;307.76739095761076;323.500984812926;-653.6778150132006;268.5574251837919;-96.00924235823229;749.0881175599975;-692.8875564927861;271.5400751104639;-85.47414542445213;0.0071990451862030645;138.90730980776385;2.3288982074494458;-279.63128806802695;-286.04996377924334;-215.84699242887473;-136.10898613465068;19.755644742128588;-88.9121133693646;713.1868977203535;
59.5416666667;-170.9973094937427;-289.1998029669872;25.096586017403283;-169.3214599608141;-291.4564225075792;25.071390252305182;43.857888279964286;44.75210367017935;162.10999287287694;44.138203490686514;164.28710686146144;45.221333105355605;nan;nan;nan;nan;[2.26866389 4.31133506 0.37538268];[-172.39617824 -292.05582842   24.81824203];[[-0.68994751 -0.69301394 -0.20905528] [-0.16323693 -0.13240769  0.97766145] [-0.70521354  0.70866062 -0.02177111]];98.53651388696542;306.32563483405653;-1.3728044657481044;106.23976602960775;304.62339415897884;-2.577217600808928;322.62817949696256;321.7867674681249;323.46870481823055;307.99754657835837;323.47945270171454;-586.949765549796;253.91352922013948;-106.52091024686617;683.5822199713466;-626.1595070294348;256.89617914682304;-95.98581331307761;0.006557591767820122;152.4950066131397;2.121246196095722;-280.6432920301605;-286.72973276267857;-269.4402703480184;-189.70613143014444;19.231854260170444;-88.68788729766543;648.3277041125175;
59.5458333333;-169.55899767371534;-286.305022198268;25.397675090664976;-168.90560403703955;-290.18231210159377;25.066564750845515;45.14061649809286;46.09237109179456;158.9183690129379;44.20372284371313;163.1199456894937;45.108300955106316;nan;nan;nan;nan;[2.36392316 4.48469368 0.36515614];[-171.8775977  -291.06808153   24.79014482];[[-0.6770237  -0.68113475 -0.27873709] [ 0.2133934   0.18078829 -0.96009315] [-0.70434521  0.70948647 -0.0229517 ]];96.22747547399261;307.35328469201335;-1.8378876820617431;103.76735369380111;305.6634717249644;-2.998404579898886;322.81079918366623;322.070095597526;323.5225648366969;308.333566974154;323.5320626457461;-521.6220639964902;239.37615646817898;-116.65632467356156;620.1062973778635;-560.83180547607;242.35880639484938;-106.12122773978217;0.005931202421973558;168.59987720116598;1.9189341535505502;-281.8726683288693;-287.62690093947134;-320.1857139857881;-240.46124350894252;18.758722783790322;-88.43274791504123;585.6613526772788;
59.55;-171.0156443222336;-289.4577675230216;24.95953482884518;-168.49994023932837;-288.90379332050367;25.059890472375578;46.42453450145046;47.4337203887216;162.33004228576445;44.00866334696514;161.9481108551872;44.98933700469663;nan;nan;nan;nan;[2.48650098 4.72701072 0.3627598 ];[-171.28930349 -289.932169     24.78363505];[[-0.66162701 -0.66646532 -0.34361851] [ 0.25979508  0.22612817 -0.93881445] [ 0.70338909 -0.71041539  0.0235319 ]];94.18771842600928;308.320584086863;-2.3444179304418;101.56422272298772;306.64319882784093;-3.4610385910544452;323.04383837619343;322.39479705695334;323.64176682108877;308.7658626917803;323.6501271382511;-457.69471035306015;224.94530692786097;-126.4154856383531;558.8322219175946;-496.9044518326919;227.92795685454286;-115.88038870456579;0.0053225971619932574;187.8782048622125;1.7226592481848122;-283.30755098798505;-288.72963590442504;-368.0833233423566;-288.3791565915364;18.33546963468083;-88.14728574953988;525.4195599739526;
59.5541666667;-171.75995021171656;-291.10158803318797;24.69546980925368;-168.1033344061939;-287.6211185492482;25.05119145483935;47.710062889544;48.77633963057599;164.1002166758585;43.869655455017266;160.77072136125267;44.864547799034156;nan;nan;nan;nan;[2.67774784 5.13508297 0.38431405];[-170.51204871 -288.42235438   24.83681403];[[ 0.64015057  0.64544131  0.41666864] [ 0.31239504  0.27680192 -0.9087299 ] [-0.7018665   0.71188919 -0.02443776]];92.41140796006412;309.2279768653173;-2.8908274881285583;99.62453833420926;307.563019314324;-3.9635519115175994;323.3199177777374;322.75403464704317;323.81842291523185;309.2853485860416;323.8257545571976;-395.1677046197253;210.6209805992345;-135.79839314120738;500.0011700289782;-434.3774460993003;213.60363052590347;-125.26329620742845;0.004734753004098509;211.20425904675014;1.533234964194158;-284.93607403133103;-290.02612969201374;-413.133098417561;-333.4668319554338;17.961248329065363;-87.8326203263632;467.931528989808;
59.5583333333;-171.97075990385463;-291.4464770098518;24.378486612383128;-167.71467668774775;-286.3345383234138;25.04029826835898;48.99758335721515;50.12038656469975;164.48410364929472;43.58840508906887;159.5869456519761;44.734039267396426;nan;nan;nan;nan;[3.20517947 6.21168685 0.45558541];[-169.62766301 -286.71993892   24.91515641];[[ 0.60994988  0.61410798  0.50083185] [ 0.37216262  0.3359839  -0.8652224 ] [ 0.69961142 -0.71413319  0.0236147 ]];90.89270929319277;310.07590687409476;-3.475548632365869;97.94246574450744;308.42337703112855;-4.504376818530346;323.6325006947278;323.1418141694836;324.04541681552956;309.88344182889034;324.05182434117575;-334.04104679627113;196.40317748225095;-144.80504718215644;443.95864521351666;-373.2507882758953;199.38582740893125;-134.26995024837018;0.004171234224542464;239.7371967549217;1.351696060217335;-286.74637148274076;-291.50460844482234;-455.3350392115542;-375.7337446727981;17.635156681879494;-87.49040662763296;413.6739425674522;
59.5625;-171.90008028539347;-291.68195718419787;24.253140640478605;-167.33288154569465;-285.0443013292174;25.027048015234726;50.28744079442753;51.465992227922186;164.64050701674734;43.45841550054616;158.39600161320274;44.597916723429336;nan;nan;nan;nan;[3.11102148 6.07713657 0.46042246];[-168.91527793 -285.4046473    24.90856089];[[ 0.63136097  0.6361086   0.44356417] [ 0.33009943  0.29712725 -0.89596304] [ 0.7017248  -0.71209637  0.02238454]];89.62578764244023;310.8648179599091;-4.0970136403948185;96.51217017092404;309.22471582497013;-5.0819455893346825;323.97584792559445;323.55293597268565;324.31637508229375;310.55205748345634;324.32195838834883;-274.31473688280585;182.29189757693473;-153.43544776118387;391.2093643456507;-313.5244783624768;185.27454750362622;-142.90035082739098;0.0036367180330670974;274.9732013610718;1.1794675145905449;-288.72657736603963;-293.15334369339524;-494.6891457242578;-415.1922703480874;17.356244901538172;-87.1228226194775;363.3474197279481;
59.5666666667;-170.3685106633242;-288.44655045451196;24.45473883619495;-166.956887753337;-283.7506544035206;25.01128432994508;51.579945372457956;52.81326435857361;161.0999894813085;43.40791147192209;157.1971565723515;44.456284865148504;nan;nan;nan;nan;[3.16938508 6.19060205 0.47806652];[-168.50181321 -284.63797332   24.8287838 ];[[ 0.64493197  0.64922516  0.40319901] [-0.29945884 -0.27071536  0.91489759] [ 0.7031267  -0.71078821  0.01982322]];88.60480822484969;311.5951539694743;-4.753654789456264;95.32781683050072;309.96747954256386;-5.694690501172603;324.3449714972368;323.98294592722027;324.6256353312726;311.2836018344837;324.63048933016404;-215.9887748794272;168.28714088330966;-161.6895948782761;342.5015419597494;-255.19851635904493;171.26979080998828;-151.1544979444908;0.0031378535794722353;318.68918503462896;1.0186429429504784;-290.8648257050517;-294.9606652474902;-531.1954179556114;-451.85807185569405;17.123521943670898;-86.7325367164103;317.986222582828;
59.5708333333;-169.7868990950821;-286.9994143318566;24.366340728362644;-166.58565839557278;-282.45384253382423;24.99285737914668;52.87537460678952;54.162290605155654;159.5597915916795;43.22193505896319;155.9897272984085;44.3092477749388;nan;nan;nan;nan;[3.31282463 6.44658478 0.48813742];[-168.11058154 -283.89868844   24.74847282];[[ 0.66344141  0.66774259  0.33758751] [ 0.25379692  0.22360374 -0.94105711] [ 0.70386974 -0.71001493  0.02112303]];87.8239362574594;312.2673587495083;-5.44390435679443;94.38357094027926;310.6521120306252;-6.341043831286103;324.73558783939455;324.4280863531922;324.96821191934157;312.0709636722479;324.97242629283505;-159.06316078593738;154.38890740132777;-169.56748853346124;298.9469056648358;-198.2729022655996;157.37155732801756;-159.03239159966975;0.0026846527549326013;372.48765158274824;0.8724381195241914;-293.1492505236124;-296.9149756987403;-564.8538559057397;-485.75048607758396;16.935960432835707;-86.32265539166647;279.0880811058298;
59.575;-167.82204851288375;-283.3819615284337;24.728231197796177;-166.21818086889357;-281.1541088582607;24.971623861674228;54.17397538774517;55.51314153041439;155.4810460482751;43.26753784326243;154.77308000192127;44.15690891955348;nan;nan;nan;nan;[3.46337844 6.72784587 0.48068155];[-167.56470073 -282.88124796   24.71349209];[[ 0.66246652  0.66654131  0.34184909] [-0.25593003 -0.22749887  0.93954461] [-0.70401558  0.7099063  -0.01987755]];87.27733695731379;312.88187614672387;-6.166194619648968;93.67359771730132;311.27905713586915;-7.019437856917182;325.1440708801648;324.8852473159434;325.339759691703;312.9075037287659;325.34341871333424;-103.53789460252925;140.59719713103672;-177.06912872671228;262.1557625408294;-142.7476360821409;143.57984705771395;-166.53403179292775;0.002292535835199106;436.1981979283435;0.7458614461465062;-295.5679858455418;-299.00476653472214;-595.6644595745279;-516.8929106409361;16.792500478679298;-85.89665259993868;248.678796458132;
59.5791666667;-166.66592337102165;-280.9982439364142;24.87204483019572;-165.8534668813895;-279.8516946656101;24.94744700854074;55.47596597072477;56.8658734115077;152.8611448564304;43.22200606133626;153.54663033501274;43.999371150115955;nan;nan;nan;nan;[3.6607984  7.10387165 0.4450679 ];[-167.07475563 -281.97994828   24.65884722];[[-0.65371446 -0.65714814 -0.37525155] [-0.27691231 -0.25375606  0.92678338] [-0.70425632  0.70976348 -0.01608841]];86.95917554145267;313.4391500078385;-6.918957855264339;93.19206237860865;311.8487587050112;-7.728304855307834;325.56740545111603;325.35191861473385;325.73653630642315;313.78704246444664;325.73971872543456;-49.4129763290144;126.91201007238952;-184.19451545805498;234.2737767020813;-88.62271780866872;129.89465999907753;-173.65941852426482;0.0019843610528536434;503.9405498117056;0.6463852112062529;-298.1091656946761;-301.2186358644307;-623.6272289620812;-545.3131906557811;16.692052706850887;-85.45828409434027;229.07623197340595;
