dt;xt_18;yt_18;zt_18;xt_avg_18;yt_avg_18;zt_avg_18;xxt_18;xpt_18;xp_18;wd_18;xp_avg_18;wd_avg_18;disSTL_18;disSTL_avg_18;disSTLz_18;disSTLz_avg_18;PCAsigma_18;PCAmu_18;PCAwt_18;vxt_18;vyt_18;vzt_18;vxt_avg_18;vyt_avg_18;vzt_avg_18;vavg_18;vv_18;vv_avg_18;vvt_18;vpvt_avg_18;axt_18;ayt_18;azt_18;aavg_18;axt_avg_18;ayt_avg_18;azt_avg_18;curvature_18;curveRadius_18;turnRate_18;vxp_18;vxp_avg_18;axp_18;axp_avg_18;thetaToR_18;psiToR_18;aa_18;
77.3916666667;-173.08262047351803;-267.9522782914123;20.31938700058369;-174.05286113061695;-266.9248363325838;19.88970620039339;0.0;0.0;145.42875628330296;39.3569585712614;146.1347600758437;39.04322704460656;nan;nan;nan;nan;[nan nan nan];[nan nan nan];[[nan nan nan] [nan nan nan] [nan nan nan]];;;;;;;;;;;;;;;;;;;;;;;;;;;;;
77.3958333333;-171.02476922632763;-266.0330323077989;20.399829710835306;-172.53434287978067;-266.49048619052854;19.849300609895018;1.5799336491669007;1.5799336491669007;142.66748400439218;39.13697275231714;144.6270837472937;38.79682112622749;nan;nan;nan;nan;[nan nan nan];[nan nan nan];[[nan nan nan] [nan nan nan] [nan nan nan]];359.1793890521004;114.47972899029132;-11.586384726986655;355.75565259868176;120.71692061325427;-12.752600744385074;375.89531535256776;377.1600272836086;376.0856410686142;377.0934480971653;376.0952107384405;-842.893712473283;1607.2028904529204;-297.864109547939;1805.5194215250283;-842.6265291322572;1569.8751388441192;-292.186519787884;0.012619756955614767;79.24082876691863;4.746230151689836;-354.98053121983116;-351.3435960067668;1035.9888069109954;963.7086364393108;71.2678143010204;-89.340445581611;1839.1014026866496;
77.4;-173.84690270797603;-274.0142176143366;18.776747925356517;-171.0304468350991;-266.0275519084399;19.80362600250408;3.153968502066983;3.1541311058101678;150.72329320890103;38.01991358821768;143.1387768441143;38.546685392752785;nan;nan;nan;nan;[2.32152189 3.73969827 0.65927457];[-170.96347756 -267.82669235   19.78181182];[[ 0.52766295  0.66219775  0.53203942] [ 0.71227979 -0.00364323 -0.70188619] [-0.46284912  0.74932027 -0.47359248]];355.6666917155996;121.09539727870855;-12.815603850510572;354.12879575095053;123.41642201829987;-13.264672453368968;375.25293968084077;375.9350083991392;375.7097925804999;375.77480905016574;375.71905593431273;-843.1378561236469;1568.383083064578;-292.1480194988075;1789.8018907409148;-841.8167133481682;1552.746519386808;-289.33315703457635;0.012561030152588639;79.61130479365302;4.71941839049304;-350.8256024926683;-350.1219086987061;958.7548493926512;933.2594082895233;70.79866798708531;-89.29419641042612;1804.4548775098272;
77.4041666667;-167.61996968073348;-262.5507158492243;20.196852583501922;-169.54118381361738;-265.53671423246413;19.752780256494802;4.7223790499791125;4.723019649078097;137.84137086198342;38.43525610275939;141.6684591378245;38.29292855231489;nan;nan;nan;nan;[3.22155953 3.90267027 0.561435  ];[-169.39519062 -266.48391936   19.75702981];[[-0.572194   -0.68496707 -0.45101457] [ 0.58975669  0.0384861  -0.80666342] [-0.56989567  0.72755683 -0.38194239]];352.15376652545166;127.5501313081039;-14.020842804097265;350.99711061924864;128.66591402786628;-14.256901612673525;374.108471354607;374.8038090891207;374.9469751010665;374.51686492902655;374.9556443589023;-843.0030822239136;1529.9544461223518;-286.3536279780613;1759.5516098939522;-840.3495974289555;1519.6258711423275;-283.85142898409663;0.012439372318026744;80.38990830355898;4.66421286292601;-346.98775858103653;-347.659090028927;883.7880954558153;873.9907597881868;69.88370628428656;-89.19964781302383;1770.144966974391;
77.4083333333;-169.24312572209394;-268.58321766407414;19.216241885448937;-168.06655805393524;-265.0186471175891;19.6968626095415;6.28542524414885;6.287002209682224;143.6471361732774;37.76785380499012;140.21478976110095;38.035659692447915;nan;nan;nan;nan;[4.04876859 4.07292062 0.50478301];[-167.89801636 -265.42660642   19.72811912];[[ 0.61136943  0.69997784  0.36913203] [ 0.49740384  0.02288663 -0.86721717] [ 0.61548099 -0.71379775  0.33417948]];348.6421923047819;133.84556095533617;-15.201775331615003;347.745892550648;133.9797090408537;-15.263057093194066;372.975507416169;373.7607609364124;374.211021191628;373.31628066755115;374.2190957038349;-842.4893907740828;1491.916979626243;-280.4809349857003;1728.307579393735;-838.4218901563772;1485.5235839959405;-278.0566569753283;0.012306901823585936;81.25521876541825;4.605477671338206;-343.4575528033466;-345.3518938329226;811.0885451004875;814.6152229681132;68.94779087325624;-89.09671633667801;1736.1665250068695;
77.4125;-166.62775831253987;-264.7294761550125;19.58900305266407;-166.6065672162281;-264.47401772765056;19.63597365871919;7.843352924384829;7.846457846404836;139.00668556708416;37.735073216999425;138.77646720779907;37.77498828009108;nan;nan;nan;nan;[4.44594261 4.51084595 0.65307552];[-166.80237371 -265.08930578   19.61011478];[[-0.57774068 -0.7140782  -0.3953581 ] [-0.57661298  0.01423846  0.81689335] [-0.57769644  0.69992113 -0.41997289]];345.1335478767038;139.98331609728487;-16.358075176935962;344.4534487125516;139.28447769929127;-16.268097475836626;371.9045509985299;372.80032360373247;373.49510594160364;372.1698247065356;373.50259083063537;-841.5967817741512;1454.2706835761223;-274.529940521704;1696.8057693115607;-836.2326233227762;1451.1417707608534;-272.12566878697726;0.01216514047943698;82.20209225617438;4.543711486888349;-340.2255384779982;-343.15352158537956;740.6561983264318;755.7250186563109;68.00555397456057;-88.98666241254229;1702.514332522467;
77.4166666667;-164.32118824584813;-261.5244976595282;19.801146506892337;-165.16120238223672;-263.90348643532883;19.570215360503205;9.396394249714252;9.401742261758326;135.0692811922181;37.59350720003987;137.35222933294258;37.5110241615869;nan;nan;nan;nan;[5.85917661 5.88937461 0.68214686];[-165.14223934 -263.7214958    19.61210602];[[-0.59232496 -0.69008873 -0.41584695] [ 0.54100573  0.04180845 -0.83997908] [-0.59704602  0.72251615 -0.34857777]];341.6294120643669;145.96502661076698;-17.489416083920535;341.1194636719862;144.55076580413018;-17.26658551817706;370.8848168446378;371.91709271809947;372.81041188008743;371.0743692121224;372.81731716884923;-840.3252552241245;1417.0155579722475;-268.5006445861131;1665.0465597529108;-833.6864361970323;1416.5358361649628;-266.03232342428754;0.012014860556209603;83.23026266694148;4.479348078723892;-337.2822689234239;-341.1174526399561;672.4910551341284;697.8061663726301;67.06132355922688;-88.86982154447257;1669.183100275715;
77.4208333333;-164.11999449549336;-263.65838129904824;19.45306454846741;-163.73044805528696;-263.3077068221563;19.499691030770098;10.944768130275094;10.953188352552901;136.68817113546953;37.25420750969986;135.94085335274298;37.24387756268491;nan;nan;nan;nan;[6.77463067 6.61594136 0.65858774];[-163.5753106  -262.34071595   19.61199559];[[ 0.61609227  0.69201193  0.37623105] [-0.47778895 -0.05141641  0.87696868] [-0.62621724  0.72005266 -0.2989584 ]];338.1313636908842;151.79232237266245;-18.59547179644096;337.7685889285187;149.72512488243837;-18.247948676469033;369.9165045232822;371.10580676415657;372.1649877863286;370.02689012717946;372.1713305690057;-838.6748111240004;1380.1516028144895;-262.3930471789074;1633.2518482282903;-830.7442164719556;1381.983190566726;-259.8039790506195;0.011857680179419431;84.33352771106375;4.413088609836256;-334.61829745802237;-339.2822355053411;606.5931155233333;641.5583830249481;66.12429885352698;-88.74732425616054;1636.1674721045867;
77.425;-161.19581833764954;-259.79364093912807;19.800798885786932;-162.31428216026006;-262.6873256785063;19.424505344796312;12.48868065981246;12.501106791298689;131.86360526442874;37.15582206634662;134.5411558445705;36.9736590885361;nan;nan;nan;nan;[6.49796049 6.44436688 0.74288763];[-162.45026519 -261.96444878   19.45662514];[[-0.60621837 -0.69849511 -0.38026816] [-0.50970008 -0.0258094   0.85996495] [-0.6104958   0.71514926 -0.34037687]];334.64098157938156;157.4668332598302;-19.67591605836553;334.5522902865797;154.7917692353372;-19.207097155453415;369.12686076759684;370.36135300814936;371.5019638146857;369.0244670656978;371.507750961433;-836.645449473779;1343.6788181028483;-256.2071483000869;1602.8497999322947;-828.2080908607472;1348.6047414250856;-253.89779593681217;0.011695795095478275;85.50081391102783;4.345078531626892;-332.22417740020404;-337.33503636429685;542.9623794940464;586.0113465773496;65.20671415484212;-88.62086045880027;1603.4620286066993;
77.4291666667;-159.58328187543594;-257.7022450561686;20.003498361373303;-160.91267604361266;-262.0429830036001;19.344764337259054;14.028325547998785;14.045786634247285;129.23744303110635;37.11301306527051;133.15199274697363;36.700479723696695;nan;nan;nan;nan;[6.37045919 6.37703216 0.75787106];[-161.3299452  -261.52287248   19.31086249];[[-0.59973225 -0.69769348 -0.39184822] [ 0.52556256  0.02582279 -0.85036297] [-0.60341132  0.71593085 -0.35119481]];331.15984455297246;162.99018914914754;-20.730422613566056;331.288754460765;159.83304070180415;-20.162370940159843;368.3820855227331;369.6787724835723;370.8691924817674;368.0642830604471;370.8744318541101;-834.2371702734513;1307.597203837201;-249.9429479496301;1572.1469607744305;-825.3286932227883;1314.9378684025799;-247.8245683065388;0.01152624691500605;86.75850928528153;4.274790276013059;-330.09046206837274;-335.5403411979975;481.5988470460626;531.2553474541633;64.28605304267363;-88.48739944988002;1571.0612912863946;
77.4333333333;-164.16068168429393;-269.44066069719685;18.154692132669453;-159.5255944733671;-261.3753120055036;19.260575402235798;15.563884552029055;15.587495952178015;141.46078282691215;36.05984937211291;131.77225935966945;36.42445083212615;nan;nan;nan;nan;[5.84339785 5.53294776 0.7846325 ];[-159.85317593 -260.35131853   19.28265055];[[ 0.64194985  0.72720563  0.24304808] [ 0.45075722 -0.1015046  -0.88685667] [-0.62025666  0.67887318 -0.39295405]];327.68953143480576;168.36401991743566;-21.75866520590362;327.90904074831064;164.98707221953586;-21.138750461314704;367.6845383955074;369.0532640775093;370.23596828159646;367.14362417370745;370.2406519647375;-831.4499735230337;1271.9067600177939;-243.60044612757977;1540.4844946431667;-822.1214319185892;1280.1953095057147;-241.47214939969479;0.011344308613240501;88.14992910478924;4.20012421705535;-328.207704780953;-333.7984237672634;422.5025181798;475.6827286277558;63.338469198607434;-88.34307970530855;1538.9597272196472;
77.4375;-159.99908091597104;-263.02887204746963;18.799240811034664;-158.1529956391298;-260.68493910113546;19.172047293205413;17.095527906838285;17.126482480034504;133.83947629516078;36.05442403519247;130.4008903435622;36.14568415719099;nan;nan;nan;nan;[6.19865341 6.04226682 0.74926628];[-158.51524298 -259.52654674   19.1976213 ];[[ 0.64995544  0.71871411  0.24699789] [-0.41623531  0.06472618  0.90695021] [ 0.63585068 -0.69228647  0.34122332]];324.23162104799525;173.58995544157247;-22.76031757925013;324.5295470460811;170.04515657669842;-22.09678858894683;367.04638705083727;368.48018776309567;369.6357525162165;366.2598789814639;369.63989683685816;-828.2838592225189;1236.6074866445038;-237.1796428339146;1508.9545902458076;-818.5963287782138;1245.633945527437;-235.03208224511448;0.011157123842846827;89.62883392579089;4.124118106265952;-326.56645885634777;-332.2249009203664;365.67339289504605;421.7232151984234;62.40105426901449;-88.1932564323611;1507.1517542864121;
77.4416666667;-152.02391976296974;-249.36820985658903;20.44687481379333;-156.79483115206375;-259.97248391625425;19.079290123046476;18.623414753473835;18.662974281837375;118.1299355025351;36.43211917808423;129.03685972071563;35.86429182165922;nan;nan;nan;nan;[5.92352753 5.58553988 0.84091607];[-157.15823923 -258.68178282   19.09425322];[[-0.69178267 -0.7182595  -0.07443137] [-0.32575871  0.21842611  0.9198757 ] [-0.6444517   0.66060074 -0.38508268]];320.7876922156545;178.66962559843387;-23.735053477477148;321.1570909718284;175.0019224794229;-23.034961628519156;366.4671327830212;367.9550670287185;369.0658352245567;365.4105379410394;369.0694570701091;-824.7388273718941;1201.699383717212;-230.68053806861232;1477.6085324096375;-814.7645985943732;1211.3074989533382;-228.5164477811635;0.010965362342417734;91.19625679232335;4.0469803262931325;-325.1572776129628;-330.81191195976686;311.11147119161785;369.4379980954419;61.47528358578206;-88.03831025557831;1475.6317470306467;
77.4458333333;-152.216274175572;-250.22162488361909;20.089215906898033;-155.45104604490214;-259.2385592854647;18.982415364038058;20.14769356501958;20.19718042732169;118.92789843218976;36.11579400730969;127.6791808743666;35.58038632770299;nan;nan;nan;nan;[5.84825139 5.46226645 0.91592675];[-155.85398049 -257.95092945   18.95565766];[[-0.71952248 -0.69010439  0.07773886] [-0.22586056  0.33839229  0.91349749] [-0.65671486  0.63972384 -0.39934823]];317.3593237609324;183.60466026484397;-24.682546644446283;317.7955815210338;179.85121968069734;-23.951730034133337;365.94286196967215;367.4735905583153;368.52553172669167;364.59319265164885;368.5286488218814;-820.8148779711833;1167.1824512361566;-224.10313183171735;1446.4712387976494;-810.6206221401156;1177.2514525016081;-221.9285227563865;0.0107697128704414;92.85298615013258;3.9689477323433953;-323.9707143692182;-329.5599663399781;258.81675306988814;318.91901430715114;60.562524398125426;-87.87864693664926;1444.3940432130269;
77.45;-154.5642733586646;-256.50966887438216;19.133339712970198;-154.12157877196222;-258.48377125222515;18.881535847860768;21.668502569651586;21.729291677108762;125.4262846239746;35.57213680841327;126.32690654893928;35.29408055690163;nan;nan;nan;nan;[5.82910244 5.46393729 0.97274684];[-154.65773118 -257.43787806   18.78890522];[[-0.72757443 -0.66568931  0.16581074] [ 0.16208561 -0.40165855 -0.9013316 ] [-0.66660611  0.62891029 -0.40013515]];313.9480945069426;188.39668931767923;-25.60247082402918;314.4475711834652;184.59184682569614;-24.846418749037078;365.4706136782466;367.0316132197574;368.0126084868355;363.8055350179983;368.01523872019845;-816.5120110203749;1133.0566892012175;-217.44742412320744;1415.5537945122846;-806.1652600116985;1143.4809002466952;-215.27087466586264;0.010570696920100894;94.60114196429494;3.890177550489797;-322.99732244351907;-328.4634217820534;208.78923852966642;270.19251499566747;59.66334714773721;-87.71457202452598;1413.4329511306785;
77.4541666667;-156.20693931397108;-262.30827086707467;17.98883029613434;-152.8063612091179;-257.7087190688333;18.77676576559478;23.185970170447224;23.259481173456386;131.15780713632898;34.74131837829098;124.97912885001716;35.00548777023581;nan;nan;nan;nan;[5.78222725 5.41721151 0.98719585];[-153.33537946 -256.59217715   18.67609439];[[ 0.72956732  0.65398244 -0.20009619] [ 0.1404738  -0.42963372 -0.89201008] [-0.669327    0.62267313 -0.40531412]];310.5555832768105;193.04734263379842;-26.49449976009411;311.1149232769575;189.2248540914369;-25.718767744964268;365.0479364492726;366.62515641988995;367.5243282544876;363.0453563261589;367.52648933922796;-811.8302265194693;1099.3220976123953;-210.71341494308282;1384.8611060408268;-801.4023967228771;1110.0014215626381;-208.54574001972043;0.010368748760485434;96.44365227663043;3.8107898307816828;-322.2276551542759;-327.51410108011027;161.02892757095339;223.25409793753585;58.777949200316876;-87.54634013328193;1382.7427577921158;
77.4583333333;-154.21996944353916;-259.4093878006248;18.213389976969637;-151.505318653818;-256.91399519643574;18.668220667721155;24.70021536146548;24.787905133727993;127.65401249703082;34.65872903448586;123.63497924436173;34.714721608091416;nan;nan;nan;nan;[5.97170289 5.66836797 0.95481089];[-152.0852145  -255.86233732   18.55146833];[[ 0.72490613  0.66778835 -0.16902608] [ 0.14486116 -0.38767163 -0.91034386] [-0.67344364  0.63542854 -0.37776214]];307.1833688936502;197.55825009007563;-27.358307196512264;307.79491067374033;193.73998924693967;-26.56664706934669;364.6624154016524;366.25040788532095;367.06490507452224;362.3105462408704;367.06661667797493;-806.7695244684487;1065.9786764695768;-203.90110429132005;1354.3535944169362;-796.2777185257407;1076.8097514887825;-201.73302354394684;0.010164517109107015;98.38145671514869;3.7310549054053026;-321.65226581989754;-326.7351626599371;115.5358201935972;178.31216825064666;57.907623753842906;-87.3744407472258;1352.3177380446125;
77.4625;-151.6953636847025;-256.44090835794066;18.35356870858135;-150.21836982507725;-256.10018530502236;18.5560174641211;26.21134813983429;26.314703544146848;123.80523202352437;34.42071092883134;122.29362855990321;34.421896090257555;nan;nan;nan;nan;[6.16917339 5.91929453 0.89603581];[-150.87281524 -255.25661461   18.39309995];[[ 0.72050104  0.67651329 -0.15234177] [-0.13156497  0.34905255  0.92782163] [-0.68085895  0.64845361 -0.34049818]];303.83303018060985;201.9310415633387;-28.19356687714599;304.4890426901798;198.1384533057213;-27.389691435387416;364.31115683395063;365.90372092784503;366.63114145139934;361.59909173327395;366.63242316407104;-801.329904867347;1033.026425772989;-197.01049216796554;1324.028124915154;-790.790383381289;1043.9067592927865;-194.83255123527167;0.009958337935687974;100.41836363237604;3.6510495680479753;-321.2617077587981;-326.1182773278406;72.30991639790832;135.37176416518076;57.05242177249428;-87.19916166626807;1322.152164769355;
77.4666666667;-147.5509753979981;-250.17913890106723;18.92141390200456;-148.9454268634937;-255.26786827343804;18.440274424077526;27.719469913475137;27.840000851503333;116.32430287765384;34.34378555930694;120.95428698575869;34.12712561593058;nan;nan;nan;nan;[5.72996807 5.05630725 0.89907659];[-149.1973511  -253.65193855   18.38405443];[[-0.72018644 -0.62562769  0.29986912] [ 0.05154791 -0.47928341 -0.8761451 ] [ 0.69186292 -0.61553019  0.37742321]];300.5061459608035;206.16734693046226;-28.999952545866563;301.20663763887717;202.40639178647507;-28.18474994395706;363.989239021075;365.5816132523952;366.2229061689937;360.909075947815;366.2237792106898;-795.5113677161481;1000.4653455225179;-190.0415785729963;1293.950720767304;-784.9381646700759;1011.3804497486072;-187.85667750948582;0.009751155190709907;102.55195209616981;3.5711049056117172;-321.04653428938565;-325.6650327053748;31.351216183727644;94.6145931582084;56.2150071572282;-87.02137212869089;1292.2403202746864;
77.4708333333;-148.88806942521467;-255.9117589685473;17.665720731468312;-147.68639533122274;-254.4176161893657;18.321111176272755;29.224673904275498;29.363906650871954;121.87358735195338;33.36156080604398;119.61620407220497;33.83052496370811;nan;nan;nan;nan;[5.45413195 4.56957331 0.96898262];[-147.81347792 -252.64459819   18.25336735];[[ 0.71527296  0.58178672 -0.38718059] [-0.01774527  0.56897064  0.82216635] [-0.69861985  0.58120274 -0.41729328]];297.2042950573565;210.2687960683051;-29.777137946542275;297.94922187233607;206.54466618077387;-28.951400393924022;363.6930320020266;365.28076536390756;365.8374433783229;360.2386770166039;365.83792885752484;-789.3139130148517;968.2954357181635;-182.99436350641216;1264.1165876348264;-778.7193783141014;979.2325613915608;-180.80505436004879;0.009543291103268474;104.78565404522878;3.4912978517041817;-320.99729873007067;-325.3676992686413;-7.34028044894464;56.05073169009174;55.395435660148344;-86.84144460111696;1262.576509042744;
77.475;-147.06387726310533;-253.7666755293007;17.510069556030473;-146.44117421199437;-253.5499943493375;18.198648708790028;30.72704554637086;30.88651636744683;119.09435380401402;32.9348986879818;118.27866873069664;33.532209291592984;nan;nan;nan;nan;[6.00079785 4.95606943 0.80542532];[-146.77942779 -252.31493974   18.03489399];[[ 0.67560609  0.58918975 -0.44318376] [-0.07318791 -0.54455392 -0.83552652] [-0.73362111  0.5969225  -0.32478238]];293.92905629338304;214.23701885373922;-30.524796823043875;294.718340117477;210.55391887612527;-29.68918119123968;363.4189046204133;364.9980186274225;365.472218410162;359.586166829179;365.4723373262143;-782.737540763435;936.516696359818;-175.86884696818885;1234.5209465096248;-772.1317788760315;947.4654122687355;-173.67721777823985;0.009335043364701217;107.12323027671405;3.4117001175389214;-321.10455439926415;-325.2189052883532;-43.764573500229005;19.6936150413139;54.59377471973615;-86.65976583762406;1233.1550720063626;
77.4791666667;-146.37744863487066;-253.82872677514143;17.299859881465537;-145.20965591110465;-252.66556125872896;18.073009369112714;32.22666287941625;32.40791193102135;118.79449667660997;32.63715756201238;116.9410092338571;33.232294136991264;nan;nan;nan;nan;[6.45512963 5.50789352 0.6028167 ];[-145.64607433 -251.80506508   17.85422017];[[ 0.64166072  0.59879659 -0.47928505] [-0.18365672 -0.48675909 -0.85401159] [-0.74467559  0.63600961 -0.20236117]];290.6820084920311;218.0736451635965;-31.24260291923454;291.515562492629;214.4345803998685;-30.397589898911125;363.163222144429;364.7303730333798;365.12489493695904;358.94990976555266;365.12466818898463;-775.7822509619429;905.1291274476984;-168.6650289583749;1205.1590002034752;-765.1725595591987;916.081899938991;-166.47258775315817;0.009126685036815829;109.56880794791685;3.3323778457327506;-321.35885461537583;-325.2115948445836;-77.92166296987673;-14.439962687521303;53.810103602043704;-86.47673806475947;1203.9704025661676;
77.4833333333;-144.28471865974558;-250.97286773887845;17.76090211143122;-143.99172625543278;-251.76486863177104;17.944316864126012;33.7235969366164;33.92816244171395;115.2869426403358;32.775700839236634;115.60259321549661;32.93089541671633;nan;nan;nan;nan;[6.35654753 5.43079108 0.63363641];[-144.44730155 -251.23949596   17.6576422 ];[[-0.64776783 -0.60025257  0.46914143] [ 0.16830615  0.48783372  0.85655782] [-0.74301404  0.63380999 -0.21497679]];287.46473047641456;221.78030487474945;-31.930229978985146;288.342491524521;218.18687666307184;-31.076081786973937;362.9223448973426;364.47498471736765;364.7933134423608;358.3283613997968;364.7927618436519;-768.4480436103531;874.1327289816953;-161.38290947694614;1176.025900302772;-757.8383522076024;885.0855014729599;-159.19046827172278;0.008918464538264212;112.12692450696548;3.2533913103180714;-321.75075269681605;-325.3389858415145;-109.81154885801632;-46.32984857568943;53.04451361476333;-86.29278021267243;1175.016964591069;
77.4875;-142.44334394775026;-248.8460434921821;17.931408099171477;-142.78726449341536;-250.84846139153223;17.81269626011439;35.217912127459805;35.44732482589959;112.53070334666319;32.67033734035554;114.26282767058514;32.62812942698274;nan;nan;nan;nan;[5.86804121 4.62778627 0.74821575];[-143.07912274 -250.22942444   17.52504085];[[-0.64514615 -0.58491332  0.49159216] [ 0.13301405  0.54759158  0.82610576] [-0.75239199  0.59834761 -0.27547491]];284.27880106965904;225.35862786405696;-32.58735174616396;285.2007691652741;221.81083620442945;-31.724068382464903;362.6926278612615;364.2291632807586;364.475471093692;357.72006718112135;364.47461539043593;-760.734918708666;843.5275009618088;-154.0224885239026;1147.116714911749;-750.1252273059082;854.480273453046;-151.83004731867243;0.008710605710230872;114.8025789785743;3.174794666054132;-322.2708019619953;-325.59452802218453;-139.43423116464788;-75.9525308823451;52.297108405343494;-86.10832918956;1146.2893126923284;
77.4916666667;-141.3972928717597;-248.61640432029975;17.627972536468405;-141.59614329506363;-249.91687766993022;17.678273982763283;36.70966661494533;36.96544448131711;111.80452147776919;32.22847296148064;112.92115895527041;32.3241128434103;nan;nan;nan;nan;[5.54311101 4.14828631 0.78424081];[-141.67637794 -249.21402217   17.39611831];[[-0.64375281 -0.57649782  0.50322221] [ 0.11045879  0.58071409  0.8065792 ] [ 0.75721937 -0.57482294  0.31015708]];281.12579909487926;228.81024400838928;-33.21364196464134;282.0919742380136;225.30808890080016;-32.3412234292523;362.47147692822927;363.99036895564757;364.1687581202751;357.12366109938614;364.1676187436415;-752.6428762568534;813.3134433879366;-146.58376609921874;1118.4260801542882;-742.0331848541156;824.2662158792497;-144.39132489400717;0.008503255399103996;117.60201864633771;3.0966102702607152;-322.90955572932626;-325.968774705004;-166.78970988986015;-103.30800960748836;51.567775272657876;-85.9237805332451;1117.7821151099;
77.4958333333;-139.02871961801958;-245.3705198170307;18.019009428055057;-140.41822875195524;-248.970648807726;17.541177817158214;38.198912687304855;38.482555910698;107.82849873909574;32.25544917360735;111.5770727868689;32.018962721022014;nan;nan;nan;nan;[5.34485685 3.8469183  0.80153205];[-140.36243968 -248.39063246   17.24626939];[[-0.64708331 -0.57092838  0.50529592] [-0.08963567 -0.60118854 -0.79406409] [ 0.75713184 -0.55911817  0.33784352]];278.00730337522197;232.13678318458187;-33.80877437828129;279.01768556586495;228.68026462904282;-32.92722067120439;362.2564480454021;363.7562096545017;363.8707093324023;356.53786434115204;363.869306382897;-744.1719162549704;783.4905562602846;-139.0667422029453;1089.9487669618416;-733.562224852225;794.4433287515704;-136.87430099772695;0.008296535704914869;120.5322360521633;3.0188546923283126;-323.657567317215;-326.45227920838363;-191.87798503346733;-128.39628475111917;50.856395787786106;-85.73953592970874;1089.4901796154866;
77.5;-139.24098322243518;-247.91876667768025;16.838934570897138;-139.25338037725007;-248.01029935453676;17.401536907786667;39.68569712410925;39.998683343292065;110.12743292582606;31.152138198206902;110.23009424388421;31.712796494248295;nan;nan;nan;nan;[5.49824132 4.14594711 0.69727446];[-139.23055104 -247.83039918   17.07044402];[[ 0.63743103  0.58151913 -0.50548707] [ 0.13828881  0.55904789  0.81752166] [ 0.75799597 -0.59101688  0.27593688]];274.92489273380187;235.33987526950528;-34.37242273095425;275.97948197195353;231.9289932660162;-33.48173385218944;362.045244256356;363.52443794187235;363.5790020651638;355.9614839423186;363.5773553014086;-735.3220387029899;754.0588395787493;-131.47141683505706;1061.6797099272787;-724.7123473002363;765.0116120700087;-129.2789756298318;0.008090545683313449;123.60105722689082;2.941539202484331;-324.50539004407375;-327.03559485073345;-214.69905659556593;-151.21735631323753;50.162847215408235;-85.5560034680817;1061.4084829102264;
77.5041666667;-136.51316784448284;-244.42333311080733;17.169774375231768;-138.10145110566626;-247.0363470688163;17.259481758535248;41.17006155681175;41.513841343970725;105.76351916617698;31.068414734720953;108.87978776597933;31.405731976920617;nan;nan;nan;nan;[5.21358712 3.56295197 0.84303052];[-138.03273442 -247.1427595    16.8943418 ];[[-0.64621363 -0.56634034  0.51153353] [ 0.07729605  0.61826779  0.78215744] [-0.75923202  0.54498032 -0.35575721]];271.8801459937342;238.42115014002897;-34.904260766530285;272.9789422794048;235.05590468857912;-34.004436716075745;361.83571268370764;363.2929479625587;363.2914540082924;355.39341144316575;363.2895828399686;-726.0932436008802;725.0182933432327;-123.79778999552781;1033.6140401843247;-715.4835521981496;735.9710658345643;-121.60534879032168;0.007885363065900404;126.81724248366149;2.864670258752654;-325.44357722831654;-327.709274950464;-235.25292457622226;-171.77122429384346;49.487003849251536;-85.37359788277632;1033.5322040908827;
77.5083333333;-135.21597219738248;-242.5735049075131;17.37910873402396;-136.9622872934925;-246.0493029178649;17.11514423269112;42.65204282363093;43.02803540955823;103.5268213719482;31.077318173680574;107.52575715399067;31.097887362274747;nan;nan;nan;nan;[5.07438541 3.28293374 0.88410912];[-136.82744103 -246.37478055   16.76668306];[[-0.64188376 -0.55830143  0.52562796] [ 0.05334837  0.65130502  0.75693839] [-0.76494391  0.51390785 -0.38827764]];268.8746419781648;241.38223767299044;-35.40396222887401;270.01764531134404;238.06262877359046;-34.49500300673155;361.6258414860718;363.05977235767926;363.00602095425705;354.8326215508801;363.0039444389396;-716.4855309487036;696.3689175539319;-116.04586168440969;1005.7471229976171;-705.8758395459648;707.3216900452372;-113.85342047919663;0.007681045989213817;130.19060182744116;2.788249991501512;-326.4626821883471;-328.46387282598573;-253.53958897529668;-190.05788869293698;48.82873826463983;-85.19274077395993;1005.8567628684303;
77.5125;-136.58268174009936;-248.0261320914148;16.184670153553583;-135.83572871859928;-245.04967107783895;16.96865755294343;44.13167331884049;44.54126255232385;108.95994148644502;30.15548160219717;106.16764556994151;30.789381222953782;nan;nan;nan;nan;[4.84365503 2.95882547 0.90255349];[-135.59587706 -245.4695614    16.66692046];[[ 0.63522811  0.55210115 -0.54006442] [-0.02452803 -0.68449704 -0.72860289] [-0.77193499  0.47607575 -0.42126981]];265.9099595102088;244.22476774525936;-35.87120086185557;267.0971698908968;240.95079539790902;-34.95310646802514;361.413756819489;362.8230791973112;362.72079449483505;354.2781708147753;362.71853133844377;-706.4989007464299;668.1107122107478;-108.21563190167677;978.0746008879349;-695.8892093436822;679.0634847020275;-106.02319069645664;0.007477634726611661;133.73212741204995;2.712276685921927;-327.55325824257886;-329.28994179570867;-269.5590497928628;-206.0773495105181;48.18792249175539;-85.01386079751789;978.3778633608518;
77.5166666667;-135.68425716684123;-247.1571981146767;15.999809941489744;-134.72160858041588;-244.03794893373157;16.820156301380436;45.60898133655224;46.05351187068998;107.77290810268615;29.840929004343387;104.80513553701492;30.480332511001965;nan;nan;nan;nan;[4.48806138 2.57884635 0.92995582];[-134.59032716 -245.01148827   16.49032644];[[ 0.64680974  0.5349514  -0.54356615] [-0.01205276  0.71981321  0.69406317] [-0.76255615  0.44237534 -0.47202984]];262.9876774129917;246.95037023369454;-36.30565040934325;264.21909484118845;243.72203443839362;-35.37842084382478;361.1977198306895;362.581168955703;362.43399969436456;353.7291963189135;362.4315682549586;-696.1333529940589;640.2436773136806;-100.3071006473291;950.5924432886767;-685.5236615913014;651.1964498049349;-98.11465944210174;0.0072751534212207435;137.45414592675405;2.6367452637484616;-328.70585870942233;-330.17803517804344;-283.3113070289204;-219.82960674658682;47.56442911365038;-84.83739381559671;951.0915444536181;
77.5208333333;-133.17879745467656;-244.17835368867003;16.27955195758736;-133.61975349994574;-243.0146270793856;16.66977641949142;47.083991408960934;47.56476510718506;103.9868706317405;29.74360762352181;103.43794893957165;30.17086055786881;nan;nan;nan;nan;[4.29238646 2.56602112 0.87448522];[-133.59131084 -244.47243811   16.32868973];[[-0.65399687 -0.53404521  0.53580202] [ 0.00193982 -0.70944851 -0.70475461] [-0.75649476  0.45986795 -0.46501306]];260.109374509629;249.56067501516353;-36.70698461520662;261.3849989853445;246.3779757719031;-35.77061987799875;360.97612370693616;362.33247155251695;362.1439927658373;353.1849143962907;362.14141106048373;-685.388887691553;612.7678128626368;-92.32026792133925;923.2970039413368;-674.7791962888226;623.7205853539599;-90.12782671613186;0.007073611822109336;141.3704943313955;2.5616477665527944;-329.91103690729204;-331.1187062914004;-294.79636068350516;-231.31466040114307;46.95813229335488;-84.66378299875545;923.9942379260768;
77.525;-131.98628981090573;-244.09006280979548;16.105834858530898;-132.5299835197589;-241.98018931748663;16.517655208165696;48.5567246392122;49.07499719394993;103.3738487170347;29.413180671040454;102.06584702314113;29.861085074407;nan;nan;nan;nan;[4.25667581 3.11182633 0.8084741 ];[-132.49608109 -243.62058836   16.2098521 ];[[-0.66978503 -0.54312404  0.50636379] [ 0.0230754   0.66636761  0.74526621] [ 0.74219643 -0.5108527   0.43379025]];257.2766296232658;252.05731196650729;-37.07487722331123;258.59646114649007;248.92024927529624;-36.1293773144153;360.7474908047056;362.07554348120766;361.84925877397296;352.6446193688444;361.84654448842485;-674.265504838986;585.6831188578042;-84.25513372376172;896.1850874998179;-663.6558134362457;596.6358913491022;-82.06269251854704;0.006873007029984243;145.49672299728357;2.48697384404445;-331.1593461545902;-332.1025084541898;-304.0142107565385;-240.5325104741869;46.368908734627304;-84.49347887068707;897.0828358014584;
77.5291666667;-130.57264570180755;-241.7756396015056;16.28403335568015;-131.45211210400686;-240.93511265957727;16.363931327694687;50.027199028932365;50.584176786055984;100.67711471991107;29.36889219023923;100.68863039444007;29.551126150876666;nan;nan;nan;nan;[4.27669361 3.51991292 0.66177615];[-131.54995093 -243.03850177   16.0446637 ];[[-0.66702152 -0.56673555  0.48362496] [ 0.05800363  0.6076554   0.79207985] [ 0.74277713 -0.55638631  0.37244651]];254.4910215770177;254.4419109645937;-37.409001977526756;255.85506014775086;251.35048482543192;-36.45436689694273;360.51046987715324;361.80906504340504;361.5484093874307;352.1076823170349;361.5455798883605;-662.7632044363214;558.989595299088;-76.11169805456939;869.2540271391738;-652.1535130335707;569.9423677903618;-73.91925684934728;0.00667332526314527;149.85033106698597;2.4127112520475027;-332.44133976973103;-333.11999498482203;-310.9648572480635;-247.48315696571828;45.796638580997346;-84.32693928640441;870.3547686938294;
77.5333333333;-130.92082018495853;-245.59716378737426;15.024187454310976;-130.38594613840016;-239.87986732603605;16.208744797768787;51.49542980061656;52.09226678312149;104.25723450693309;28.223602688578914;99.30613902134449;29.24110425693898;nan;nan;nan;nan;[4.29239996 4.13670682 0.62689645];[-130.44255087 -242.01253362   15.99077559];[[ 0.69024757  0.59903818 -0.4058467 ] [-0.04565799 -0.52371576 -0.85066865] [-0.72213131  0.60570212 -0.33414266]];251.75412919400998;256.7161018862817;-37.70903262172149;253.16237481225212;253.6703122991689;-36.745262369449286;360.26383341814477;361.5318377061529;361.240180700387;351.57354988248176;361.2372530499304;-650.8819864835596;532.6872421864886;-67.88996091376222;842.5017753706501;-640.2722950807978;543.6400146777388;-65.6975197085326;0.006474543659326978;154.45103973612697;2.3388463662471217;-333.7475710711251;-334.1617192017075;-315.64830015808036;-252.16659987573726;45.24120625776563;-84.16462933472259;843.80809732421;
77.5375;-128.98447635125962;-242.24699130393935;15.595188477152831;-129.33128593022357;-238.81491674609143;16.052236997479493;52.96142971490499;53.59922483960045;100.40681792037435;28.48425665702898;97.91825223290837;28.931140241660426;nan;nan;nan;nan;[4.7548419  5.53090243 0.56810236];[-129.31117683 -240.84413811   15.95209754];[[-0.70813074 -0.70600188  0.01059292] [ 0.17321823 -0.18824539 -0.96672598] [ 0.68450443 -0.68273349  0.25559474]];249.06753129735904;258.8815146084372;-37.97464289976453;250.5199839631194;255.88136157336604;-37.00173747580325;360.0064751386418;361.24278159692557;360.92343114184774;351.04174310690894;360.9204221142197;-638.6218509806579;506.776059519918;-59.589922301311816;815.9270107734052;-628.0121595779267;517.7288320112332;-57.39748109610296;0.006276632134646899;159.3211101985757;2.265364719492435;-335.0685933771873;-335.21823442325666;-318.06453948659316;-254.58283920424384;44.702501261560684;-84.00702115581575;817.4416198679717;
77.5416666667;-127.90398917338815;-240.2504394857349;15.80342079162682;-128.28792520832852;-237.74071755781463;15.894550665318286;54.42520938297291;55.1050038643708;98.14350190365882;28.51836865613921;96.52488871935418;28.62135533351068;nan;nan;nan;nan;[5.16064479 6.74558109 0.45673773];[-128.20727644 -239.68118884   15.89746919];[[-0.62961514 -0.672899   -0.38831908] [ 0.4090717   0.13779333 -0.90203844] [-0.66048855  0.7267874  -0.18850717]];246.43280671020858;260.9397790079044;-38.20550655552236;247.9294664234779;257.98526252488216;-37.2234659598729;359.73740758938123;360.9409331496347;360.59713948926895;350.511856310293;360.594065589232;-625.9827979277;481.2560472995533;-51.21158221727481;789.5292639919264;-615.3731065249575;492.20881979084487;-49.019141012058384;0.006079555327461974;164.4857141907892;2.192251572504188;-336.39496000631897;-336.28009396787974;-318.21357523358574;-254.73187495123793;44.18041890191618;-83.85459366459156;791.254998415162;
77.5458333333;-129.20147004860092;-244.1017708655629;15.111991873593823;-127.25565112314737;-236.6577196081343;15.735829899178826;55.88677757413156;56.60955251016205;102.17571608402125;28.06184682954876;95.126006532092;28.311871140366833;nan;nan;nan;nan;[5.08366765 6.97969812 0.45054131];[-127.05988116 -238.32038668   15.87256447];[[ 0.62378144  0.66185212  0.41575051] [ 0.41405069  0.17133296 -0.8939838 ] [ 0.66291685 -0.72979229  0.16716601]];243.8515342556747;262.89252496154944;-38.401297332864196;245.3924010164532;259.983645030576;-37.410121565526495;359.45575994209884;360.6254429132149;360.260403001359;349.98355601100286;360.2572804843273;-612.9648273246446;456.1272055253051;-42.754940661623024;763.3090671527443;-602.3551359218905;467.079978016574;-40.56249945639887;0.005883274662904786;169.97336641533983;2.1194925304004255;-337.71722427693487;-337.337851153987;-316.0954073990699;-252.61370711671958;43.67486099912989;-83.70783217061778;765.2489085966959;
77.55;-127.45809925342945;-240.7602910045938;15.506857456042539;-126.2342442466722;-235.5663659528144;15.57622015635369;57.34614151888936;58.112815653558954;98.41519160200451;28.173439153801404;93.7216030836909;28.002809649507018;nan;nan;nan;nan;[4.96861229 7.18538029 0.47079883];[-125.89899006 -236.91039069   15.82584896];[[ 0.65313181  0.67930288  0.33461386] [ 0.32610527  0.14648984 -0.93391439] [-0.68342826  0.71908854 -0.12584707]];241.325292756883;264.74138234623143;-38.56168897565833;242.91036656517062;261.8781389673065;-37.561378036632306;359.16077593999074;360.29557353295945;359.9124356833002;349.45657989043144;359.9092805768801;-599.5679391714922;431.38953419717365;-34.2199976343564;737.2681318706651;-588.9582477687252;442.3423066884205;-32.0275564291244;0.0056877505837541805;175.81642958400496;2.047074220699697;-339.0259395074456;-338.3820592999892;-311.7100359830457;-248.22833570068886;43.18573654240078;-83.56722788536555;739.4252174055872;
77.5541666667;-124.96884655611424;-235.83865811626742;15.84540808077277;-125.22347857246896;-234.4670928564692;15.415868253536564;58.80330720755393;59.614734866177585;92.90911351241527;28.10723465360093;92.31171514789803;27.694293227614715;nan;nan;nan;nan;[5.00204078 7.54443408 0.47905045];[-124.8366081  -235.58671479   15.75331581];[[ 0.67118379  0.68665721  0.27931022] [ 0.2580066   0.13684168 -0.95640313] [-0.69494238  0.71398616 -0.08531618]];238.85566103695032;266.48798103881467;-38.68635522777336;240.48494189275561;263.6703742119324;-37.67690911705862;358.85181202668826;359.950697913411;359.5525666960872;348.93073580422083;359.5493948228598;-585.7921334681945;407.0430333150763;-25.606753135445516;711.4095623023935;-575.1824420654618;417.99580580638417;-23.414311930235;0.005492945005791171;182.05170431266058;1.974985052627466;-340.3116590162657;-339.4032717242963;-305.0574609854866;-241.57576070314568;42.712962311922006;-83.4332773076139;713.7871954649347;
77.5583333333;-124.83676717959258;-236.6392210482174;15.541183380983838;-124.22312151567041;-233.3603297925553;15.254922366821113;60.258279684645274;61.11524887783539;93.5794870232663;27.800387242267643;90.89641885962895;27.386444620776544;nan;nan;nan;nan;[4.92212197 7.54995792 0.52768542];[-123.8740826  -234.3670677    15.66386026];[[ 0.69386739  0.70214711  0.1598045 ] [ 0.16579782  0.06018301 -0.98432164] [-0.70075611  0.70948393 -0.07465543]];236.44421791901902;268.1339509161463;-38.774969833076746;238.11770582233356;265.3619806413126;-37.7563885506737;358.5283356617175;359.5902975704363;359.1802389202024;348.40590084220844;359.17706592157;-571.6374102148459;383.08770287917946;-16.915207164949024;685.7381113393047;-561.0277188121006;394.04047537046534;-14.72276595973066;0.005298824071845958;188.72111744816408;1.9032160829602174;-341.5649361217969;-340.39204174531886;-296.13768240643776;-232.65598212409012;42.25646346823121;-83.30648147800488;688.3397715429609;
