dt;xt_20;yt_20;zt_20;xt_avg_20;yt_avg_20;zt_avg_20;xxt_20;xpt_20;xp_20;wd_20;xp_avg_20;wd_avg_20;disSTL_20;disSTL_avg_20;disSTLz_20;disSTLz_avg_20;PCAsigma_20;PCAmu_20;PCAwt_20;vxt_20;vyt_20;vzt_20;vxt_avg_20;vyt_avg_20;vzt_avg_20;vavg_20;vv_20;vv_avg_20;vvt_20;vpvt_avg_20;axt_20;ayt_20;azt_20;aavg_20;axt_avg_20;ayt_avg_20;azt_avg_20;curvature_20;curveRadius_20;turnRate_20;vxp_20;vxp_avg_20;axp_20;axp_avg_20;thetaToR_20;psiToR_20;aa_20;
81.0791666667;-117.03038448284997;-213.8848708176779;16.20380559178264;-119.72425680930314;-214.68478726304383;16.29940363616706;0.0;0.0;69.6782877032072;27.086780588047535;67.1707901385424;27.54805844665007;nan;nan;nan;nan;[nan nan nan];[nan nan nan];[[nan nan nan] [nan nan nan] [nan nan nan]];;;;;;;;;;;;;;;;;;;;;;;;;;;;;
81.0833333333;-113.42302475886176;-208.6425948618671;16.8276767748103;-117.59698379842118;-213.9300074058871;16.08966802752887;2.266930109449162;2.266930109449162;63.41406928978709;27.15142770185127;66.67961933494665;27.048881585638743;nan;nan;nan;nan;[nan nan nan];[nan nan nan];[[nan nan nan] [nan nan nan] [nan nan nan]];484.13117220448294;182.6758557487449;-44.917567674918466;468.1310563682788;183.94420069037335;-41.828340447810646;504.7095847799196;519.3948864394546;504.8676915375542;519.4366742883257;504.9605091392177;-4140.604572563743;265.6323980990165;834.9050835849526;4123.638400241125;-4035.638187145146;289.3475905002032;796.4270526989613;0.00711725916435942;140.5035248691838;3.593934811310696;-143.2360130896751;-157.08063002562542;-3861.3906824522505;-3627.0274000825966;68.62592205464102;-88.13483798013745;4232.28464258391;
81.0875;-113.99858516866938;-213.63897250508353;15.924111970378476;-115.54350990595204;-213.17108650187063;15.895145154358003;4.464679113258953;4.464782496164927;68.1688419873988;26.40692208536619;66.11704487126906;26.574431357890646;nan;nan;nan;nan;[1.7800059  2.60053061 0.76374732];[-113.78930467 -212.48779776   15.87989153];[[-0.02169977  0.70289941  0.71095818] [ 0.91881591  0.29433414 -0.26295386] [ 0.39408938 -0.64753365  0.65222215]];467.106287755372;183.83696266002076;-41.523471264057605;461.27617370062035;184.71240145774922;-40.63488052108643;498.54345165806416;503.69485957917345;498.97882765341893;503.6672394270891;499.07141014557783;-4031.5145155394825;291.50954151072153;794.3893007963526;4073.8026125201886;-3987.37735405948;298.6315746807235;779.4284731222267;0.007342329371943176;136.1965596124362;3.6643466734089754;-158.80990513069526;-161.97199381938063;-3614.8314886879957;-3523.2079203390813;68.25329031215475;-88.13061332439885;4119.361778603216;
81.0916666667;-111.797947535587;-210.40587705734913;15.94496512056152;-113.56192302475426;-212.40755556818326;15.71511827315253;6.595569061855321;6.5959971105079305;64.32710822188706;26.08926513528829;65.48742582984735;26.123738667214013;nan;nan;nan;nan;[2.96249644 3.16068107 0.72256447];[-112.30646832 -211.56556193   15.76923249];[[-0.50771845 -0.74579408 -0.43129243] [ 0.66792936 -0.02455961 -0.74381933] [ 0.54414368 -0.66572368  0.51060713]];450.53376330399703;185.10352377963912;-38.29658927523313;447.9345199416442;186.15290660725594;-38.28265945363686;486.5838065621627;488.58020338795694;487.47471498986766;488.449326208865;487.56680412772755;-3923.471773650243;316.25041810351377;754.6421610074144;3977.609177806368;-3894.071723170821;316.81322048066005;746.4647141690999;0.0078049409528436545;128.1239673742387;3.8054301167836013;-173.3658920907461;-171.71252249537284;-3372.7962435865597;-3321.922888244709;67.50696686475489;-88.12730378891064;4007.883465964395;
81.0958333333;-112.69658139865335;-215.8666735693339;14.49889817139524;-111.65032923021953;-211.63896534886027;15.54888398490501;8.661906108480878;8.663013220539934;69.69349350341452;24.856551355520608;64.79504275223805;25.695850334360603;nan;nan;nan;nan;[2.83246853 3.87883127 1.13077556];[-111.78737536 -212.95242194   15.27380251];[[ 0.12888473 -0.6768268  -0.72477184] [-0.90857634 -0.37344047  0.18716635] [ 0.39733834 -0.63438766  0.66307959]];434.4092350372954;186.47080466252137;-35.23371902927979;434.47331728599454;187.7276609575921;-35.98222486817289;474.6614147248214;474.05079836849825;476.09086556872654;473.7789680752972;476.18233567409305;-3816.4763468960246;339.85502787739296;715.6636642181377;3878.732323783263;-3797.9431275117918;334.5636839292449;712.9232645542947;0.008300543319835213;120.47404145345182;3.9525721054031218;-186.92282375592268;-180.94008728786957;-3135.284947147942;-3116.9318227101976;66.70296174680296;-88.1239850760559;3897.8414060441837;
81.1;-110.48531586746822;-212.5181509652677;14.980798256000739;-109.80685278030118;-210.86488631479423;15.39575223510522;10.66598011359216;10.668269589481541;65.76552387038483;24.992740396367555;64.04409763922419;25.28982909703228;nan;nan;nan;nan;[3.90232633 3.93880134 1.03054554];[-110.40592541 -212.11812784   15.21544317];[[ 0.23466535  0.75410502  0.61339856] [-0.83274562 -0.16957108  0.52704875] [ 0.50146476 -0.63448505  0.58818519]];418.7283391421521;187.93407086359372;-32.331657847022704;421.061104387964;189.36577660899403;-33.73216184828672;462.91436543068994;460.1064801665418;464.8814353214926;459.65207667326723;464.9722071159387;-3710.528235276468;362.323370832434;677.4538104283935;3779.2430283140425;-3700.992688627308;351.88808994892105;679.3421508633227;0.008826056470506586;113.30088396121529;4.103870957221359;-199.49954991236137;-189.78485155400847;-2902.297599371357;-2911.5919186563947;65.85338457989592;-88.12298922233802;3789.2270550996577;
81.1041666667;-106.71343903263673;-206.0017937678146;16.00437151009872;-108.02963611550105;-210.08490866372944;15.255046313739006;12.610064175778163;12.614204420381947;58.35116496987718;25.412702695847006;63.23871395081058;24.904753609878053;nan;nan;nan;nan;[5.36989083 5.34160121 0.96726612];[-108.72800756 -210.49095363   15.28955467];[[-0.56105089 -0.71971895 -0.40893341] [ 0.60562916 -0.02012637 -0.79549246] [-0.56430065  0.69397375 -0.4471747 ]];403.48671180561126;189.48858793776748;-29.587203049316397;407.7829295066356;191.08418288468363;-31.563456623543736;451.43807364880877;446.74696881639267;453.97009338121666;446.0644230819156;454.0600590097228;-3605.627438792296;383.65544696848366;640.0125996384426;3679.2915635464306;-3603.36299447839;368.52853916634376;645.8701536900342;0.009377070815240857;106.64311059426656;4.257753327706613;-211.1149203460716;-198.05101264869683;-2673.8342002583922;-2706.769806430836;64.95823315226617;-88.12349797481669;3682.0316208659096;
81.1083333333;-111.03902893893074;-219.3704273164745;13.293340408774938;-106.31683985889339;-209.29864232027265;15.126102855290139;14.496414085872436;14.503255027162739;72.37840509934686;23.496367903132565;62.382936606234885;24.539718444499258;nan;nan;nan;nan;[6.46165594 6.29112604 0.91213429];[-107.12220896 -208.98559004   15.32009501];[[ 0.60559913  0.70744306  0.36438167] [ 0.51642017 -0.00100491 -0.85633474] [-0.6054419   0.70676963 -0.36594644]];388.6799892145561;191.12962143996856;-26.997151956985437;394.7797994237473;192.87695883233633;-29.507307918681384;440.3672246001884;433.9717875869371;443.5030644972386;433.01161839088746;443.59209667173803;-3501.773957443145;403.8512562856203;603.3400318481532;3579.66712598834;-3505.8284584356247;384.2132062293355;612.8325750671943;0.009945412889043147;100.54886721713677;4.411706555716777;-221.78778484319278;-205.5786543722905;-2449.8947498082466;-2504.429864660383;64.02422070700457;-88.12497424438347;3576.246059803636;
81.1125;-108.90207106653664;-216.24243663281015;13.786254794280936;-104.66664281608863;-208.50571693587722;15.008271838737462;16.327267701457412;16.33785718942083;68.71075767742875;23.656578140271783;61.48073198395128;24.19383408944171;nan;nan;nan;nan;[6.41209425 6.32705252 0.89317596];[-105.73972097 -208.24213852   15.21773357];[[ 0.59844831  0.70035136  0.38905988] [ 0.52987746  0.01823528 -0.84787815] [-0.60090723  0.7135653  -0.36018753]];374.303807555924;192.85243692511833;-24.558301890864602;382.0130574184161;194.53832757200072;-27.429636956172608;429.5713234332857;421.7801713814695;433.0509339172963;420.48909373551885;433.139137698043;-3398.9677912290144;422.91079878384403;567.4361070575256;3483.7546717527803;-3411.65065394781;400.07677156230807;580.6246681231204;0.010543496051357818;94.84520078814062;4.566800788007846;-231.5369931898201;-213.45191817067627;-2230.4792480209207;-2307.307642670717;63.0722762578562;-88.13756540001148;3471.8610751487213;
81.1166666667;-104.83661027341812;-208.9936530584729;14.898987500655537;-103.07724197525776;-207.70578188885358;14.900916587556836;18.10484423912655;18.120444147256723;60.547827628487084;24.11523681044857;60.53598792164119;23.86622695020099;nan;nan;nan;nan;[6.45515308 6.35948546 0.84911225];[-104.6071632  -208.03972912   15.01475822];[[ 0.60313618  0.6953781   0.39073784] [ 0.51576816  0.033678   -0.856066  ] [-0.60844881  0.71785451 -0.33834146]];360.35380301660575;194.65229994814405;-22.267450171781054;369.3453990782405;196.2811793045647;-25.425315841771983;419.03313932803604;410.17096503870886;422.85461352540176;408.4920799146713;422.94189400594416;-3297.208940149561;440.83407446321405;532.300825266441;3387.214986187638;-3316.6147207166932;415.330044701471;548.4460875489264;0.011166204992091743;89.55594140607587;4.722655888213911;-240.3813951720772;-220.78916589631635;-2015.587694895688;-2110.223053725899;62.068576591229366;-88.15313232980436;3368.8671159292353;
81.1208333333;-103.54219099950082;-207.73395569956148;15.006664771059732;-101.54685250712119;-206.89850628436398;14.803413769720342;19.831343482589524;19.853445193209513;58.96124029213787;24.032645855100732;59.55251371620722;23.556039349220097;nan;nan;nan;nan;[6.46866368 6.3721695  0.823546  ];[-103.25629886 -207.22566762   14.91568022];[[ 0.59051035  0.68618305  0.42479448] [-0.5443866  -0.04989261  0.83734937] [-0.59576905  0.72571589 -0.34408675]];346.8256117836335;196.52447606395484;-20.121394120585137;356.42014889126546;198.12188781626222;-23.41916669556326;408.4557042523289;399.1425123720343;412.57958993814646;397.01558673405555;412.6658379233751;-3196.4974042054773;457.6210833236081;497.9341864751392;3287.834964574504;-3218.5097655147024;430.52213148225104;515.4651664944045;0.011832603063923657;84.51225775069673;4.882911058188752;-248.33984057599892;-227.94575396521506;-1805.2200904340143;-1908.119248710004;60.98418077820206;-88.17454145540081;3267.254377157568;
81.125;-101.23915834849365;-203.88234682588825;15.48756273012043;-100.07370776496917;-206.08357895443334;14.71515339769754;21.508944905084853;21.53928382061951;54.625231385624815;24.148178171187705;58.534040123786724;23.26242952589358;nan;nan;nan;nan;[6.50858699 6.46580574 0.79616508];[-102.00645424 -206.62774715   14.79485825];[[-0.59132806 -0.67939686 -0.43445487] [-0.53985336 -0.06671432  0.83911117] [ 0.59907385 -0.7307319   0.32732463]];333.71487004389684;198.46423082747776;-18.116931058103578;343.77247433766513;200.0143725204915;-21.512779876604956;398.3064938273362;388.6925373573841;402.7090036551426;386.05438223798615;402.7941160157342;-3096.833183396415;473.2718253650892;464.33619068349907;3189.19981193801;-3120.8703037804944;444.8568908505919;482.9765357750073;0.012511006013320437;79.92962347994258;5.03935960760294;-255.43117918771196;-234.4700196065762;-1599.37643463516;-1708.8820321484948;59.85686304059788;-88.20009897097499;3167.0128014341904;
81.1291666667;-97.75976045364415;-199.20064406608702;15.90677309157816;-98.65605928463073;-205.26070845793294;14.635538828453518;23.13980670537031;23.180375392547358;49.23110335604038;24.035260361063806;57.48421935973163;22.98457163656125;nan;nan;nan;nan;[6.42360591 6.22526432 0.81453307];[-100.53255282 -205.50151195   14.76540048];[[-0.61554319 -0.70224416 -0.35771458] [-0.48824519 -0.01650143  0.87255048] [ 0.61864628 -0.71174493  0.33270999]];321.01721398429015;200.466829793641;-16.25085830516495;331.41493281260904;201.95084286375257;-19.70501953140459;388.59784922114443;378.8180195257384;393.24608448010844;375.6029720094957;393.3299560038819;-2998.2162777220387;487.7863005877051;431.5068378914099;3091.463739039578;-3023.8488984265814;458.32537921738214;451.025205555255;0.013195710394886515;75.78220270638185;5.19026818906068;-261.6742607933314;-240.37713750424274;-1398.056727498445;-1512.790028590368;58.688467770911615;-88.23015930442963;3068.132082258761;
81.1333333333;-96.77955144795179;-198.25146272238015;15.854796516606143;-97.29217678449;-204.42962308058833;14.563986763449991;24.72606475707063;24.779124302361666;48.08611515464335;23.840449259160025;56.406625098618065;22.721655754511545;nan;nan;nan;nan;[6.4743987  6.41551294 0.81250192];[ -99.07854626 -204.3499637    14.7508279 ];[[-0.61368818 -0.69750893 -0.36995691] [-0.48932637 -0.03173043  0.87152331] [-0.61963418  0.71587322 -0.32183693]];308.7282797918376;202.52753851735207;-14.519973182616747;319.3637694024356;203.92829170753873;-17.99844232462154;379.34668746649123;369.51506629953343;384.20511851070484;365.65557873680905;384.2876399853845;-2900.646687183023;501.16450899135646;399.4461280990956;2994.722785268563;-2927.5445172655004;470.8913944755208;419.65337439880926;0.01387936942299494;72.04938275821297;5.333670120048033;-267.0879351789095;-245.65496458340945;-1201.2609690252443;-1320.0978356210856;57.48111186827118;-88.2646787160527;2970.6016693915312;
81.1375;-96.58948459497078;-200.14999075518585;15.182417965269067;-95.98034816549945;-203.59007083498804;14.499927248645918;26.2698314721186;26.33792060724953;49.88670341925374;23.177623525448542;55.30475247425782;22.472887869984;nan;nan;nan;nan;[6.67342449 6.76546141 0.74310484];[ -97.83726776 -203.645975     14.64379159];[[-0.61226076 -0.68075488 -0.40213127] [ 0.47880787  0.0855013  -0.87374628] [-0.62918979  0.72750417 -0.2736017 ]];296.84370365343267;204.64162255353887;-12.9210730112871;307.62186105253755;205.94268288549497;-16.39180658236388;370.55672892896695;360.77878569532743;375.58432566256675;356.2061222602301;375.66538598205625;-2804.124411779027;513.4064505760952;368.15406130644266;2899.0168166957938;-2831.999708964154;482.54709720137873;388.8758810912343;0.01455468135152547;68.70641657126973;5.467689987766652;-271.69105213056423;-250.3127189237822;-1008.9891592148607;-1130.8961447747388;56.23653733127301;-88.3037235871563;2874.4107766783522;
81.1416666667;-96.29306471774811;-202.7330980496597;14.668383907700246;-94.71887951115194;-202.74181946056677;14.442803674496044;27.773194579874602;27.859136128742964;52.35601473248293;22.66808026169904;54.182018079676276;22.237489890163882;nan;nan;nan;nan;[6.09212732 5.44780575 0.67419959];[ -96.29497233 -202.18808954   14.69199276];[[-0.70298215 -0.71054657 -0.03065393] [ 0.23405132 -0.19042902 -0.95339224] [-0.67159219  0.67739232 -0.30017257]];285.3591217560127;206.80434745712267;-11.450955112010758;296.1860014003309;207.9896683540954;-14.882211945786048;362.2255233966302;352.60316344228465;367.37416558907955;347.24820032688376;367.45365392391886;-2708.6494515100526;524.5121253419206;337.6306375134517;2804.360288443442;-2737.230693254818;493.2978838902794;358.69479652164995;0.015214090558960416;65.72854263780131;5.590473167019402;-275.50246143439074;-254.36891692922174;-821.2412980672975;-945.1991580947803;54.95641789083106;-88.34740114252725;2779.548392848045;
81.1458333333;-96.43465821392068;-205.60645378454825;13.783046634162758;-93.50609508749949;-201.88465642361643;14.392072775951883;29.238215824284485;29.345120029811557;55.208739631987584;21.852515994848925;53.04175996712713;22.014699639185793;nan;nan;nan;nan;[5.62080828 4.28651445 0.64204614];[ -94.7490279  -200.73663288   14.72259247];[[ 0.69324937  0.60035385 -0.39872366] [-0.03826547 -0.52180452 -0.85220643] [ 0.71968122 -0.60604892  0.33876783]];274.27017028647816;209.01097878303227;-10.1064168056181;285.0877975599615;210.07812843853807;-13.483073755254443;354.38632259684925;344.9809490703273;359.6251240295709;338.7750702936077;359.70291617535713;-2614.221806375781;534.4815332888656;307.87585672002206;2710.7176806648995;-2643.220798781217;503.01956759178466;329.1587273329538;0.015844768557641505;63.112313465615564;5.699409456307256;-278.5410128764929;-257.73295766648323;-638.0173855819362;-763.2804974462412;53.64446171850621;-88.39408466355806;2686.0032958856464;
81.15;-93.73562003132862;-201.42805009136094;14.437941916027839;-92.34033734314465;-201.01838891728056;14.347204632461333;30.666929582600936;30.798193896260518;50.642016791466325;22.083477530533404;51.88723764808467;21.803770858132097;nan;nan;nan;nan;[5.40570993 3.93168867 0.64660346];[ -93.43707534 -199.77326708   14.68594628];[[ 0.69034826  0.58687515 -0.42308018] [-0.03789339 -0.55465341 -0.83121819] [ 0.72248416 -0.58986198  0.36066533]];263.5724854318417;211.25678208617367;-8.884255412953028;274.32408167759905;212.2037699492145;-12.19170088814962;347.0342624863765;337.90355583859434;352.32868806404235;330.77963202599005;352.40465865540403;-2520.8414763768524;543.3146744168615;278.8897189263567;2618.0846893657713;-2549.972352910317;511.70962326851895;300.26938162070036;0.01643731347911871;60.837192237670656;5.7925858458207005;-280.82555624294537;-260.4206051049043;-459.3174217600259;-585.1502160483712;52.30356177715544;-88.44333041613287;2593.7640717269082;
81.1541666667;-93.05027824487803;-201.43707001802852;14.132635580644816;-91.21996690925621;-200.1428438615659;14.307682667969253;32.061341410066795;32.22064636977065;50.55716804657484;21.69082050067544;50.721632093259615;21.603973205035697;nan;nan;nan;nan;[5.13411326 3.44119664 0.67619388];[ -92.15268339 -198.94965765   14.60541262];[[ 0.68665613  0.56142642 -0.46184818] [-0.02854468 -0.61398358 -0.78880248] [ 0.72642175 -0.55481937  0.40556985]];253.26170337900254;213.53702292147568;-7.78126825484549;263.93051452304434;214.3599432806314;-11.013309128860453;340.1922908556898;331.3609794351993;345.51160225896433;323.25441224802785;345.58562703867807;-2428.508461512946;551.0115487259445;250.67222413235302;2526.6927629162783;-2457.7324327249953;519.3054960825943;272.1202106488633;0.01697917054210359;58.89569207873141;5.86775729838952;-282.37494131985466;-262.41079444196515;-285.1414066009339;-411.37632965915;50.941463188545285;-88.49384545935975;2502.8191381761485;
81.1583333333;-90.58806007900759;-198.97314543804674;14.057031548240332;-90.14336259954547;-199.25786790332492;14.27300365091657;33.423426516148346;33.61472740062073;47.83892807712157;21.254740332338848;49.54804573257551;21.414592254875753;nan;nan;nan;nan;[5.26926635 4.14676355 0.64698275];[ -90.78137729 -197.88559581   14.57718021];[[-0.72240432 -0.65758901  0.21379592] [ 0.09865982 -0.40404951 -0.90940103] [-0.68439626  0.63586216 -0.35676472]];243.33346031489802;215.84696684385946;-6.794252652130236;253.9048850000948;216.54253698092003;-9.945543357047967;333.85217504415243;325.3417401343043;339.1647862319944;316.1915505973109;339.23674289475565;-2337.222761784061;557.5721562161148;223.22337233801105;2436.5349025658197;-2366.505692959184;525.8021359592601;244.71463060855203;0.0174607471581821;57.27131782739321;5.923326994450557;-283.2080178933161;-263.71723707777994;-115.48934010466056;-241.9789447170784;49.562513430193945;-88.54462392286317;2413.1567751696025;
81.1625;-88.67521740982788;-195.24492723349744;14.762209645932032;-89.10892141028211;-198.36332741626757;14.24267769424089;34.75512817879791;34.98264220815726;43.98679874796007;21.645778988030138;48.36950245518442;21.23492949958063;nan;nan;nan;nan;[5.35086507 4.34354875 0.55429579];[ -89.72582391 -197.43366411   14.44955328];[[-0.7173816  -0.6822304   0.14115709] [-0.11582598  0.3165879   0.94146505] [ 0.68698471 -0.65904005  0.30613434]];233.7833924264336;218.1818794082542;-5.920005925639215;244.24560045624168;218.7475397147267;-8.986258219763881;328.00480531581894;319.83285251313606;333.2790985599157;309.58278763862813;333.34886829879;-2246.984377189891;562.9964968873886;196.54316354324087;2347.6049229125724;-2276.2983399247964;531.1928094655153;218.05719642124618;0.01787292078728401;55.9505640908713;5.957917917635044;-283.34363574942364;-264.35235980980804;49.638777729348675;-76.98486980682546;48.17148091539069;-88.59443754408765;2324.765162759133;
81.1666666667;-88.09426153286094;-195.44196331447722;14.398826869864095;-88.11505852028698;-197.4591085009552;14.216228255376247;36.05835610446137;36.32654505573753;44.15621525675122;21.212128196486635;47.18894760945898;21.064302348026523;nan;nan;nan;nan;[5.36830437 4.49768074 0.43069665];[ -88.70506758 -197.05783994   14.31204351];[[-0.71128742 -0.7001894   0.0616848 ] [ 0.12166334 -0.20907274 -0.97030233] [ 0.69229202 -0.68265906  0.23389819]];224.60713590061195;220.53702616956508;-5.155325396213134;234.95166728794507;220.97101922123477;-8.133503897320976;322.6400954356174;314.81982591497035;327.8453539295935;303.41945508036446;327.91282290966154;-2157.7933077310513;567.284570739729;170.63159774822483;2259.8973172911983;-2187.1181315117196;535.4690998101088;192.153601738795;0.0182073617478333;54.922839115831884;5.970427388469407;-282.8006446742717;-264.3273886096806;210.24294689996768;83.57238434077324;46.773520558367444;-88.6418212783827;2237.632428536551;
81.1708333333;-87.90459755278253;-197.50214537374393;14.016357925034015;-87.1602072909454;-196.54511698481278;14.193192136253481;37.3349847424552;37.64853296208907;46.21008290201069;20.839149745992017;46.00924800300854;20.902044126039808;nan;nan;nan;nan;[5.35383164 4.77339758 0.3652982 ];[ -87.58865065 -196.35596494   14.23776131];[[ 0.69436909  0.70975101  0.11876472] [-0.20909206  0.04107073  0.97703311] [-0.68857249  0.70325436 -0.17692155]];215.8003269243371;222.90767268272134;-4.49700838468355;226.02267154590962;223.20910127218647;-7.38551186916347;317.74690671831394;310.2866976296114;322.8543479000507;297.6924684262899;322.9194086110134;-2069.6495534072337;570.4363777731564;145.4886749528704;2173.407114247375;-2098.9743771878216;538.620906843539;167.0106789434178;0.018456848913762567;54.18042942608357;5.9600747360550335;-281.59789445395717;-263.65243240002786;366.32316740776804;239.65260484871493;45.37412813567776;-88.68506271694444;2151.7467066421323;
81.175;-85.7129045274086;-194.47058682878628;14.245250473308019;-86.24281926618698;-195.62127842211072;14.173119483299658;38.586851563462105;38.95063948204132;43.15902292208796;20.731916591783268;44.83319190265493;20.74750407639352;nan;nan;nan;nan;[5.27390699 5.01427219 0.34729256];[ -86.39603666 -195.28735757   14.20155958];[[-0.67162197 -0.69855054 -0.24688271] [ 0.28712214  0.06178154 -0.95589953] [ 0.68299693 -0.71288862  0.15907549]];207.35860168454647;225.28908450264413;-3.9418522118852275;217.45875954035904;225.4579486299047;-6.740680679737407;313.31299921526175;306.21609932769746;318.2968866897691;292.3923222766326;318.3594391351908;-1982.5531142184361;572.4519179876712;121.11439515717733;2088.129724815073;-2011.877937998947;540.6364470580542;142.63639914770357;0.018615557988690766;53.71850796025105;5.926438600468213;-279.7542348745748;-262.33656683130636;517.8794392527507;391.2088766938295;43.97908443580716;-88.72219644414466;2067.096211069836;
81.1791666667;-85.1573219777099;-194.543165968094;14.349294653545755;-85.36136417249912;-194.68753809397683;14.155573787438472;39.815755312672025;40.234828694741346;43.24396638670968;20.763036385835502;43.66348903444863;20.60004735880974;nan;nan;nan;nan;[4.81956713 4.31246124 0.40500908];[ -85.24703082 -194.27506789   14.16824669];[[-0.70469721 -0.67694294  0.21248551] [ 0.02005897  0.28035459  0.9596869 ] [ 0.70922456 -0.68055092  0.18398632]];199.27759636815063;227.6765271842628;-3.486654198651525;209.25556745823081;227.71282684931063;-6.195807649877521;309.32088849026115;302.5893557322446;314.1569548850601;287.50908847012283;314.2169085265566;-1896.5039901643693;573.331191383274;97.50875836106684;2004.051950051602;-1925.8288139450954;541.5157204536546;119.03076235165236;0.01867989275326936;53.53349792787112;5.869538152539926;-277.2885157222104;-260.398641689611;664.9117624354072;538.2411998761171;42.593809768636795;-88.7513161615262;1983.6693266972334;
81.1833333333;-84.27631176485335;-195.37981428028166;13.798659803528935;-84.51432991892086;-193.74386100839035;14.140131884090081;41.02345424910265;41.502989536659626;44.11832050838992;20.113950635690774;42.50277058366077;20.459055049958486;nan;nan;nan;nan;[4.45728085 3.92267148 0.49436534];[ -84.2835323  -193.58591851   14.07080706];[[-0.70070776 -0.65875491  0.27395366] [ 0.03840037  0.34860525  0.93648267] [-0.71241424  0.66672059 -0.21897397]];191.55294716214206;230.0652662824823;-3.1282116658202668;201.40873148646236;229.96900148532552;-5.747690100418549;305.7519496334144;299.3866129678447;310.4178264525093;283.0324172300916;310.4751014558993;-1811.5021812456184;573.074197959959;74.67176456469976;1921.1606682235986;-1840.827005026267;541.2587270303396;96.19376855526416;0.018648067553895566;53.62485936464236;5.78976066575219;-274.21958678297585;-257.85750676103703;807.420136954736;680.7495743955775;41.22370021492501;-88.77038109873764;1901.4547224291957;
81.1875;-80.66956678930171;-187.92141927661345;15.064076580743162;-83.70022259705426;-192.79023190019456;14.126383953171343;42.21166438325829;42.756930609086744;37.05831661212671;20.781143589654203;41.35358919479899;20.32392414345968;nan;nan;nan;nan;[4.06335351 3.6049988  0.50214036];[ -83.2669891  -192.64606645   14.04245494];[[-0.69171226 -0.63728559  0.33970756] [ 0.06840746  0.41046083  0.90930871] [ 0.71892598 -0.65221852  0.2403257 ]];184.18029025342997;232.45056735223181;-2.8633219342245013;193.91388781199106;232.2217380928705;-5.393125352195232;302.5865451904623;296.58699262225105;307.06214091916075;278.95154144532796;307.11666922523443;-1727.547687461889;571.6809377177309;52.60341376799431;1839.4429375622435;-1756.8725112424618;539.86546678811;74.12541775853899;0.01852014620684801;53.99525407797483;5.68784561661152;-270.5662978429587;-254.7320118316795;945.404562811246;818.7340002522108;39.874050287534075;-88.77724058829469;1820.441492096022;
81.1916666667;-81.9264598032253;-192.42166848716403;13.992369253922618;-82.91756648104709;-191.82665523107758;14.113933519095445;43.38205772601793;43.99837557625149;41.35070704964687;19.952141407197114;40.21841897158358;20.194067549880177;nan;nan;nan;nan;[3.82647112 3.4814543  0.51610185];[ -82.36993995 -191.81768919   14.00953077];[[-0.67598152 -0.61177483  0.41082909] [ 0.1005496   0.47571032  0.87383606] [ 0.73002655 -0.63200573  0.26005767]];177.15526182892853;234.82769594844086;-2.688782324698518;186.76667262175434;234.46630222686682;-5.128910726042304;299.8041737657729;294.16876640547554;304.07198802569377;275.25528417920276;304.12371422231536;-1644.6405088129009;569.1514106565796;31.303705970879243;1758.8861255012114;-1673.9653325936795;537.3359397269652;52.82570996147682;0.01829799843269161;54.65078618726832;5.564855246184278;-266.347498688239;-251.0410066876336;1078.8650400053834;952.194477446017;38.549980029161844;-88.76966364771246;1740.6193304362225;
81.1958333333;-81.46820649639795;-192.61410017583876;13.792149839449536;-82.16490402760203;-190.8531551895821;14.102397450772136;44.536260561971204;45.228959250972544;41.59647942578344;19.696292226359187;39.09965547695967;20.068914096735384;nan;nan;nan;nan;[3.66267206 3.65734711 0.48430132];[ -81.58012678 -191.18608077   13.93090729];[[-0.68103344 -0.62953434  0.3740053 ] [ 0.1049188   0.42159822  0.9006925 ] [ 0.72469683 -0.6526419   0.2210725 ]];170.47349807562287;237.1919176260142;-2.6013901580782473;179.96272210268955;236.6979594422356;-4.951843542794504;297.38363456182384;292.10954548593554;301.4289993861291;271.9320694596826;301.47788136428187;-1562.780645299217;565.4856167765219;10.772641173499586;1679.4780717082094;-1592.1054690799206;533.6701458469056;32.29464516407767;0.017985179303996696;55.601336138905125;5.422133752525654;-261.58203910494035;-246.80334111499442;1207.801568536241;1081.1310059769962;37.256369132935035;-88.74537338518869;1661.9787537453099;
81.2;-79.84323059739796;-189.62186582653584;14.068185028807363;-81.44079587598368;-189.86977569111497;14.091405961607792;45.67585176084645;46.45022444169882;38.86577821140868;19.710947379097906;37.99961573310836;19.947908528490363;nan;nan;nan;nan;[3.45312412 3.87382456 0.46905743];[ -80.78318016 -190.42507389   13.88859508];[[-0.69036152 -0.64757227  0.32256956] [ 0.08435707  0.3707735   0.92488426] [ 0.71852965 -0.66571553  0.20134046]];164.13063518042603;239.5384979398813;-2.597942755197681;173.49767244173412;238.9119752938981;-4.858721123286569;295.3032025774277;290.3864781744906;299.11444554655714;268.9699363595593;299.16045492937616;-1481.9680969205544;560.6835560775513;-8.989780624218518;1601.2072945974421;-1511.2929207011846;528.8680851479309;12.532223366341531;0.017586742901529742;56.86101204749046;5.261258007147615;-256.2887688791444;-242.03786489985703;1332.2141484042788;1205.5435858451485;35.99780018654066;-88.70208601406944;1584.5113778391653;
81.2041666667;-78.40385494806247;-186.7039874946227;14.125357914227692;-80.7438208480035;-188.87658037792778;14.080602609505197;46.80236114079983;47.66361960906254;36.28348223420763;19.534210811283547;36.92053822142394;19.830511506557357;nan;nan;nan;nan;[3.1042227  3.82847554 0.46781658];[ -79.96575391 -189.43937507   13.87996462];[[-0.69569974 -0.6486935   0.30854274] [ 0.05886646  0.37659686  0.92450503] [-0.71591663  0.66134072 -0.22381205]];158.12230933027533;241.8627024449633;-2.675237436891581;167.3671598258255;241.10361533677545;-4.846340788353237;293.5408089783498;288.976449623951;297.10933674291886;266.3565563302672;297.1524590834508;-1402.2028636769137;554.745228559668;-27.98355942227478;1524.0632542880062;-1431.5276874574718;522.9297576300413;-6.461555431731595;0.017109005657240595;58.44875032680793;5.083983103521715;-250.4865377969464;-236.76342782831657;1452.1027796094977;1325.4322170504734;34.778512537406115;-88.63755423965081;1508.2102701915924;
81.2083333333;-79.19957055420454;-190.4221085687317;13.283353313382946;-80.07257594802992;-187.87365261912998;14.069644296863702;47.91726789717407;48.87049735337787;39.78077218783727;18.860408809546822;35.864582882529106;19.716199609297465;nan;nan;nan;nan;[2.87619535 3.92364242 0.4612337 ];[ -79.28857478 -188.65357052   13.83825421];[[-0.69929626 -0.65817174  0.27891701] [ 0.04625193  0.34770751  0.93646156] [ 0.71333407 -0.66776452  0.21270885]];152.44415671208935;244.15979669618918;-2.830071523995332;161.56682044190103;243.26814512578886;-4.911499858829244;292.0742212717696;287.85627758173945;295.39452561632083;264.0792537058913;295.4347603664509;-1323.4849455680273;547.6706342228454;-46.20869522073045;1448.0366895440495;-1352.8097693487825;515.8551632932366;-24.686691230141705;0.016559277346656607;60.38910871928264;4.8921861347510935;-244.1941956444191;-230.99887968646811;1567.4674621522831;1440.7968995929707;33.60236761581811;-88.5496147488726;1433.070398915999;
81.2125;-79.28314223627194;-191.09080944030165;12.976347463947945;-79.42567636298362;-186.86109551068185;14.058201270579124;49.02199911022049;50.072113728870676;40.43310868205728;18.577190692377293;34.833831116267696;19.60446533201985;nan;nan;nan;nan;[2.60331184 4.07240829 0.44094477];[ -78.60685107 -187.72108117   13.80675283];[[ 0.71090825  0.69676404 -0.0955475 ] [-0.07273153  0.20796871  0.97542767] [ 0.69951382 -0.68649027  0.19852338]];147.0918135128443;246.42504624846447;-3.059242337342627;156.09229047689809;245.40083021585951;-5.05099565554933;290.8812183247138;287.0028989134671;293.95081015398415;262.1250292474695;293.9881704133861;-1245.8143425944324;539.4597730671323;-63.66518801946097;1373.1200526817042;-1275.1391663751162;507.64430213751706;-42.1431840288888;0.015945578299426433;62.71331031223686;4.6878113904317695;-237.43059220770039;-224.76307026040683;1678.3081960318493;1551.6376334726415;32.47282589563594;-88.43623946515848;1359.0892094109176;
81.2166666667;-77.80213022857677;-187.33928900513223;13.707353842689926;-78.80175546234626;-185.83903187540872;14.04595712204394;50.117928344724916;51.269628356745095;37.04413193544508;19.050298208364442;33.83028578171865;19.494817086983225;nan;nan;nan;nan;[2.41185985 4.54470912 0.47594644];[ -77.8930035  -186.40593284   13.85521276];[[-0.67570644 -0.70976205 -0.19914476] [ 0.30438786 -0.02259239 -0.95228022] [-0.67139321  0.70407912 -0.23130877]];142.06091591945767;248.65371665671827;-3.359547197768617;150.93920611775414;247.4969361619086;-5.26162549934823;289.9397559078181;286.393542518767;292.7590351828594;260.4805865521668;292.79354724272;-1169.1910547558593;530.1126450925063;-80.35303781852994;1299.3080756402753;-1198.5158785364729;498.29717416288247;-58.83103382797288;0.015276360315253533;65.46061884920941;4.472819725660998;-230.2145772728647;-218.0748493362278;1784.6249812485964;1657.954418689485;31.39293507251811;-88.29559010349928;1286.2673709982535;
81.2208333333;-77.13232280790288;-186.54748651175697;13.563168934448669;-78.19946479814733;-184.80760426297988;14.032608787147018;51.20637435394742;52.46410528909095;36.4425735445427;18.807307190865124;32.85587119717493;19.386779203393598;nan;nan;nan;nan;[2.51986318 5.20275061 0.37485897];[ -77.41650661 -185.61220781   13.80509526];[[-0.60730818 -0.64926078 -0.45786156] [ 0.46093698  0.18144749 -0.86868516] [-0.64708104  0.73860493 -0.18907376]];137.34710011886685;250.84107347587175;-3.727783426108019;146.1032035514066;249.5517285188572;-5.540186711060683;289.22811924763914;286.0058852940997;291.8001908473909;259.13236110841166;291.83189354880165;-1093.615082052307;519.6292502989672;-96.27224461793715;1226.5985137478121;-1122.939905832853;487.813779369333;-74.75024062739395;0.014560246397856028;68.68015641186184;4.249144276823443;-222.56500062600722;-210.95306670002614;1886.4178178025245;1759.7472552435015;30.36532853918435;-88.1260753559921;1214.609752365885;
81.225;-76.82801995779536;-185.77080103969877;13.582857474181608;-77.61747410497296;-183.76697494992274;14.01786654627379;52.28859989932433;53.656514559350676;35.77220069541242;18.775066613751427;31.912433140157653;19.27989192740581;nan;nan;nan;nan;[2.44652261 5.56349284 0.3807072 ];[ -76.81551785 -184.40888518   13.81395724];[[ 0.59533894  0.62577137  0.50396601] [ 0.4806318   0.22527257 -0.84749356] [-0.64386693  0.74676801 -0.16665209]];132.94600229799474;252.9823822608533;-4.160748343197195;141.57991896479285;251.5604728416267;-5.883476611521426;288.7250599574246;285.8181888686763;291.0555066473607;258.066551738532;291.0844505784952;-1019.0864244835236;508.0095886864739;-111.42280841773307;1154.99313327392;-1048.411248264256;476.1941177568685;-89.90080442715202;0.01380580126209538;72.43331850253107;4.018654075172929;-214.50071205319483;-203.41657213789696;1983.6867056939577;1857.016143134691;29.39223286278382;-87.92640974561377;1144.1267084548406;
81.2291666667;-76.14006211606362;-184.0268600916409;13.764143625566774;-77.05447129996185;-182.71732593961556;14.001454024306156;53.36581069651923;54.84773434350747;34.29179094262651;18.83792874993359;31.001738847409516;19.17371142212275;nan;nan;nan;nan;[2.37557598 6.03632039 0.4229718 ];[ -76.18990844 -182.96532372   13.86479628];[[-0.58589964 -0.60702452 -0.53688252] [ 0.50578446  0.24371464 -0.82751752] [ 0.63316956 -0.75638906  0.16423125]];128.85325864380877;255.07290856656968;-4.655239269867893;137.36498854485026;253.5184346851382;-6.288292521565197;288.40991561658603;285.809415870782;290.5065397893021;257.2691541346044;290.53278634867434;-945.6050820500172;495.25366025510533;-125.80472921781474;1084.4990379844198;-974.9299058306823;463.4381893254889;-104.28272522724706;0.013021341168299862;76.7970047843056;3.7831265316228615;-206.04056134057757;-195.48421543593543;2076.4316449222333;1949.7610823630534;28.47548273191714;-87.6956728092068;1074.8357963374995;
81.2333333333;-75.64320379382518;-182.71666308529342;13.88690116209331;-76.5091624828128;-181.65885896230188;13.983108190622708;54.43915449714714;56.038553648749705;33.200164356909816;18.874465279166092;30.12547701490704;19.067809767596845;nan;nan;nan;nan;[2.39277139 6.55167474 0.4679467 ];[ -75.65701491 -181.65952749   13.90570429];[[-0.58041178 -0.58986685 -0.56140829] [ 0.51893304  0.26337853 -0.81322829] [ 0.6275593  -0.76334059  0.1532334 ]];125.06450534323085;257.1079179479492;-5.208053526956272;133.45404847851628;255.42087960431283;-6.751431762026731;288.2627111230038;285.9593254115278;290.1352568077624;256.7259961632151;290.1588771629311;-873.171054751532;481.36146500482374;-139.41800701823448;1015.1304739226586;-902.4958785321317;449.54599407519447;-117.89600302767909;0.012214788496786227;81.86797505852067;3.544229315010179;-197.20339827422362;-187.17484638023657;2164.6526354876887;2037.9820729285889;27.616541737325356;-87.4333668288862;1006.7640893121037;
81.2375;-75.55521764216141;-182.68351862323266;13.619594229243631;-75.9802719357733;-180.5917954750688;13.96257935909838;55.50972031430565;57.22967544330201;33.202717191187155;18.597436005595068;29.285257797842007;18.961774960827846;nan;nan;nan;nan;[2.42745347 6.86372082 0.47276864];[ -75.23623097 -180.6443461    13.91389291];[[ 0.58025544  0.58169839  0.57002685] [ 0.44445276  0.36033044 -0.8201364 ] [-0.68247005  0.72923862 -0.04945376]];121.57537858319844;259.0826759599133;-5.815988435297049;129.8427349527283;257.26307315407183;-7.269691653740767;288.26424170441646;286.24854826125664;289.9241076322998;256.4227745905353;289.94518160433563;-801.7843425880686;466.33300293562934;-152.26264181899262;946.911319196406;-831.1091663686042;434.51753200598506;-130.74063782844806;0.011393574034043081;87.76877185438745;3.303511892423064;-188.00807264022822;-178.50731475689557;2248.349677390326;2121.679114831297;26.81652736685801;-87.13947086177969;939.9513358360856;
81.2416666667;-74.9314662650371;-180.55582566879576;13.876774028015532;-75.46654212364719;-179.51637666186178;13.939631188104707;56.57853779850532;58.421720141381186;31.41779110172465;18.738182684115717;28.48261281063396;18.85521091576433;nan;nan;nan;nan;[2.28734171 6.70436776 0.44616874];[ -74.77159306 -179.36857683   13.94212383];[[ 0.58974465  0.58873594  0.55280308] [-0.3809663  -0.40075076  0.83322476] [-0.71208562  0.70198919  0.01205206]];118.38151455063847;260.9924481573894;-6.475841315727309;126.52668415442372;259.04028088933643;-7.839869517542043;288.39613811629255;286.6586428197083;289.8560915040051;256.3450928614396;289.87470640791554;-731.444945559388;450.1682740474647;-164.33863362012914;879.8785708932259;-760.7697693401;418.3528031178607;-142.81662962955406;0.010564588590732555;94.6558393080463;3.0624070160590136;-178.4734342246532;-169.5004703520075;2327.5227706304067;2200.8522080711778;26.076238710825947;-86.81448837652916;874.4543269052881;
81.2458333333;-73.56859832373473;-175.6525893190621;14.525558707705201;-74.96673369379104;-178.4328634334768;13.914040680509626;57.64657676922848;59.615229360750476;27.519118741085936;19.127964838053714;27.71899512692448;18.7477374633029;nan;nan;nan;nan;[2.03858794 6.23938798 0.37996886];[ -74.28507251 -178.0105286    13.98191278];[[-0.61131035 -0.61223708 -0.50146328] [ 0.35863887  0.35053039 -0.86516276] [ 0.70546284 -0.70872717  0.00528916]];115.47854943251018;262.8325000952857;-7.1844094890773;123.50153227053995;260.74776836502775;-8.458762674265296;288.6409150596861;287.1721334410458;289.91481437332044;256.47849955576925;289.93106384353007;-662.1528636659705;432.8672783404406;-175.64598242156137;814.0873080888861;-691.4776874466188;401.0518074108213;-154.12397843099703;0.009734185721644799;102.73072947194895;2.822242821926977;-168.6183328136588;-160.17316295166745;2402.17191520739;2275.501352648232;25.396185562991192;-86.45948546154027;810.3530136056391;
