dt;xt_21;yt_21;zt_21;xt_avg_21;yt_avg_21;zt_avg_21;xxt_21;xpt_21;xp_21;wd_21;xp_avg_21;wd_avg_21;disSTL_21;disSTL_avg_21;disSTLz_21;disSTLz_avg_21;PCAsigma_21;PCAmu_21;PCAwt_21;vxt_21;vyt_21;vzt_21;vxt_avg_21;vyt_avg_21;vzt_avg_21;vavg_21;vv_21;vv_avg_21;vvt_21;vpvt_avg_21;axt_21;ayt_21;azt_21;aavg_21;axt_avg_21;ayt_avg_21;azt_avg_21;curvature_21;curveRadius_21;turnRate_21;vxp_21;vxp_avg_21;axp_21;axp_avg_21;thetaToR_21;psiToR_21;aa_21;
86.3916666667;-63.3233927230355;-285.8933640012139;17.384993467234935;-65.36960418358551;-306.68896952022857;18.481356464032594;0.0;0.0;136.57555325646453;22.277099969032825;151.94023207179444;22.903818179794584;nan;nan;nan;nan;[nan nan nan];[nan nan nan];[[nan nan nan] [nan nan nan] [nan nan nan]];;;;;;;;;;;;;;;;;;;;;;;;;;;;;
86.3958333333;-62.251889422229;-280.16614025877476;18.30812854715326;-66.09564184070922;-303.9713343750168;18.324876757216494;2.8172961080967607;2.8172961080967607;131.15331795857261;22.964723556282607;149.39349706007457;22.93286613838895;nan;nan;nan;nan;[nan nan nan];[nan nan nan];[[nan nan nan] [nan nan nan] [nan nan nan]];-149.69625963829486;639.7592669588292;-36.92098726426792;-136.02530660939377;631.7743643388329;-36.513778618042814;647.2827724440713;658.0760207680892;647.586401921352;658.0110247548549;647.6565701744956;3758.3125632130404;-1986.800250330413;101.10130980506717;4068.701177278885;3555.390040292088;-1975.702539212524;100.64992762835595;0.007304272207240555;136.90617923695714;4.730659885362311;-599.2902699315671;-591.6549750126976;1899.7077859104866;1889.1497921751993;12.567392303611888;75.31838133300806;4252.353469828475;
86.4;-62.58027470899126;-276.37666619984753;18.486348481966658;-66.75262977642967;-301.2883911217792;18.170160350607947;5.583533813748261;5.583838139993089;127.37612652283971;23.127419294455645;146.87993224898707;22.94780727104611;nan;nan;nan;nan;[1.33547849 5.79250914 0.91749428];[ -63.4589217  -280.24537139   17.79638181];[[-0.56002679 -0.54952249 -0.61999599] [-0.67930556  0.73296931 -0.03605477] [-0.47425094 -0.40097508  0.78377613]];-134.4843372100722;631.5047375293008;-36.50069868004605;-130.9769119772565;628.0445515496534;-36.322699494708864;642.5840401853179;646.6966611023402;643.2232349583537;646.4638453147031;643.2911814590602;3544.1463894078634;-1975.3786673793343;100.63733480291673;3988.569924860651;3466.398655766044;-1970.4525088494229;100.43562702187795;0.007244873353709012;138.02863779365447;4.660563139228734;-591.3974680933554;-588.0880550337882;1888.8416567135587;1884.1551068375124;12.211514751520435;74.83455211719124;4058.721767040257;
86.4041666667;-66.01923534731328;-287.1234651730102;16.178621055865293;-67.34436283963493;-298.6399409700457;18.017199176150893;8.300721314391582;8.301895046166855;137.34076149700383;21.45462486005724;144.39934851544376;22.949356001335794;nan;nan;nan;nan;[1.27380296 6.01731182 0.83228605];[ -63.67967131 -278.21991872   17.89597033];[[ 0.53451788  0.54168338  0.64874474] [-0.71738017  0.69661834  0.00941195] [-0.44682919 -0.47042747  0.76094788]];-120.15557150102805;623.2977381345796;-36.082341772733564;-120.9684746538261;620.8414170513215;-35.953815630360246;633.5377761781441;635.7982125755199;634.5977691888891;635.3508809223322;634.6613985931779;3334.397338006962;-1963.9858336228126;100.17410488855529;3834.255917208119;3293.728260469452;-1960.3234755739397;100.02227723893263;0.007121545853097867;140.41895125410178;4.519770251272538;-583.5498847899771;-581.1995646273374;1878.0028891904167;1874.518715328327;11.489971334949493;73.7612687863793;3871.10847350849;
86.4083333333;-63.11981627510454;-271.6672213061028;18.62381747437145;-67.874559193067;-296.02578562843604;17.865985178723243;10.970732524699221;10.973557823591626;122.65663391087648;23.263629293293626;141.95155721135967;22.938213306001966;nan;nan;nan;nan;[1.40551932 5.94597625 0.76113499];[ -64.11980809 -276.95426634   17.84359585];[[-0.51327539 -0.50175075 -0.6962719 ] [-0.69794463  0.71615001 -0.00156693] [ 0.49942134  0.48515496 -0.71777642]];-106.69155783447795;615.1381489863552;-35.66591343779802;-111.3233992457038;613.3843296809061;-35.57142148511178;624.4185784745553;625.339978118191;625.8573609114151;624.6416945237986;625.9168041040352;3129.0654090103376;-1952.6217490608487;99.71162006198286;3679.1739816738213;3118.4432158979007;-1949.798570638748;99.5923218980879;0.006977340821299944;143.3210768416628;4.367234868012686;-575.7474060144581;-574.0679710305534;1867.1914833410608;1864.5057173200366;10.78729960638146;72.57367054435521;3689.678093810606;
86.4125;-63.34055657976939;-270.5202430036282;18.627828249754273;-68.34686031331272;-293.4457273046977;17.716510316138972;13.595311988739535;13.600744919445564;121.48944696653034;23.279347700659287;139.5363701636875;22.915066714962553;nan;nan;nan;nan;[2.25470336 5.76608566 1.11249125];[ -64.973011   -277.77431861   17.4413001 ];[[-0.5770125  -0.48446474 -0.65753365] [-0.5784585   0.81076045 -0.08974   ] [ 0.57657814  0.32857482 -0.74806165]];-94.07389153369587;607.0258502962897;-35.25141057070557;-101.97456383711334;605.8421890609071;-35.18437220676594;615.3710342252597;615.2828146011;617.1123262831242;614.3070917116781;617.1676999884238;2928.15060241731;-1941.2864136934038;99.2498803231979;3525.970055877591;2943.196172892223;-1939.1310310602428;99.15627664065615;0.00681519645733272;146.73091322614232;4.206119122541289;-567.989917759798;-566.8548944569728;1856.407439165454;1854.3570286882182;10.096044496790833;71.23798507970571;3514.6136955818656;
86.4166666667;-65.1225340990438;-275.7923311304257;17.662055025878928;-68.76483099080738;-290.8995687056872;17.56876655914714;16.17607997906835;16.185208367879383;126.32526397970555;22.63607912413883;137.15359967440094;22.880590311309398;nan;nan;nan;nan;[2.78613898 5.45309821 1.29422345];[ -65.75162174 -278.17682294   17.1189455 ];[[-0.58932736 -0.47862899 -0.65085141] [-0.53330884  0.83561986 -0.13160976] [ 0.60685661  0.26954358 -0.74771071]];-82.28416792208327;598.9607222761271;-34.83883006692656;-93.08519894637392;598.2175015916503;-34.792679100660585;606.4153395095177;605.5892792979427;608.4027043079394;604.3191549433313;608.454190689496;2731.6529182292497;-1929.9798275205553;98.78888567220349;3375.610552615234;2768.862949374008;-1928.315366811728;98.71381174357724;0.006634332361007548;150.73106766211683;4.036687327481982;-560.2773060190756;-559.5626749976296;1845.6507566636703;1844.0674290742309;9.431758689213193;69.76008406191474;3346.1185042133525;
86.4208333333;-66.05975596960141;-275.1962162972069;17.287035530896375;-69.13195932982921;-288.38711303740524;17.422745891433816;18.714537753007594;18.728540579328488;125.57341206166716;22.378689224660235;134.8030585205271;22.835444731308744;nan;nan;nan;nan;[2.85815133 5.95278031 1.28174122];[ -66.20270701 -277.26623701   16.97689535];[[-0.6240445  -0.38099001 -0.68221337] [-0.44214222  0.89203477 -0.09372422] [-0.64426603 -0.24314725  0.72512116]];-71.30398232291132;590.9426451375293;-34.42816882192713;-84.80049072604717;590.5654824993275;-34.399110888027884;597.6135968809016;596.2237554355555;599.7957745286998;594.6512707895599;599.8436217347747;2539.572356445466;-1918.7019905422642;98.32863610899814;3229.800682888923;2597.198236302328;-1917.4246273745957;98.26785270484876;0.006435889653222983;155.37867394901917;3.8605273586746374;-552.6094567852901;-552.2440865964618;1834.9214358356726;1833.70641647436;8.808290531244587;68.15595689379869;3184.4173097777057;
86.425;-65.2608176587433;-269.85274967687616;18.033534861659618;-69.45165674850803;-285.908164004944;17.278440309619146;21.212072936924866;21.232181696979584;120.46321435892065;22.932885546975136;132.48455995409768;22.780277164400584;nan;nan;nan;nan;[2.78109047 6.60121908 1.27712316];[ -66.51447545 -275.66960787   16.95012128];[[-0.62728495 -0.37682788 -0.68155289] [ 0.43020563 -0.89716525  0.10008815] [ 0.64918157  0.2304241  -0.72489173]];-61.1149300594955;582.9714990921858;-34.01942373117485;-76.30016041519397;583.2031134619596;-34.02080643982145;589.1561773434302;587.1525565140364;591.3588833618276;585.2781503800792;591.4030281894466;2351.9089170659577;-1907.4529027585306;97.86913163358179;3090.1036513455138;2429.530261399676;-1906.9741926894358;97.84024437099119;0.006228158431191477;160.5611050277498;3.6833517562502722;-544.9862560514673;-545.2027027888132;1824.2194766814607;1823.7642840998908;8.151904076567755;66.18449667744635;3029.7574981082266;
86.4291666667;-67.78592143996892;-278.795711585825;16.07193039865561;-69.72725797881927;-283.46252581252287;17.13584182325934;23.669965009582754;23.6974274321326;128.8433122615322;21.45571106139969;130.1979177021817;22.715721353199044;nan;nan;nan;nan;[2.58779478 7.22870907 1.22642163];[ -66.95523574 -274.49811857   16.87162535];[[ 0.61148215  0.39908774  0.68324122] [ 0.48351779 -0.87197693  0.07659491] [ 0.62633867  0.28352286 -0.72616435]];-51.698606455120526;575.047164351759;-33.61259169013583;-68.22160649819199;575.7458643434958;-33.63724523987209;580.748613574893;578.3440096158411;582.9529961582813;576.1758432666044;582.993595519745;2168.662600090107;-1896.2325641693162;97.41037224595287;2953.6179397880314;2262.3418791375243;-1896.3597517167686;97.40558611757098;0.0060001521383329405;166.6624407090178;3.4980502687922073;-537.4075898106079;-538.0703909899192;1813.5448792009986;1813.6661311064438;7.525929914469554;63.950099681934084;2882.4094419542166;
86.4333333333;-69.83892678586388;-284.13339605097855;15.19000804199689;-69.96202106658616;-281.05000316347076;16.99494245484564;26.08939085676274;26.125437290347065;133.8488295117285;20.93220562187112;127.94294596686947;22.642397593492007;nan;nan;nan;nan;[2.34835481 7.89375421 1.14902165];[ -67.38276452 -273.50581623   16.76932269];[[ 0.59882677  0.40776965  0.68929704] [ 0.52379771 -0.85048502  0.04807491] [-0.6058403  -0.33226367  0.722882  ]];-43.03660683316615;567.169521127992;-33.207669594280425;-60.22082341302142;568.0272251184989;-33.23996528894043;572.1768706796651;569.7685183863279;574.3173814219532;567.3217449679213;574.354464284095;1989.8334055191644;-1885.0409747746983;96.95235794611456;2817.3007089450152;2091.2270681952027;-1885.3520742088347;96.95457774766219;0.0057454184910290095;174.0517251374145;3.2999067595029;-529.8733440557888;-530.687944720164;1802.897643394359;1803.1938748635848;6.9046363833139415;61.27880723822725;2742.665896169428;
86.4375;-69.1264908755181;-278.23853233953383;15.950742427722417;-70.15912737147684;-278.670401260259;16.85573423980633;28.47143037014161;28.517243101931946;128.102717050466;21.503575851982436;125.71945942530348;22.56091273424221;nan;nan;nan;nan;[2.34397196 7.99724462 1.13897817];[ -67.569696   -271.50182042   16.82329934];[[ 0.6151249   0.38176602  0.68983771] [ 0.47860406 -0.87610769  0.05808159] [-0.6265457  -0.2944317   0.72163042]];-35.110526516914426;559.3384496325473;-32.80465433907478;-52.74427065620973;560.316079120415;-32.842682177394835;563.7505728427564;561.3986067456374;565.792775694959;558.6945984998544;565.8265589759379;1815.4213333524979;-1873.8781345746374;96.49508873406525;2687.0771851861723;1923.0123779784954;-1874.3250717390483;96.50242867382167;0.005471866511806155;182.75299622942003;3.0961273995509453;-522.3834047800106;-523.3124756006698;1792.2777692615055;1792.7032423937958;6.3277051539255735;58.247289364926104;2610.839938214918;
86.4416666667;-70.94147070378065;-282.54266114142166;14.741247887983945;-70.32168156700902;-276.3235258044525;16.718209226503763;30.81707206482445;30.873757774246933;132.13493648201913;20.608474022982804;123.52727322963216;22.47186017758567;nan;nan;nan;nan;[2.02454624 9.56110029 1.05189938];[ -67.92435562 -270.08947884   16.74866369];[[ 0.59029539  0.41033313  0.69511012] [ 0.5475327  -0.83629184  0.02870368] [-0.59309299 -0.36365187  0.71833002]];-27.901960829657554;551.5538300770874;-32.4035428199851;-45.780539178101186;552.6248781857001;-32.44604652861726;555.4663443382819;553.2089446837704;557.3765728055222;550.2744902198774;557.4072724498895;1645.4263835895342;-1862.744043569096;96.03856460980342;2563.4745706255467;1757.9248659777352;-1863.2972001868588;96.0499015970627;0.005179928916342367;193.0528422591012;2.8873300487427107;-514.9376579762732;-515.9558971148523;1781.6852568024012;1782.2117917057278;5.797827831215007;54.81216006378082;2487.2608953539616;
86.4458333333;-70.07893364300878;-277.00951760057546;15.382621137219544;-70.4527116405471;-274.0091829967342;16.582359476235887;33.127218690977436;33.19578418806242;126.75319487326145;21.04724089717487;121.36620300703328;22.37581987883237;nan;nan;nan;nan;[ 1.63829235 10.42242821  0.92472373];[ -68.3301532  -268.94947519   16.62225011];[[ 0.5616664   0.43523654  0.70363344] [-0.60839205  0.79361923 -0.00525659] [-0.56070489 -0.42513254  0.7105437 ]];-21.392505094760153;543.8155426733553;-32.004331932481634;-39.339902838624546;544.9605645727021;-32.05040710821854;547.3178907093694;545.1763576951863;549.0705470589357;542.0428403382563;549.098384771459;1479.8485562314331;-1851.638701758151;95.58278557333215;2447.019090279405;1596.192668857538;-1852.2776616969122;95.59736427285408;0.004869905859585422;205.34277845057372;2.6740574414874185;-507.53598963765387;-508.62484442931935;1771.12010601712;1771.728277577925;5.319657255496403;50.95118127816448;2372.267628267693;
86.45;-68.19058897514569;-265.6853394582609;16.724517686971566;-70.55516889330136;-271.72717953692893;16.448177063237583;35.40269281666041;35.48402416655313;115.83437161275647;21.958030576997505;119.23606485973596;22.27335834646732;nan;nan;nan;nan;[ 1.56052535 10.42395591  0.91847966];[ -68.74561593 -267.96960282   16.47946396];[[-0.56050902 -0.44185686 -0.70042284] [-0.61150673  0.79117909 -0.00975534] [ 0.55847037  0.42284532 -0.71366146]];-15.563754635512002;536.1234676330134;-31.607018572030572;-33.41364463591579;537.3263551465485;-31.655931025357834;539.2941512310441;537.2798215345649;540.8679768504492;533.9823884613081;540.8931725687987;1318.6878512776086;-1840.562109141763;95.12775162464986;2338.1336814523756;1437.8933256177818;-1841.2711164066382;95.14500708144526;0.0045419308532877204;220.17067901334084;2.4566993888229063;-500.17828575715265;-501.3223943904325;1760.5823169056248;1761.2571334893603;4.896062721681864;46.65190522220107;2266.1985384878994;
86.4541666667;-67.99991924882805;-261.9439268451688;16.983382420377737;-70.63192794033058;-269.4773226239556;16.31565407467788;37.6442423604588;37.739087452284025;112.17871064333521;22.133089249982486;117.13667536497597;22.16502864214862;nan;nan;nan;nan;[ 1.56039369 10.44676477  0.93924872];[ -69.1292337  -266.90528172   16.3437844 ];[[-0.57583993 -0.4199883  -0.70144009] [-0.58050897  0.81418051 -0.01092901] [ 0.57568891  0.40089891 -0.71264462]];-10.39730477522859;528.477485167751;-31.211599634099457;-27.984839554445212;529.7237325146704;-31.26270072656687;531.382856790545;529.5004440295954;532.7597914889085;526.0771745387228;532.7825593791738;1161.9442687280584;-1829.5142657199322;94.67346276375663;2237.201043053255;1283.0340963481324;-1830.280104850098;94.69293762798328;0.004195988194628606;238.3228821473154;2.2355493294590274;-492.86443232779544;-494.0499673486871;1750.0718894679153;1750.800776312538;4.528833877853951;41.922403684984154;2169.377790209535;
86.4583333333;-68.86329383601691;-262.5938007152522;17.130689522497647;-70.68578671054017;-267.2594199558591;16.18478261066185;39.85254605383393;39.96150063447404;112.6853906188918;22.402503288397153;115.06785157502571;22.051370380708715;nan;nan;nan;nan;[ 1.32214812 10.75834101  0.85344141];[ -69.5707655  -265.97624053   16.16325426];[[-0.55802674 -0.42810308 -0.71086842] [-0.61306422  0.79001404  0.00548454] [-0.55924808 -0.43886852  0.70330364]];-5.87475083721115;520.8774754892318;-30.81807201415449;-23.125961097822703;522.1466518280814;-30.87034308523631;523.5693976677533;521.8214356770945;524.7567914528752;518.3125155897485;524.777373273429;1009.6178085822726;-1818.4951714926224;94.21991899065084;2144.7497504764196;1131.9230200433078;-1819.2912047463878;94.240549643654;0.003831972439338789;260.96221093191133;2.010932431172384;-485.59431534258385;-486.80175126231785;1739.5888237039562;1740.3464380492471;4.224862386496274;36.91289488511986;2082.097548455177;
86.4625;-68.99320638205005;-261.49213107661444;16.951808657685632;-70.71946644668287;-265.0732797297949;16.055554784229646;42.02821881495164;42.15171597634503;111.57303817420572;22.22567363862319;113.02941101717981;21.932909730153703;nan;nan;nan;nan;[ 1.28650315 10.77676569  0.85788112];[ -69.79629314 -264.12954055   16.14558545];[[-0.58902338 -0.39237053 -0.70646785] [-0.55313175  0.83309241 -0.00151936] [-0.58914915 -0.38987486  0.70774351]];-1.9776881448059813;513.3233188091968;-30.426432607665916;-18.821371512387337;514.595104155963;-30.478859425128643;515.8404076056378;514.2280706893735;516.8462931711158;510.6749785776021;516.8649265301168;861.7084708412889;-1807.504826459907;93.76712030533565;2061.101444571684;984.5699125308727;-1808.304479982607;93.78784478420812;0.003449734412822105;289.8773877441584;1.783046723831713;-478.3678207945929;-479.5777375925106;1729.133119613819;1729.8941795032067;3.982033988008897;31.758193952751558;2004.5965826684046;
86.4666666667;-68.82320748984998;-257.0635280420756;16.988270849684667;-70.73561170535815;-262.9187106420586;15.927962721358329;44.171817017085274;44.31012009923632;107.2308598384262;22.172642764942047;111.02117169378259;21.81015941166495;nan;nan;nan;nan;[ 1.32758996 10.12120835  0.8193371 ];[ -69.88088943 -261.66965317   16.22025922];[[-0.6263683  -0.2968372  -0.72079846] [-0.47818171  0.8765651   0.05455164] [-0.61563382 -0.37884206  0.69099471]];1.3122879786878945;505.8148953393094;-30.03667831009992;-15.09115898774663;507.0875293223327;-30.089189330354326;508.2035662885287;506.7076400556439;509.043625300025;503.1523497943269;509.0605567520877;718.2162555045809;-1796.5432306217497;93.31506670780944;1986.7648397337443;841.4703302966368;-1797.3454396284003;93.33585741670721;0.0030501641736628174;327.8512050710834;1.5527182724300652;-471.18483467682375;-472.3955575923757;1718.7047771974676;1719.4682692356266;3.7978480327325417;26.686453344261107;1937.0363628075074;
86.4708333333;-68.43971066706524;-250.48209759774994;17.504282624860892;-70.73679035701305;-260.79552188804143;15.80199856095916;46.28384363642779;46.43704248712682;100.82872642590516;22.534370861674887;109.04295208218655;21.683618699596657;nan;nan;nan;nan;[1.41358717 9.48290685 0.83163328];[ -70.07528046 -259.77423337   16.19684131];[[-0.65820788 -0.21357029 -0.72190727] [-0.4011972   0.91091448  0.09631   ] [ 0.63702683  0.35301918 -0.6852549 ]];4.013582209954892;498.35208529125885;-29.64880601692406;-11.921443844319151;499.62402268769074;-29.70133838279638;500.64803442307925;499.2493980512459;501.34018769078995;495.7336011054352;501.3556582350924;579.1411625721485;-1785.6103839781492;92.86375819807226;1921.8771395030685;702.6439049957299;-1786.4142114579654;92.88459085265255;0.0026331064433853498;379.77955753065316;1.320122814126525;-464.04524298230217;-465.25530194198814;1708.3037964549026;1709.0688288539466;3.665201866796525;21.909990632262502;1879.476684383896;
86.475;-69.42752024878186;-253.42018828119535;16.731624540366965;-70.72549358594162;-258.70352316226;15.677654454879402;48.36475326536752;48.53276378119827;103.53276023636802;21.942813485789507;107.09457113478032;21.553773421477462;nan;nan;nan;nan;[1.76252069 7.35702524 0.87134906];[ -70.30148738 -257.85163506   16.17574808];[[ 0.70936735 -0.2335419   0.66502342] [ 0.01557407 -0.93808731 -0.34604861] [ 0.70466688  0.25583271 -0.66181131]];6.144599225685853;490.9347688767095;-29.262812623604564;-9.299436653346783;492.2047486076902;-29.315314989286925;493.1646598925659;491.84450347067684;493.7293195290887;488.40885338914387;493.7435642119589;444.4831920435395;-1774.70628652907;92.41319477612258;1866.4779547542787;568.1168121683261;-1775.5109658369;92.43404950737921;0.002198319841416503;454.89286006518637;1.0854062737788526;-456.94893170403043;-458.1571269606505;1697.930177386088;1698.6960205014186;3.5754250734240443;17.63232599317491;1831.8536813904502;
86.4791666667;-71.35447504292343;-261.09424564723173;15.520262742999464;-70.70413589028496;-256.6425246583422;15.554922567901468;50.41495697897637;50.59752383999356;110.81092580250875;21.111428344785907;105.17584827897511;21.42109595800962;nan;nan;nan;nan;[2.03971914 5.340784   0.94483689];[ -70.59222336 -256.27376212   16.11951582];[[ 0.66786063 -0.39252953  0.63236283] [-0.16316828 -0.906172   -0.39016461] [-0.72618062 -0.15739402  0.66924497]];7.723743702550745;483.5628263074012;-28.878695025611602;-7.2133564383315925;484.8299399007447;-28.931130367809278;485.74593507267286;484.48595668973405;486.20611778653716;481.16933748648273;486.2193654085213;314.2423439196732;-1763.8309382745852;91.96337644196342;1820.4879821049128;437.92177123964177;-1764.6359157222007;91.98423890005597;0.0017454961605744956;572.9030075155649;0.8486940355175416;-449.89578683508216;-451.10125410019646;1687.583919991095;1688.3500468571071;3.5192321268243107;14.02543640540215;1793.9635147163222;
86.4833333333;-71.8140225615101;-259.23139974289614;15.251842216532907;-70.67505508203153;-254.61233706905466;15.433795077744549;52.43482704361362;52.631529545486444;108.90075907802823;20.877738610518993;103.2866034172307;21.28604524307077;nan;nan;nan;nan;[2.02216363 5.14682251 0.94201085];[ -70.91976335 -255.04776651   16.03774487];[[ 0.67003746 -0.38221388  0.63636652] [-0.16104842 -0.91168743 -0.37800718] [-0.72464695 -0.15079315  0.67241967]];8.769420317242254;476.2361377949979;-28.496450118411403;-5.652348876472846;477.4998973156363;-28.548798533700026;478.38596852539723;477.1685334805175;478.76727026586644;474.00735296007207;478.77974315606923;188.4186182000821;-1752.9843392146581;91.51430319559326;1783.6930351961635;312.09804551993744;-1753.7893166622637;91.53516565368543;0.0012743112118421703;784.7376611827652;0.6101143947066936;-442.88569436845944;-444.08796943829225;1677.2650242698876;1678.0311511358907;3.487785682189138;11.219356169256049;1765.454767731435;
86.4875;-71.88379454879457;-255.91713182577587;15.325582682548784;-70.64051228701678;-252.61277158626075;15.314264175062155;54.424701458026746;54.63496233980832;105.6084617594044;20.91001559795642;101.42665692701627;21.149066763711264;nan;nan;nan;nan;[1.98470118 5.15203612 0.92794659];[ -71.3093636  -254.05872296   15.91839335];[[ 0.67318817 -0.37305669  0.63847192] [-0.1509635  -0.91456598 -0.3752054 ] [-0.72389758 -0.15619788  0.67199294]];9.30003374644484;468.95458355118865;-28.116074797471526;-4.606404500103943;470.21498899912234;-28.168336285851087;471.0804708443942;469.88871631841806;471.4109044593943;466.9162249381019;471.4228182828013;67.01201488476671;-1742.1664893492882;91.06597503701215;1755.7361909361496;190.6914422045166;-1742.9714667968842;91.0868374951039;0.0007846408388001084;1274.4684581154659;0.3698975955669283;-435.91854029718763;-437.11762317173935;1666.9734902224666;1667.7396170884604;3.473646201158631;9.30424151702599;1745.8315206685843;
86.4916666667;-71.1688361293118;-251.09521192036323;15.806898235787443;-70.60269194492331;-250.64363990094907;15.196322063443748;56.3848883182773;56.60798548059189;100.94588716252366;21.22028141453572;99.59582966083664;21.01059256015593;nan;nan;nan;nan;[1.92007173 5.32630199 0.86955901];[ -71.59589016 -252.74048373   15.83310602];[[-0.69767058  0.3026425  -0.64935606] [ 0.04932118  0.92453124  0.37790131] [-0.71471896 -0.23162361  0.65994493]];9.333988666842242;461.71804378763886;-27.737565958258223;-4.057118632540369;462.97509516289205;-27.789740519730007;463.8261189614502;462.64462373273665;464.13318780475555;459.8902592992691;464.1447479092031;-49.97746602666467;-1731.3773886784397;90.61839196621854;1736.1172780256438;73.70196129337937;-1732.1823661260626;90.63925442431137;0.0002789957594609202;3584.2838684437897;0.12949441644272547;-428.99421061426995;-430.1901012935637;1656.709317848797;1657.475444714816;3.471341300380666;8.32117934001069;1734.4673828296577;
86.4958333333;-71.10787111096302;-247.23508530390563;16.31011466518234;-70.5637018092808;-248.70475420321966;15.079960959413977;58.31566999918069;58.5507510058337;97.15037705230178;21.6528148765515;97.79394294621973;20.87104122580319;nan;nan;nan;nan;[1.98350314 4.93026322 0.85035065];[ -72.01037307 -251.79814465   15.68975248];[[ 0.70964078 -0.2314077   0.6654776 ] [ 0.01762512 -0.93839833 -0.34510569] [-0.70434318 -0.2566302   0.66184713]];8.889689755118775;454.5263987160865;-27.36092049624162;-3.9860865970976107;455.78009601863494;-27.413008130804336;456.6211316046326;455.435938068307;456.93175786378026;452.9246964319945;456.9431585456446;-162.54982453341376;-1720.6170372021847;90.17155398321546;1724.2213698606179;-38.870397213474256;-1721.422014649798;90.19241644130788;0.00026636082196762785;3754.305879569387;0.121711755302702;-422.1125913127786;-423.3052897967912;1646.472507148948;1647.2386340149576;3.478031432820615;8.288368479256095;1730.628886651906;
86.5;-72.04235626928595;-249.80723531046164;15.599473724874002;-70.52557294746642;-246.7959271823101;14.965173092434194;60.21730714577426;60.46340640089669;99.54039978564646;21.11019192367583;96.02081858574064;20.73081790722692;nan;nan;nan;nan;[1.96221601 4.92390399 0.79847112];[ -72.45210054 -251.05194551   15.54707322];[[-0.71531412  0.19628851 -0.67066872] [ 0.06570788 -0.93659413 -0.3442004 ] [-0.69570697 -0.29027962  0.6570613 ]];7.9855416879598655;447.3795285481967;-26.986135306887967;-4.37490371709115;448.62987177804024;-27.038136014541625;449.4651960199538;448.2638318433225;449.80565103390694;446.0156637809684;449.817074832532;-270.70506063588766;-1709.8854349204878;89.72546108800138;1719.3407534314233;-147.0256333160444;-1710.6904123680913;89.74632354609342;0.000812963474680613;1230.0675628666684;0.3656848521265245;-415.27356838571626;-416.4630746744477;1636.2630581228848;1637.0291849888856;3.4936905079448595;9.207902562890636;1733.505145297977;
86.5041666667;-74.33457457440814;-253.70368657158997;14.42484948503494;-70.49025974070409;-244.91697202655615;14.851950704900139;62.09004246944388;62.346100961611484;103.0966022254516;20.306297866513546;94.27627885698524;20.590314304173642;nan;nan;nan;nan;[1.64351284 6.60060994 0.64557573];[ -72.74621546 -249.9171121    15.46870258];[[ 0.71262358 -0.02989126  0.70090951] [ 0.26566065 -0.91318986 -0.3090448 ] [ 0.6493012   0.40643669 -0.6428197 ]];6.639949142044591;440.2773134956345;-26.613207285663535;-5.205165315836475;441.5243026527973;-26.66512106640941;442.3593926441377;441.1308927127773;442.7552260126662;439.1601273724738;442.7668430241414;-374.44317433443223;-1699.1825818333125;89.2801132805748;1720.7018401787457;-250.76374701433093;-1699.9875592809426;89.30097573866797;0.0013854394901493094;721.7926203996319;0.6134266692543857;-408.4770278260859;-409.66334191955906;1626.0809707705735;1626.8470976365995;3.521153809587948;11.065900953555092;1742.2399593163852;
86.5083333333;-74.43997338306538;-253.3414234450933;14.539137271181787;-70.45963988406496;-243.06770242341207;14.740286052143109;63.93410434395195;64.19899184760791;102.72459230716045;20.427982508554834;92.56014651256889;20.44990866956389;nan;nan;nan;nan;[1.42471077 7.23523749 0.5514137 ];[ -73.07404032 -248.83635259   15.38781211];[[ 0.67583549  0.09437315  0.7309857 ] [-0.41853536  0.86549545  0.27521949] [-0.60669147 -0.49194647  0.62443105]];4.871316794066719;433.2196337701375;-26.242133328038424;-6.45846671664907;434.4632688545955;-26.29396018187524;435.3061177128075;434.0410468755769;435.7820821321723;432.35584249006723;435.794049334564;-473.76416562834004;-1688.508477940731;88.83551056093879;1727.4937712126905;-350.084738308334;-1689.3134553883513;88.85637301903152;0.0019809946411359462;504.7969233407809;0.8633056763707055;-401.72285562695924;-402.90597752515134;1615.9262450920826;1616.6923719580993;3.5660317269970583;13.825849919750228;1755.9627309962657;
86.5125;-73.10368869142862;-247.29540535091735;15.497953405487053;-70.43551438646763;-241.2479325594687;14.630171402431095;65.74971019755074;66.02224981987405;96.90305322967652;21.111324428885812;90.87224478015331;20.309965809493722;nan;nan;nan;nan;[1.43041072 6.89492268 0.55227788];[ -73.32433672 -247.31030192   15.36579612];[[-0.65385308 -0.15107416 -0.74138569] [ 0.4597516  -0.85755145 -0.2307249 ] [ 0.6009198   0.49171345 -0.63016924]];2.6980493207068283;426.2063695833708;-25.872910329478902;-8.11640324284442;427.44665059512414;-25.924650256406657;428.3090036381533;426.9994805997908;428.8889726187461;425.60130365372004;428.90143320287757;-568.6680345179722;-1677.8631232427065;88.39165292909173;1738.8956914341904;-444.98860719805344;-1678.6681006903177;88.4125153871841;0.002599910179834051;384.6286720812135;1.1151052023295756;-395.0109377813392;-396.1908674842502;1605.7988810873778;1606.5650079533855;3.636423701151609;17.417073881148337;1773.8154013673013;
86.5166666667;-73.84392311584148;-247.10827360296156;15.193109554177454;-70.41960757067747;-239.45747712041594;14.521599036966505;67.53706969803257;67.81606465551477;96.61561429437089;20.90374203745022;89.21239736241183;20.170837083231778;nan;nan;nan;nan;[1.4689731  6.44953227 0.57572825];[ -73.57230281 -245.91058969   15.32971248];[[ 7.06969956e-01  6.07384692e-04  7.07243319e-01] [-3.09579329e-01  8.99373560e-01  3.08687283e-01] [ 6.35888450e-01  4.37180547e-01 -6.36018120e-01]];0.13855139864943933;419.23740114702406;-25.50553518545251;-10.16057021773801;420.4743280860726;-25.55718818547121;421.3728368494241;420.0125593861417;422.079712785509;418.89569403756894;422.09279548783695;-659.1547810033286;-1667.2465177392403;87.94854038503372;1754.1004135550768;-535.4753536834893;-1668.0514951868415;87.96940284312569;0.003242666146362662;308.3882073773497;1.3687060185519875;-388.3411602822518;-389.51789778988183;1595.6988787564592;1596.4650056224575;3.7423355939312994;21.722915144823375;1794.9737942346196;
86.5208333333;-73.16119224831267;-242.8202122384672;15.851379585605429;-70.41356707330718;-237.69615129106822;14.41456124988767;69.29638772799518;69.58065023082662;92.4692558682328;21.401697028158598;87.5804284370527;20.032860403221225;nan;nan;nan;nan;[1.39795328 7.15262721 0.61729   ];[ -73.69456993 -244.10313964   15.38952045];[[-0.60223975 -0.30262862 -0.73873081] [ 0.53711253 -0.83820085 -0.09449579] [ 0.59060766  0.4536907  -0.66734349]];-2.7887722954316767;412.31260867276285;-25.140004791425557;-12.572562964645327;413.54618153913015;-25.191570864536455;414.5034726606258;413.08774414447055;415.3590831365672;412.2388344456663;415.3729015735187;-745.2244050846956;-1656.6586614302955;87.50617292876322;1772.333167186832;-621.5449777646415;-1657.4636388779231;87.5270353868563;0.0039096832677466544;255.77519494983284;1.623976483157364;-381.7134091227004;-382.8869544350718;1585.6262380992923;1586.3923649653157;3.894746404608288;26.575751131489525;1818.6628782505281;
86.525;-75.2104500000088;-247.3570448812652;14.801505545404495;-70.41896384481656;-235.96377075535185;14.309050348268126;71.02786714834842;71.31624926171833;96.69195707945292;20.699145766521035;85.9761626568079;19.896360235078838;nan;nan;nan;nan;[1.22801373 7.84524725 0.61523485];[ -73.9009064  -242.60800425   15.38631352];[[ 0.5539839   0.40456771  0.72761721] [ 0.61493735 -0.78800321 -0.03004978] [ 0.56120753  0.46408609 -0.68532489]];-6.0655170848319155;405.43187237232365;-24.776316042868075;-15.333976806881852;406.6620911659863;-24.82779518906993;407.70774661533886;406.23350362752035;408.7327273532142;405.63113195036635;408.7473793594555;-826.876906761486;-1646.099554315944;87.06455056028324;1792.8650537608326;-703.1974794415104;-1646.9045317635623;87.08541301837592;0.004601234042431663;217.33300040341337;1.8807423566634562;-375.1275702957559;-376.2979234128461;1575.5809591159457;1576.3470859819602;4.104406081769128;31.765849637336565;1844.166315064576;
86.5291666667;-75.44911944414615;-245.87054100015018;14.848082039237582;-70.43729214951259;-234.26015169632882;14.20505865211802;72.73171134837847;73.02313768744735;95.18805145959485;20.754292412896245;84.39942514945459;19.761647597596806;nan;nan;nan;nan;[0.97561435 8.75511431 0.59273566];[ -74.09185985 -241.18749848   15.36944813];[[ 4.62092424e-01  5.34163499e-01  7.07912387e-01] [-7.55852608e-01  6.54741478e-01 -6.57192694e-04] [ 4.63850651e-01  5.34773740e-01 -7.06299951e-01]];-9.673278292876285;398.5950724573723;-24.414465835246364;-18.426407067763073;399.8219371783302;-24.465858054539176;400.99338166209725;399.45922225209637;402.20704514771563;399.0735282859393;402.22261212409734;-904.112286034001;-1635.5691963961501;86.6236732795923;1815.0215313755093;-780.4328587140955;-1636.374173843759;86.64453573768455;0.005317379678338127;188.06255345537713;2.138770343876754;-368.5835297944214;-369.75069071623074;1565.563041806385;1566.3291686723906;4.38062094381867;37.06573829759633;1870.8311742992805;
86.5333333333;-72.85143456023202;-233.4595964467888;16.32872294662937;-70.46996956554935;-232.58511079616122;14.102578494381996;74.40812658126507;74.70162868041774;83.27703179707378;21.69287693826385;82.85004151778273;19.629020062739993;nan;nan;nan;nan;[0.81324942 9.3830257  0.61518657];[ -74.212088   -239.47974472   15.39999672];[[-0.4975881  -0.54942468 -0.67122172] [-0.75926623  0.65005278  0.03076003] [ 0.41942922  0.52494181 -0.74061814]];-13.593651242880263;391.8020891395978;-24.054451064027976;-21.831449070604474;393.0255997878514;-24.10575635641174;394.3688904396966;392.7751023477152;395.78908001016737;392.56744807851896;395.805626290411;-976.9305429022409;-1625.0675876709142;86.18354108669035;1838.1866780711287;-853.2511155823972;-1625.8725651185132;86.20440354478221;0.0060579106894645485;165.07341412925135;2.3977551344548913;-362.081173611723;-363.2451423382515;1555.5724861706103;1556.3386130366073;4.730365083702919;42.2629401114701;1898.0689009907076;
86.5375;-74.34489309318252;-237.20879559256934;15.518267522269042;-70.51833698492808;-230.9384652361354;14.001602220940597;76.0573240840916;76.35207626074505;86.74269564392189;21.142622923191503;81.32783783961685;19.498761755647752;nan;nan;nan;nan;[1.44848345 8.57898375 0.93282316];[ -74.52380751 -238.4894626    15.26971674];[[-0.62501902 -0.37025996 -0.68721087] [-0.44517934  0.89222503 -0.07582774] [ 0.64122272  0.2585383  -0.7224897 ]];-17.808231258174246;385.0528026306672;-23.696268624679234;-25.530698138721544;386.2729592062391;-23.74748699015517;387.84347190553945;386.1920598109303;389.486401939158;386.1147469850047;389.5039741875793;-1045.3316773664303;-1614.5947281402;85.74415398157592;1861.8041564229438;-921.6522500464154;-1615.3997055878253;85.76501643966888;0.006822286468516243;146.57842420057258;2.6573076925332217;-355.62038774066485;-356.78116427193436;1545.6092922085882;1546.3754190746097;5.1579458757432874;47.18835674473963;1925.3536069475283;
86.5416666667;-75.10892101190406;-238.20348551764482;15.190022872605795;-70.58365861349749;-229.32003269664978;13.90212219060957;77.679521981922;77.974878490365;87.6222861528366;20.932803882827084;79.83264066780544;19.371143354633077;nan;nan;nan;nan;[1.62666125 7.77870416 0.99973135];[ -74.72771782 -236.99230532   15.21254298];[[ 0.67267328  0.23143402  0.70281502] [ 0.29466128 -0.95504997  0.03246983] [ 0.67873809  0.18525078 -0.71063124]];-22.29861366204502;378.34709314231515;-23.33991541267012;-29.505749595429766;379.5638956451827;-23.391046851237014;381.42690152810684;379.7216121212479;383.3069853370063;379.71765980585786;383.32561199255736;-1109.3156894261033;-1604.150617804079;85.305511964252;1885.3757965138855;-985.63626210615;-1604.955595251695;85.32637442234456;0.007609573289838134;131.4134133296811;2.916944338329421;-349.20105817431636;-350.35864251030506;1535.6734599203858;1536.4395867863982;5.665210067410555;51.73043718411533;1952.218618336482;
86.5458333333;-75.53351392265958;-238.23571640285286;14.710587591405144;-70.66712197095266;-227.72963135723748;13.804130775141248;79.27494697563587;79.57048021697086;87.59747156982664;20.513945417766585;78.36427703024124;19.246422091184293;nan;nan;nan;nan;[1.64522628 7.65012697 1.07665018];[ -74.97711872 -235.62399181   15.08341983];[[ 0.6920478   0.1599108   0.70391646] [-0.18803867  0.98142296 -0.03808461] [ 0.69692991  0.10600714 -0.70926101]];-27.046393777821905;371.6848408862084;-22.985388323466957;-33.73819876404462;372.8982893163714;-23.036432835124813;375.1294142941681;373.37575769909273;377.25908236354707;373.37874863252034;377.27877314806454;-1168.8825790815015;-1593.7352566625157;84.8676150347171;1908.4586032343993;-1045.2031517616008;-1594.5402341101221;84.88847749280927;0.008418381731890372;118.78767580850092;3.1760767316996783;-342.82307090568185;-343.97746304638963;1525.7649893059695;1526.5311161719726;6.252079815717042;55.83374480331573;1978.2520223902306;
86.55;-73.71780132692155;-228.80538097324785;16.2227023288729;-70.76983789083646;-226.167079896533;13.707620359222487;80.8438358136346;81.13937533390127;78.54272226206812;21.631578494693585;76.92257442983082;19.124841749962474;nan;nan;nan;nan;[1.7947085  7.10991214 1.21791489];[ -75.26610193 -234.48219041   14.92322238];[[-0.70141849 -0.10445748 -0.70505371] [ 0.10892621 -0.99329244  0.038797  ] [-0.70437716 -0.0495859   0.70809184]];-32.03316692882051;365.06592607403616;-22.6326842525373;-38.2096409678816;366.27602043149477;-22.683641837286117;368.9615798603284;367.16684567136286;371.3510921760391;367.10085108550635;371.3718376866507;-1224.0323463326235;-1583.3486447155096;84.43046319297122;1930.660838002531;-1100.3529190127686;-1584.153622163107;84.451325651063;0.009246805418775813;108.14545723753213;3.4340031211016533;-336.4863119277869;-337.6375118732139;1515.8838803653389;1516.6500072313331;6.917166440059535;59.487383029798075;2003.0917649239059;
86.5541666667;-74.26388318696014;-228.6681810442597;15.75879422733928;-70.89284052053878;-224.63219749229424;13.612583340476036;82.38643654757071;82.68210851779526;78.31135380047917;21.241539961708956;75.5073608445149;19.00663266880318;nan;nan;nan;nan;[1.78720087 7.12393072 1.23505233];[ -75.56027368 -233.27919672   14.77091399];[[-0.70320001 -0.09042888 -0.70521795] [ 0.08641143 -0.9953959   0.04147373] [-0.70572148 -0.03177456  0.7077765 ]];-37.24052843837444;358.4902289174651;-22.281800095347492;-42.90167153025619;359.69696920224203;-22.332670753188463;362.9341693149585;361.1074352642922;365.5914266328663;360.8870286989587;365.61319803990443;-1274.7649911796357;-1572.9907819630262;83.99405643901288;1951.6376646965807;-1151.0855638596522;-1573.7957594106492;84.01491889710574;0.010092363720734571;99.08481577467515;3.6899013757196752;-330.19066723363596;-331.3386749838037;1506.0301330984612;1506.7962599644802;7.658290206696829;62.71026293919618;2026.4206829765012;
86.5583333333;-73.97217286484097;-225.92749877504002;16.057133775652403;-71.03708732129711;-223.12480382139202;13.51901212945989;83.90300957268292;84.1992764024198;75.65889155474821;21.45752656247197;74.11846472725856;18.892011738715627;nan;nan;nan;nan;[1.87359149 6.39822685 1.30349398];[ -75.73762327 -231.71666428   14.65730654];[[-0.70698672  0.02487708 -0.70678915] [-0.00964543 -0.99962737 -0.02553607] [-0.70716104 -0.01123638  0.70696323]];-42.650073629763675;351.95762962823;-21.93273274736748;-47.795885774483864;353.1610158403025;-21.983516478299414;357.0580132178433;355.21014428069765;359.9883732003379;354.7405155068262;360.0111220727149;-1321.080513622192;-1562.6616684051357;83.55839477284503;1971.0867069743874;-1197.4010863022525;-1563.4666458527493;83.5792572309375;0.01095195172350117;91.30792622598554;3.94282442886386;-323.93602281629813;-325.08083837118517;1496.203747505403;1496.9698743714132;8.47284170384904;65.53798556436841;2047.961722960664;
