dt;xt_24;yt_24;zt_24;xt_avg_24;yt_avg_24;zt_avg_24;xxt_24;xpt_24;xp_24;wd_24;xp_avg_24;wd_avg_24;disSTL_24;disSTL_avg_24;disSTLz_24;disSTLz_avg_24;PCAsigma_24;PCAmu_24;PCAwt_24;vxt_24;vyt_24;vzt_24;vxt_avg_24;vyt_avg_24;vzt_avg_24;vavg_24;vv_24;vv_avg_24;vvt_24;vpvt_avg_24;axt_24;ayt_24;azt_24;aavg_24;axt_avg_24;ayt_avg_24;azt_avg_24;curvature_24;curveRadius_24;turnRate_24;vxp_24;vxp_avg_24;axp_24;axp_avg_24;thetaToR_24;psiToR_24;aa_24;
97.9291666667;-131.75184834431383;-221.46021226243863;20.532647637945047;-132.16429870888885;-223.4555498478339;20.417162252120594;0.0;0.0;83.74240814316636;33.428788031412225;82.14435260973619;33.39868839253775;nan;nan;nan;nan;[nan nan nan];[nan nan nan];[[nan nan nan] [nan nan nan] [nan nan nan]];;;;;;;;;;;;;;;;;;;;;;;;;;;;;
97.9333333333;-131.53427632702648;-220.16207789419514;20.550733648805064;-132.11731678385758;-222.3872740951747;20.26237032766969;1.0804540364469366;1.0804540364469366;82.54035070063243;33.3985051049135;82.06507796920943;33.22296371760353;nan;nan;nan;nan;[nan nan nan];[nan nan nan];[[nan nan nan] [nan nan nan] [nan nan nan]];28.5753706993562;259.0771302353083;-37.26558801474873;38.86537616184851;260.37145998339173;-37.21009204838579;265.87291247574336;263.2987566845949;266.38966086104585;263.0776875763206;266.403830140639;2697.485100676578;396.6937199792584;-8.607907631162927;2636.480808642007;2612.2773736114395;356.4128909804916;2.7979989737926365;0.035836939260605404;27.90416873293846;9.547097879542719;-61.56987234080469;-85.80471197010252;-6554.253095397447;-6249.645202792926;11.675917068896434;-46.844591051636264;2726.511667298876;
97.9375;-132.72196267461135;-222.58002581610543;19.899630549685014;-132.02192946327804;-221.31135477191876;20.107208163892427;2.171154776261683;2.1716810651402723;85.16264269827735;32.94588526559474;81.86636746618498;33.04038765809286;nan;nan;nan;nan;[0.55117863 1.35254269 0.4529165 ];[-132.05050107 -220.9978841    20.01833643];[[ 0.69410261  0.58212957  0.42349348] [-0.02740047 -0.56649619  0.82360869] [-0.71935442  0.58327287  0.37725586]];39.628555566955725;260.6410002934508;-37.27575312860539;43.14946523033765;260.69630462259425;-37.10321830400166;266.835320754309;266.25858713213114;267.9699683218487;265.7598822603098;267.9823482833979;2608.2662208693864;354.1177505759948;3.6593226188567387;2596.1912699678833;2573.974827874572;338.8310403104533;7.498122942091131;0.03492412167792006;28.63350463677447;9.359048138984141;-88.21165120672522;-95.1320960050408;-6234.673532864241;-6113.550332021446;12.314067891836025;-49.966594417332246;2632.197836569908;
97.9416666667;-132.71473039201703;-221.9748385929572;19.425846809802408;-131.8797088719829;-220.22854706947356;19.951895955448297;3.2727680995809476;3.2747772074391985;84.62347090355635;32.4661944775756;81.55386027077009;32.85139671845937;nan;nan;nan;nan;[0.5905688  1.7053926  0.44831876];[-131.82112176 -220.19774271   19.87697147];[[ 0.67455409  0.71543449 -0.18201721] [-0.33126777  0.07300878 -0.94070791] [-0.65972604  0.69485481  0.28624876]];50.31277741572855;262.02939351216156;-37.23567141260058;51.51762334023239;261.3778674287499;-36.91491169940267;268.951976757937;269.4016960993063;270.89094312398123;268.55292347629;270.89959141823516;2520.382851622115;312.4648370496812;15.510570702297834;2518.35393594099;2499.796817578789;304.7043733282274;16.663203986261518;0.033135900408432895;30.17874835673715;8.976501881919802;-113.53275821977861;-113.50938218129319;-5920.3306059792085;-5849.862254535558;13.629833689126581;-55.14780337341117;2539.7252943865446;
97.9458333333;-131.52968759494482;-218.8122659238233;19.682823493999663;-131.69220394885699;-219.13959015397077;19.796646675084162;4.385820461766027;4.390612141052316;81.3544163266274;32.51727523950557;81.13310463925708;32.65641695235627;nan;nan;nan;nan;[0.92155796 2.71121429 0.43309832];[-131.41633972 -218.99394508   19.79463535];[[ 0.63320015  0.67227183 -0.38354681] [-0.39435748 -0.14617355 -0.90725711] [-0.6659878   0.72572989  0.17255831]];60.63360087293607;263.24615595758576;-37.14707612576217;59.89335634872037;261.9337377773231;-36.67946791949557;271.18606248767935;272.6809077400859;273.88693417839545;271.42700711227945;273.89211488339606;2433.8349929353635;271.73497940060184;26.94583661907952;2439.044076108511;2423.9039230923768;270.1136346940381;25.775980481454816;0.03136468692438015;31.882990013928303;8.590540434374079;-137.55501269499743;-131.44178277540783;-5611.224314744499;-5580.593021938551;15.009698071299896;-59.394894197961065;2449.1057041250033;
97.95;-131.21894181677362;-218.1352218922209;19.649138345385694;-131.4609404468399;-218.04520716627783;19.64166607363588;5.510709128551812;5.519849015203259;80.61830258351573;32.43278644394264;80.60955791412954;32.45586396263858;nan;nan;nan;nan;[1.12656646 3.3894791  0.4794322 ];[-131.0600629  -217.89123068   19.67323846];[[ 0.60271289  0.63171309 -0.48752   ] [-0.45375822 -0.23123505 -0.86060086] [ 0.65638453 -0.73991143 -0.14727666]];70.59659056594955;264.2951336958827;-37.01170052711765;68.20017713009679;262.41104041039176;-36.41888740979794;273.56380179038376;276.05373076770735;276.889892878434;274.3546952021489;276.89177518910213;2348.6226448088287;231.928177628613;37.96512036924294;2359.7184804874564;2347.6739070386107;235.56188273344378;34.77258643198991;0.02963204210285245;33.747252265942805;8.20486874033703;-160.30023394767528;-148.95421285847846;-5307.3546591590275;-5310.432997018571;16.416710471445292;-62.877134247119336;2360.3517444761487;
97.9541666667;-131.2764051640682;-218.25955661191898;19.397979789860997;-131.18742093292212;-216.94610522197502;19.487152680025048;6.647712187699632;6.662964231298815;80.73735522005896;32.19327682443923;79.98858652405335;32.25014290135898;nan;nan;nan;nan;[1.2513109  3.80602257 0.56977877];[-130.762309   -216.96369318   19.52073027];[[ 0.58974496  0.60915379 -0.53021933] [ 0.48149638  0.26187353  0.83641108] [ 0.64835339 -0.74856791 -0.13886675]];80.20731112210328;265.18017279320725;-36.83127787569462;76.37020675541895;262.7761536773503;-36.12452023322217;276.02299973626896;279.4821637064336;279.8877714845028;277.31083516802096;279.8866074455974;2264.745807242512;193.0444317337147;48.568421952788086;2280.657309586636;2271.3442688492282;201.23457050363433;43.56172369105571;0.027961193443792776;35.7638525698192;7.82596357311324;-181.79024129301746;-165.79369491410492;-5008.721639222797;-5040.347194804297;17.822704882355037;-65.75713073992213;2273.47720807949;
97.9583333333;-129.85678557552964;-214.50675210951135;19.690433703896232;-130.8731247881476;-215.84297541137104;19.333297801261256;7.796998255234307;7.820266598609409;76.86236116349293;32.23975364022191;79.27546598388253;32.03964846977061;nan;nan;nan;nan;[1.390158   4.19313638 0.71073445];[-130.47474615 -216.10166759   19.33520215];[[-0.5856578  -0.5981111   0.54705398] [-0.48309344 -0.28437597 -0.82810086] [ 0.65086532 -0.74926192 -0.12239655]];89.47132716876243;265.905119315716;-36.60754143051981;84.30976467120665;263.00956444519494;-35.79470362697724;278.50211528156933;282.93243531492124;282.83888478586476;280.2724661919246;282.8349719252523;2182.2044802361333;155.083741715779;58.75574136974899;2202.5892414923305;2195.595902447382;167.48498893330012;52.02670829526283;0.026375862323674035;37.91345237279448;7.460016279820667;-202.0468540462961;-181.70804100539468;-4715.325254934815;-4772.819511325083;19.200783702974306;-68.15196996848434;2188.4971093540717;
97.9625;-130.14241959240354;-215.05455461238728;19.3224841787589;-130.5195082076116;-214.73649279949493;19.180285522440897;8.958635814101646;8.991915528060535;77.44993675538701;31.920892045465564;78.47538089465469;31.82476491832553;nan;nan;nan;nan;[1.61275833 4.50769651 0.68632439];[-130.14673812 -215.1341107    19.17981465];[[-0.58662685 -0.59465022  0.54978183] [-0.4574762  -0.31685839 -0.83085274] [ 0.66826975 -0.73891263 -0.08616068]];98.39420333319808;266.47381932955847;-36.342224450622325;92.15984130935314;263.3447865529263;-35.50779794374302;281.2556073566981;286.37470718566664;285.68224781069665;283.21871655362366;285.67538013091354;2100.9986637902566;118.04610757506508;68.52707862005613;2127.1825386957967;2122.0667555470877;134.48059730478556;60.44176439100924;0.024845917167342055;40.24806141245689;7.097866831481633;-221.09189152257807;-197.8229675564503;-4427.165506297083;-4512.743600779733;20.557812123745766;-70.16312526608606;2105.4278019600356;
97.9666666667;-129.32632173900828;-212.8125141214207;19.36226972893408;-130.12800420046602;-213.62731642611146;19.028292706749347;10.13260214016887;10.177938053523262;75.14924735658292;31.819125968720765;77.5934249436025;31.605866046677782;nan;nan;nan;nan;[1.73470254 4.67950546 0.64814283];[-129.85019432 -214.2833119    19.00475925];[[-0.5859347  -0.58854141  0.55704536] [-0.4235587  -0.36360734 -0.82969135] [ 0.69085349 -0.72208636 -0.03623168]];106.98150424277671;266.8901189008921;-36.03706019502905;99.8965124596123;263.5732743080374;-35.18764524671803;284.0569564525085;289.78275919122535;288.5429654337957;286.1306952011167;288.53339271533457;2021.1283579045964;81.93152931144162;77.88243370374501;2051.9434513731608;2048.2748453302074;101.61274074021709;68.67995733818874;0.023385910409290632;42.76078983021868;6.747616072129484;-238.94717303713986;-213.33046767264435;-4144.242393308589;-4252.141613537305;21.891924026629685;-71.9005145354155;2024.287106144052;
97.9708333333;-129.58731265031503;-213.04551765620909;18.891635124021633;-129.70002258991192;-212.51608930569856;18.877488995457785;11.318791785379696;11.378244569148729;75.45951064643316;31.390492732432826;76.63460090413727;31.383315203678908;nan;nan;nan;nan;[1.75181944 4.62402387 0.65432647];[-129.42980177 -213.13003653   18.87256856];[[ 0.58560817  0.58838779 -0.55755079] [-0.42653452 -0.36122828 -0.82920591] [-0.68929774  0.72340441  0.03942947]];115.2387945248325;267.1578640958714;-35.69378192276756;107.75569706693123;263.7343631564366;-34.83727933675949;287.0204532633499;293.13367288620174;291.45936050389616;288.9913802803296;291.44715081524606;1942.593562579154;46.740006924908585;86.82180662081565;1975.0721300128737;1972.3986966850352;68.00425941049896;76.9981868019856;0.021954218844483297;45.54933186571938;6.398494530599041;-255.6345179051866;-228.81812380479732;-3866.555915969336;-3984.476496245762;23.238622732999517;-73.45492978465882;1945.0944459655968;
97.975;-129.2911733603981;-212.32481198602449;18.802380335646205;-129.23695001320414;-211.4034384274621;18.728036807925307;12.517024600176008;12.592643245242119;74.69543000649075;31.252187091764018;75.60382063585942;31.157465287380923;nan;nan;nan;nan;[1.90083116 4.85023411 0.67031102];[-128.8886798  -211.75515043   18.77760294];[[ 0.5841911   0.58907364 -0.55831264] [-0.45247555 -0.3346968  -0.82658571] [-0.67378531  0.73550683  0.07101453]];123.17163880672621;267.28090098065104;-35.314122892864084;115.39520699573035;263.7873874196816;-34.45982363971291;289.9781353905303;296.4075233712119;294.3198574085953;291.7855068548481;294.3052550813135;1865.3942778136686;12.471540415350953;95.34519737129634;1899.53250454548;1897.306191349988;35.010122982829934;85.0131953202142;0.020614901863957456;48.50859861469306;6.0670739515482435;-271.1757454419745;-243.4868556482238;-3594.1060742784025;-3719.9993566431426;24.538796387406776;-74.80220331490716;1867.8709959957303;
97.9791666667;-128.95815180286337;-211.39966187996777;18.561490134196205;-128.74014992164882;-210.28997475532864;18.580091341597882;13.727053287717693;13.820853138190854;73.73516155989277;30.955644923966307;74.50590508455227;30.928658745034788;nan;nan;nan;nan;[2.02310585 5.03981223 0.68421185];[-128.43573044 -210.62815796   18.63860952];[[ 0.58388883  0.58837277 -0.55936688] [-0.451299   -0.33750311 -0.82608768] [-0.67483556  0.73478509  0.06846775]];130.78560171573795;267.2630756213847;-34.89981636434877;122.81069292242746;263.73718706648185;-34.05775054822176;292.91585909648546;299.5870864857411;297.11067377421017;294.4994556021388;297.0939008867354;1789.5305036086659;-20.873870216997766;103.45260595512897;1825.4654734495427;1823.1074038239506;2.67409117214076;92.71697856952206;0.019365587797872737;51.63798849988161;5.753398021834576;-285.59267496260276;-257.34401341499387;-3326.8928682376472;-3459.0905808312714;25.791216924308006;-75.98025537187827;1792.6398365211649;
97.9833333333;-129.1396540404712;-211.7169631067108;18.1103861394309;-128.21096258060973;-209.17629322796054;18.433800572010394;14.94857049063501;15.062516045578953;74.07447531035304;30.537182853029577;73.34558428219711;30.697227573093517;nan;nan;nan;nan;[2.18419315 5.22406468 0.69439484];[-127.94039642 -209.44185265   18.48760769];[[ 0.583706    0.5875222  -0.56045069] [-0.44663511 -0.34410821 -0.82589746] [-0.67808878  0.73239826  0.06155001]];138.0862478792296;267.1082340842277;-34.45259559624798;129.99262043192667;263.5829881779346;-33.63165914721083;295.81271358845;302.65756543043364;299.8220747687026;297.1211438816804;299.8033482899757;1715.002239963881;-53.296224972255835;111.14403237234332;1752.989701598874;1749.8901399858958;-28.957838611187306;100.09413306892539;0.018203933307579176;54.933183016202975;5.457600157659649;-298.9071257823315;-270.3668701080709;-3064.9162978461322;-3202.071178450554;26.994910046595077;-77.01832150639919;1719.4261154842936;
97.9875;-128.0715211314453;-209.28003945631815;18.14815258702356;-127.65070506949853;-208.0629727587329;18.289305252783556;16.181215417733284;16.317207180175917;71.47549137788562;30.397313346645586;72.12749734695068;30.46349331720752;nan;nan;nan;nan;[2.34819178 5.34655182 0.67770207];[-127.37063824 -208.11260507   18.37166502];[[ 0.58473524  0.59035876 -0.55638227] [ 0.45438624  0.32981643  0.8274988 ] [-0.67202518  0.73668016  0.07539561]];145.07914192453535;266.8202224353345;-33.97419384758928;136.9412093547717;263.3272585788223;-33.1828762409024;298.6557268926956;305.6063388897462;302.4457146416076;299.6399202343794;302.42523635811835;1641.8094868793128;-84.79552385042359;118.41947662293941;1682.1713770474107;1677.687982380295;-59.8703657705601;107.1406311201162;0.0171254455660177;58.3926412977141;5.179166923040993;-311.1409172163656;-282.56288763183125;-2808.1763631038552;-2949.0602917622405;28.15086393928224;-77.94002108718074;1648.2572143071695;
97.9916666667;-126.83172800207068;-206.9468588975252;18.20183524109106;-127.06067128178131;-206.95057623574917;18.14673891562602;17.424580022980095;17.584444748860165;68.8648930679232;30.25219797873481;70.85619248316004;30.22776707222771;nan;nan;nan;nan;[2.44562232 5.32117306 0.71375085];[-126.93830728 -207.22084072   18.16586041];[[-0.58841727 -0.58626209  0.55683199] [-0.3689495  -0.41811694 -0.83009306] [-0.71947299  0.69388398 -0.02972613]];151.76984847901184;266.4028867408581;-33.466344377398464;143.66103364938857;262.9738421586283;-32.71300660886992;301.4363532327743;308.4227312913095;304.9752074722529;302.0464630867233;304.95316109311983;1569.9522443547205;-115.37176685160331;125.2789387069399;1613.0550778970623;1606.5092093288504;-90.06251488915092;113.85775372336848;0.016124819882404492;62.016196602059814;4.917314795196439;-322.315868579947;-293.9528402467697;-2556.6730640099718;-2700.0828582506456;29.26095782879392;-78.76421463560331;1579.1629132627265;
97.9958333333;-127.08611926103463;-207.40009581040232;17.924902622783208;-126.44213192497477;-205.83965052183336;18.006227870333326;18.678214753021766;18.863698528063974;69.36572281834455;30.018014164529237;69.53612698135441;29.99034948220395;nan;nan;nan;nan;[2.4435205  5.05701919 0.80004421];[-126.48218619 -206.31882776   17.95613758];[[ 0.59561482  0.58526106 -0.55019313] [ 0.29555966  0.47721607  0.82759248] [-0.74691865  0.65554124 -0.1112574 ]];158.16393216994757;265.8600730669557;-32.93078044470657;150.12539678779066;262.506419641458;-32.21778872403208;304.11386193979257;311.09780486420067;307.40578195574415;304.33268419495545;307.38238664063425;1499.4305123905924;-145.02495397558664;131.72241862429797;1545.7279604049738;1536.409315902459;-119.4665623565447;120.20433463302446;0.015200567197932587;65.7870187986149;4.672386623591857;-332.45379918820436;-304.4245529932153;-2310.4064005661935;-2455.4030232098507;30.32394170168419;-79.5052397354901;1512.1755501038133;
98.0;-126.41607449617987;-205.28089533242945;17.916770108125135;-125.79633452065464;-204.73072645454502;17.86789120478984;19.941633882038126;20.15439752762647;67.26281668614439;29.8898225635158;68.17166721826307;29.751530740388183;nan;nan;nan;nan;[2.61632815 5.12917807 0.78297455];[-125.95696734 -205.33764941   17.7653797 ];[[ 0.59568822  0.58238477 -0.55315778] [ 0.26072929  0.51118427  0.8189694 ] [ 0.75972086 -0.63207486  0.15266168]];164.26695762470013;265.19562747978074;-32.36923530853951;156.3388002846682;261.92827905759833;-31.69876843595558;306.6807065416421;313.62417253159754;309.7280981370553;306.49163716920094;309.7035527567281;1430.2442909866816;-173.75508522247938;137.7499163750378;1480.2318109588593;1467.3912699023663;-148.08045693745876;126.17944944426934;0.014346822268356879;69.70184625522154;4.443261827279466;-341.57652835638277;-313.99595677514674;-2069.3763727716555;-2215.0324236079664;31.342322310637407;-80.17554758067459;1447.3301630941007;
98.0041666667;-124.59790083752563;-201.3515471147942;18.00136261363292;-125.1245034044433;-203.6243188461569;17.731840784965847;21.21432045464409;21.45593683219747;63.040496403119505;29.675164811112072;66.76708865678866;29.511590589229733;nan;nan;nan;nan;[2.78061947 5.17343857 0.76031876];[-125.33630455 -204.20769987   17.62189144];[[-0.59637252 -0.58364552  0.55108777] [ 0.27253971  0.49852856  0.82291639] [ 0.75502446 -0.64095801  0.13824215]];170.08448947062317;264.413396045485;-31.783442227922787;162.28037546969128;261.2388517688218;-31.157361197129994;309.1139581009645;315.9958302994594;311.9281114046687;308.5174312593944;311.9026125391959;1362.3935801427597;-201.56216059237502;143.36143195917785;1416.7966532252133;1399.6592711084108;-175.8054828959879;131.75398883580704;0.01356108240611532;73.7404264683956;4.229737031326693;-349.70587539971353;-322.6228922045341;-1833.5829806255615;-1979.7045101868391;32.31504467698558;-80.78346397969477;1384.6646063109501;
98.0083333333;-124.73544707046054;-201.9073788421561;17.597922145625702;-124.42783972601548;-202.52092648366607;17.598181254919094;22.495730858450166;22.76768370427913;63.543792168684284;29.301760871436368;65.32657584601985;29.27079832037759;nan;nan;nan;nan;[2.87303737 5.07901304 0.74652115];[-124.71158254 -203.11117484   17.46257138];[[ 0.59742642  0.58304725 -0.55057932] [ 0.25988028  0.50875548  0.82074972] [-0.75864611  0.63342227 -0.15242148]];175.62209233501122;263.5172248302282;-31.175134461888003;167.9538657689231;260.4410785909515;-30.595020455933728;311.40666614740707;318.2080076099108;313.9993736719363;310.40515045918914;313.9731015695251;1295.8783798592888;-228.4461800850836;148.55696537667964;1355.464611082522;1333.219255123083;-202.63753776156696;136.92610399800813;0.01283774203990426;77.89531810902922;4.030705685418223;-356.86365963334634;-330.32059779585194;-1603.0262241295206;-1749.4425568826903;33.24463280656237;-81.33760180747085;1324.2196209632787;
98.0125;-123.78893164202665;-200.34064221573976;17.38411087686947;-123.70752144910583;-201.4210321288052;17.46701003679602;23.78529904847442;24.088983027055317;61.71534480294244;28.941658457480486;63.85422242124671;29.029412774682946;nan;nan;nan;nan;[3.11469364 5.25038895 0.70599079];[-123.96625832 -201.82852525   17.33984734];[[-0.60110553 -0.58780446  0.54144072] [ 0.28708858  0.47345314  0.8327198 ] [ 0.74582323 -0.65599393  0.11584335]];180.88533084521885;262.51095990016245;-30.546045269460766;173.36253394768585;259.53768595712893;-30.013145763326477;313.55249564842325;320.2570340590397;315.93652682931565;312.1507778867726;315.90964749731813;1230.6986901360349;-254.40714370070165;153.33651662756324;1296.2817851165992;1268.079136083036;-228.57115157344307;141.69332985136666;0.012171625276292277;82.15829663666906;3.8451338505029407;-363.07170037251575;-337.10261411197246;-1377.7061032827203;-1524.2775956104765;34.13345904562445;-81.84502963760913;1266.0388414262718;
98.0166666667;-122.730032361408;-198.320842890824;17.658839746691584;-122.96470335149472;-200.32510251802006;17.338417330829138;25.082440445607723;25.419162158586904;59.48546727352448;29.04417106545958;62.35403110393139;28.787682342194266;nan;nan;nan;nan;[3.52711442 5.80152317 0.6809252 ];[-123.02035372 -200.15579151   17.30817767];[[-0.63304598 -0.62042781  0.46294938] [-0.2814747  -0.37262019 -0.88426591] [ 0.72112744 -0.69008951  0.06125098]];185.87976962858022;261.3984473214424;-29.897907909668664;178.50918684223774;258.53120301144077;-29.413090476222646;315.5456268259508;322.1402208924089;317.73507360114485;313.7511253270703;317.707740683605;1166.8545109729994;-279.4450514392291;157.7000857118286;1239.2978841605193;1204.248806659086;-253.59948688067468;146.0525850465003;0.011557972445166338;86.52036546584866;3.6720573124371585;-368.35181693242686;-342.98088073890034;-1157.62261808516;-1304.2484162638968;34.98373900621689;-82.31160400718046;1210.1687087284274;
98.0208333333;-123.37182118589415;-201.1302868212361;16.60336450759955;-122.20051702501769;-199.2335883624845;17.212486115338756;26.386555530861827;26.757535262151013;62.0626920951683;28.124818419323102;60.82991370172746;28.545844962160544;nan;nan;nan;nan;[3.65512782 5.70530099 0.66753611];[-122.21700882 -198.9161241    17.20011528];[[ 0.63654811  0.62167636 -0.45642634] [-0.26973502 -0.37497958 -0.88692352] [ 0.72252994 -0.68768366  0.07100466]];190.61097331244545;260.18353316021825;-29.232455641536966;183.3962000914501;257.42397870254706;-28.796169460864824;317.38067111065766;323.85575575815636;319.3911908835001;315.2037677650078;319.36354730230903;1104.3458423699701;-303.5599033007468;161.64767262948834;1184.5656792178618;1141.7401380562128;-277.71433874213204;150.00017196415027;0.010992419821968696;90.97178020816386;3.510578187780139;-372.7258286282985;-347.96583326050677;-942.7757685361148;-1089.4015667153888;35.79753176170932;-82.74221916593227;1156.6582574461343;
98.025;-123.30060322197468;-201.52436030486535;16.17664184794579;-121.41607087556017;-198.14692434809317;17.08929214673218;27.697033156668724;28.103407171164974;62.32364243529451;27.698428455915263;59.28569110846987;28.3041281230297;nan;nan;nan;nan;[3.8773904  5.81558742 0.62462673];[-121.40964479 -197.69457938   17.09451705];[[ 0.64495221  0.62795546 -0.43555549] [-0.24996832 -0.36524173 -0.89672421] [ 0.72218591 -0.68721934  0.0785945 ]];195.08450652411634;258.87006348265277;-28.551421724097775;188.02554286848428;256.2181988773079;-28.163666796197255;319.05260120288494;325.4026092946059;320.90157935937094;316.5069827007843;320.8737587249189;1043.1726843273739;-326.7516992850899;165.1792773805157;1132.1402327772764;1080.5669800135597;-300.9061347264972;153.53177671518122;0.010470975362505314;95.50208699571778;3.3598612220831003;-376.2155547753057;-352.06650023326364;-733.1655546370521;-879.7913528161305;36.57674334786801;-83.14099718465128;1105.558734752895;
98.0291666667;-121.4480389993804;-198.09483876247435;16.500901444512706;-120.61245012306858;-197.06552913547594;16.968903959505347;29.013253595572316;29.45607684086647;58.47785861552617;27.724341189369728;57.725093304195994;28.06274886245183;nan;nan;nan;nan;[4.0127895  5.71909031 0.60029498];[-120.51356168 -196.36800942   16.99793222];[[ 0.65325553  0.63352879 -0.41460642] [-0.22742704 -0.35812121 -0.90555295] [ 0.72217321 -0.68585019  0.08986309]];199.3059338909437;257.46188435489654;-27.85653941637644;192.40277980067455;254.91770960187776;-27.517315741247508;320.56055747595906;326.78045224274274;322.26350188177145;317.65969401191256;322.2356243587789;983.3350368449951;-349.0204393923426;168.2948999649247;1082.0669007601095;1020.7293325311267;-323.1748748337702;156.64739929959308;0.009989678664810034;100.10331999192651;3.2190303416986343;-378.84281468867005;-355.3047009723763;-528.7919763872292;-675.4177745661216;37.32350561301498;-83.51148888403058;1056.9230034183074;
98.0333333333;-120.27737084235605;-196.09627467395165;16.73931122170285;-119.79071680153405;-195.98980535997603;16.851382866240304;30.334591345839527;30.814840433349787;56.187988508073865;27.776468590453135;56.15175935511411;27.821913767274285;nan;nan;nan;nan;[4.11137608 5.67160139 0.55720612];[-119.6072239  -195.12584538   16.90500742];[[ 0.66773899  0.64668629 -0.36867532] [-0.19026603 -0.33054652 -0.92441216] [ 0.71966901 -0.68741243  0.09767636]];203.28082004026191;255.96284184310406;-27.14954197740054;196.5334755153551;253.52635694241133;-26.858849555043168;321.9043622911253;327.9895818928124;323.4751048863992;318.6614201114747;323.44727842394053;924.8328999228336;-370.3661236225048;170.9945403827155;1034.3921261561427;962.2271956089133;-344.5205590639509;159.34703971738597;0.009544925838979553;104.76770766685284;3.0872802853762837;-380.629427683597;-357.70225479304975;-329.65503378664516;-476.280831965362;38.03980474106196;-83.85671132151498;1010.8046750720608;
98.0375;-119.92034314835203;-195.87693644424763;16.41257947634037;-118.95190975900319;-194.92013963166488;16.736782957606938;31.660417712335846;32.17899407718232;55.78550867598388;27.402329254001042;54.56923741362443;27.581818973545;nan;nan;nan;nan;[4.3559225  5.93255827 0.4742553 ];[-118.7263624  -194.03768461   16.82209673];[[ 0.69067636  0.67578315 -0.25745542] [ 0.1199371   0.24403816  0.96232036] [-0.71314883  0.69553038 -0.08749992]];207.01472959941736;254.37678201342442;-26.432162666195172;200.4231946398602;252.04798696506302;-26.19000149661182;323.08444849788174;329.03085679285056;324.5353282436003;319.51222614397176;324.5076497462062;867.6662735606976;-390.78875197564435;173.27819863389504;989.1625986527548;905.06056924692;-364.9431874170394;161.63069796855976;0.00913343954489763;109.48777786115058;2.963871000813789;-381.5972130752932;-359.28098101048926;-135.7547268346513;-282.38052501385187;38.72748811338325;-84.17924194595653;967.2569178182168;
98.0416666667;-117.7782886119616;-192.1599180049463;16.720629483260993;-118.09704465757238;-193.85690253533446;16.625151102362114;32.99010318010393;33.54783633827848;51.54586742792683;27.36974772979079;52.98098471830832;27.34265016651078;nan;nan;nan;nan;[4.3824011  5.77924954 0.45204631];[-117.84908276 -193.04228719   16.72666188];[[-0.69954111 -0.68392801  0.20708624] [ 0.06870276  0.22408422  0.97214515] [ 0.71128206 -0.69428289  0.10976838]];210.51322719571905;252.70755093202288;-25.70613474179282;204.0775018015242;250.48644573598747;-25.512504824981033;324.1017959552887;329.9056387602076;325.44382370275355;320.21267995922574;325.4163801275992;811.8351577589759;-410.2883244516222;175.14587471844789;946.4241219194114;849.2294534451466;-384.44275989303566;163.49837405311456;0.00875223985982079;114.25646646074391;2.8481222131913677;-381.7679901789577;-360.06269893990014;52.90894446743387;-93.71685371159114;39.38827175591918;-84.48129326777561;926.3308857993192;
98.0458333333;-114.95108497611861;-186.62595702493132;17.635341115188126;-117.22711397339958;-192.80044863051205;16.516526947351238;34.32301959687106;34.920670434348246;45.51163475929374;27.820925046947778;51.39036759395008;27.104582580620633;nan;nan;nan;nan;[4.40263439 5.66231576 0.44753565];[-116.98582532 -192.10121362   16.63593521];[[-0.70298212 -0.68615069  0.18711857] [ 0.04118039  0.22338836  0.97385924] [ 0.7100143  -0.69231125  0.12878207]];213.78187745651414;250.95899466504878;-24.973191463218622;207.5019616276812;248.84557932133922;-24.828092799178396;324.95787514561516;330.61574134330414;326.2008814129015;320.76381160810723;326.1737507848822;757.3395525174716;-428.86484105050977;176.5975686363824;906.2201452341659;794.7338482035933;-403.01927649193965;164.95006797105026;0.008398616529097593;119.06722929132795;2.7394082546996708;-381.1635783098001;-360.06922789648763;236.33598012028102;89.71018194142012;40.0237480005272;-84.76477259277843;888.0737305792379;
98.05;-116.02134762799548;-190.6850283604349;16.527216708248986;-116.34308699668674;-191.75111645143832;16.41094291750594;35.65854217976172;36.29680622159965;49.30217679092263;26.92461506142623;49.80066145150437;26.86778099952082;nan;nan;nan;nan;[4.46981782 5.65257655 0.40043026];[-116.11626044 -191.22164418   16.5130177 ];[[-0.70805493 -0.69464159  0.12700899] [ 0.01402705 -0.19365922 -0.98096858] [-0.70601803  0.69279807 -0.14686513]];216.82624500913693;249.1349592786567;-24.23506608950016;210.70213874566554;247.12923378727282;-24.138498678231475;325.6545970544884;331.163383978215;326.8073639329719;321.1670761108888;326.7806162745874;704.1794578361847;-446.5183017723065;177.63328038769865;868.5899278819928;741.5737535222597;-420.6727372137514;165.985779722367;0.008070102925476387;123.91415688678703;2.6371532073865245;-379.80579678302547;-359.32238719545677;414.52638012388655;267.900581945182;40.63539310845358;-85.03133019236127;852.5261784586925;
98.0541666667;-114.72126750268;-188.62368815545904;16.617861876855173;-115.44590983169157;-190.70922850708214;16.308424215845633;36.996051360269526;37.67556197885821;46.880311751620575;26.8123047371704;48.21505078811796;26.63239975605817;nan;nan;nan;nan;[4.30954991 5.14363656 0.48195736];[-115.18802571 -190.18456454   16.43459138];[[-0.69516358 -0.66030186  0.28416376] [ 0.07180779  0.3295396   0.94140708] [ 0.71525606 -0.67483709  0.18166911]];219.651894480931;247.23929083899458;-23.493491879662468;213.68359778281143;245.34125519994282;-23.445455721167857;326.1942685861648;331.5511511732854;327.26464711480537;321.4243192583709;327.238345291457;652.354873714941;-463.2487066170683;178.25300997239802;833.5663267573016;689.7491694011462;-437.40314205847096;166.60550930706466;0.007764451882393971;128.792091849718;2.5408263860897415;-377.71646491383086;-357.84399615201283;587.4801444788341;440.85434629969444;41.22457468804281;-85.28239843815363;819.7196966074703;
98.0583333333;-113.64487271103859;-187.50154637691327;16.476130137308587;-114.5365053967214;-189.675091281133;16.208988823476783;38.33493448068792;39.05626601147807;45.3311763360607;26.51326411143122;46.636629187118906;26.398582732278438;nan;nan;nan;nan;[3.97092606 4.22900601 0.59386676];[-114.24045    -189.1654032    16.35846948];[[-0.66217712 -0.60466453  0.44260848] [ 0.13323712  0.48624177  0.86360686] [-0.73740717  0.63083258 -0.24141442]];222.26439049921126;245.27583541222987;-22.750202092738192;216.4519033664532;243.48548962550376;-22.75069718701513;326.5795528682513;331.7819561344673;327.57456724133385;321.5377462172597;327.5487677251555;601.8658001540941;-479.0560555846808;178.45675739047624;801.1732318537614;639.2600958402527;-453.2104910260984;166.80925672514334;0.007479613456677305;133.69674860767918;2.449938170795142;-374.91740201743556;-355.65587408136105;755.1972731839412;608.5714750049573;41.79255879857657;-85.51922381515945;789.6733248918847;
98.0625;-112.82100781817371;-186.64843465341772;16.522898158438323;-113.6157734241456;-188.64899523201544;16.11264749959424;39.674587354091415;40.43825809467734;44.15786644596719;26.438348449030368;45.068399318037976;26.16646335942949;nan;nan;nan;nan;[3.93929684 3.99443985 0.5955165 ];[-113.22845359 -188.00890659   16.33268615];[[-0.65816768 -0.60153948  0.45273122] [ 0.13932022  0.49363998  0.8584343 ] [-0.73986835  0.62806832 -0.24109127]];224.669297691322;243.2484390645107;-22.006929987752383;219.012620123925;241.56578313011016;-22.055956334800857;326.81343387727003;331.85900831515585;327.73937382158067;321.5098927236357;327.71412737853336;552.7122371534647;-493.94034867520276;178.24452264193633;771.422721177319;590.1065328395791;-468.0947841166334;166.59702197660297;0.007213714602865908;138.6248354769558;2.3640361862359844;-371.43042740903877;-352.7798402987066;917.677766239809;771.0519680609708;42.34051667448436;-85.7428932763084;762.3903167016357;
98.0666666667;-111.3849782106073;-185.02913556684814;16.757702144401705;-112.68459046037711;-187.63121479286764;16.019403781479227;41.01441569916265;41.8208907737691;42.0166445827398;26.457707034823553;43.513272936576456;25.93616461795651;nan;nan;nan;nan;[3.87534965 3.71408378 0.59563626];[-112.25825652 -187.00775767   16.27442197];[[-0.65883409 -0.60038256  0.45329728] [-0.13494198 -0.49846949 -0.85634037] [-0.74008669  0.62535506 -0.24739188]];226.87218068460456;241.1609478619845;-21.265408823730084;221.37131268256113;239.5859817799166;-21.36296642355263;326.8991848852802;331.78578443736717;327.76168747656226;321.34359866111856;327.7370397824417;504.89418471289196;-507.9015858886803;177.61630572677512;744.3120635376663;542.2884803991253;-482.0560213300763;165.96880506144353;0.00696504069485313;143.57417907679385;2.2827018192954056;-367.2773604038305;-349.2377141192547;1074.9216236469645;928.295825467735;42.869531034054006;-85.95435606646188;737.85480330832;
98.0708333333;-111.57625247338734;-186.976417542487;16.16639950930643;-111.74380986588145;-186.62200837155237;15.929253984500383;42.353836460123844;43.20353053657752;43.67644793275823;25.926154721730082;41.97407088462246;25.70779903750445;nan;nan;nan;nan;[3.72130229 3.26038818 0.61991564];[-111.24627165 -185.95553508   16.2175914 ];[[ 0.64098155  0.58517402 -0.49670314] [-0.14314144 -0.54463726 -0.82636601] [ 0.75409096 -0.60078417  0.26533978]];228.8786041063782;239.01720787082004;-20.527371859703923;223.53354566969577;237.5499316410777;-20.673460712298024;326.84034028890864;331.56600258698654;327.6444623902817;321.0419838334918;327.62045458171235;458.4116428327018;-520.939767225018;176.57210664499718;719.820758135004;495.80593851889165;-495.09420266642695;164.9246059796651;0.006732018803313267;148.5438512898738;2.2055470605941276;-362.4800203170442;-345.0513148582105;1226.9288454043353;1080.3030472252497;43.38060195769971;-86.15444189296943;716.0287593428666;
98.075;-110.8400701047913;-186.22453864493218;16.023210751344365;-110.79426181518654;-185.62161835066698;15.842187202114658;43.69227902134077;44.585558871692456;42.633192880483726;25.67601979841754;40.45352309026646;25.481468696920334;nan;nan;nan;nan;[3.73990711 3.2548544  0.62650643];[-110.30261898 -185.07210977   16.1383261 ];[[ 0.63854083  0.5837679  -0.50147847] [-0.14389226 -0.54956535 -0.82296594] [ 0.75601629 -0.59765622  0.26692023]];230.69413258398498;236.8210651571648;-19.79455235469896;225.50488371266331;235.46147877974786;-19.989172460064612;326.64067043625425;331.2035990350562;327.3909528438864;320.6084257547022;327.36762201044996;413.26461151272963;-533.0548926842653;175.1119253966009;697.9078530351412;450.6589071988778;-507.2093281256855;163.46442473126763;0.006513202623965106;153.53429913580982;2.1322116546796797;-357.060226463872;-340.2424618307794;1373.6994315124655;1227.0736333335146;43.874652335337295;-86.34387613011008;696.8495850321686;
98.0791666667;-109.68655915353051;-185.12730134237455;15.815077184559428;-109.83675329686359;-184.630271087523;15.758185305865474;45.02918632540051;45.96637322466592;41.06757547968418;25.30139112991649;38.954268567769816;25.257265224248556;nan;nan;nan;nan;[4.0055611  3.6997593  0.49378653];[-109.4634185  -184.47807959   16.00287314];[[ 0.628977    0.59334521 -0.50232399] [-0.20598762 -0.49585112 -0.84362359] [ 0.74963793 -0.63409236  0.18965718]];232.32433074475927;234.57636578717344;-19.06868356774277;227.29089143879784;233.3244692620818;-19.31183492587998;326.30415911489695;330.70270748048733;327.0046833959461;320.04653929172827;326.98206301943276;369.4530907529744;-544.246962266422;173.2357619815864;678.5098165781956;406.847386439084;-518.4013977078517;161.58826131625108;0.006307258948160383;158.5474781072159;2.0623605428672596;-351.0397981595192;-334.83297435216633;1515.233381971357;1368.6075837925305;44.35253289227537;-86.52329260003262;680.2286170343722;
98.0833333333;-109.44830023229406;-185.5740922714137;15.426969587960144;-108.8720681135396;-183.6481769141596;15.677222945383923;46.36401590262752;47.345387862765875;41.291385160032966;24.89209230125082;37.47885541758576;25.035269796734017;nan;nan;nan;nan;[4.04415367 3.68697671 0.50035204];[-108.50345605 -183.59904513   15.92218865];[[ 0.62744639  0.59214891 -0.5056389 ] [-0.20608377 -0.49992835 -0.8411903 ] [-0.75089314  0.63200579 -0.19164596]];233.77476321603967;232.2869558269924;-18.351498757860487;228.89713347543372;231.14274915423394;-18.643181368771714;325.83498340631957;330.06764044775167;326.4894223158224;319.3601580082051;326.467542662285;326.9770805532948;-554.5159759715216;170.94361639994509;661.5392325586766;364.3713762395101;-528.6704114129258;159.2961157346155;0.006112955570754839;163.5869897016965;1.9956815835880581;-344.4405547191671;-328.8446717375767;1651.530696781463;1504.9048986022972;44.815026809567925;-86.69324436154542;666.050822987778;
98.0875;-109.08696754631976;-186.23694022555816;15.034813364156335;-107.90096688189114;-182.67553013733695;15.59926754838823;47.69624081950037;48.72203465787833;41.63733159975231;24.46584578815921;36.02974082634935;24.815553140820608;nan;nan;nan;nan;[4.03135697 3.61125411 0.54119864];[-107.62358649 -182.941249     15.79828158];[[ 0.62745253  0.58912314 -0.50915347] [ 0.19309961  0.51573491  0.83470356] [-0.7543314   0.6220542  -0.20983972]];235.05099462515088;229.95668134279208;-17.644731184084588;230.32917444990517;228.92016452235893;-17.98494504776738;325.23749564908707;329.3028726066958;325.84915791905;318.55331706871806;325.8280463889496;285.8365809139793;-563.8619337994941;168.23548865169258;646.8845423570505;323.2308766001562;-538.0163692409075;156.58798798636093;0.005929150538761168;168.65822405125493;1.9318835367905391;-337.28431545806643;-322.2993733022156;1782.591375941857;1635.9655777628143;45.262853958939075;-86.8542128519143;654.1758257674863;
98.0916666667;-106.26809291730783;-180.74738954281855;16.11415155603254;-106.92418703265744;-181.7125090385498;15.524279320684808;49.025350552698015;50.09576379598101;35.5400444997957;25.081965296479435;34.609291066896965;24.59817553215419;nan;nan;nan;nan;[3.94832503 3.46754783 0.62710421];[-106.82247886 -182.43264299   15.65232863];[[-0.63308558 -0.58538888  0.50648051] [ 0.16243584  0.53926545  0.82632159] [ 0.75684691 -0.60540287  0.24631304]];236.15858959943213;227.5893884007191;-16.95011410544018;231.59257898954644;226.66056143261125;-17.338859221894566;324.51620728569554;328.4130258110872;325.08807749282573;317.6302375743729;325.06775893412515;246.0315918348815;-572.2848357503758;165.11137873682182;634.4109651404535;283.42588752102216;-546.439271191797;153.4638780714873;0.005754782656600276;173.7685086774007;1.8706943013340227;-329.5928996914002;-315.2188983612883;1908.4154194530092;1761.789621274082;45.69667477487851;-87.00661565957166;644.4402569664736;
98.0958333333;-105.72441471851322;-181.0790409105386;15.865348460971035;-105.94244281062058;-180.75927587400693;15.452211246166641;50.350851795070604;51.466044420835615;35.5055740815577;24.76882040761542;33.21978149823684;24.38318679557808;nan;nan;nan;nan;[3.99903471 3.60191832 0.66087601];[-105.93317662 -181.73335672   15.5066361 ];[[-0.62726715 -0.58514692  0.51394455] [ 0.17588941  0.53642591  0.82541514] [ 0.7586823  -0.60815321  0.23356121]];237.10311276621772;225.18892306692808;-16.269380780954844;232.6929117216918;224.36778595114544;-16.70665715018085;323.67577439665104;327.4028556785483;324.2105485357573;316.59531221118203;324.1910455243703;207.56211331600127;-579.7846818241671;161.5712866553327;623.9626026884686;244.95640900210813;-553.9391172655944;149.92378598999463;0.005588863179076527;178.92726444686994;1.8118593973174753;-321.38812673437405;-307.62506622999996;2029.0028273149228;1882.3770291361;46.11709378782176;-87.15081315280449;636.6612826563392;
