dt;xt_25;yt_25;zt_25;xt_avg_25;yt_avg_25;zt_avg_25;xxt_25;xpt_25;xp_25;wd_25;xp_avg_25;wd_avg_25;disSTL_25;disSTL_avg_25;disSTLz_25;disSTLz_avg_25;PCAsigma_25;PCAmu_25;PCAwt_25;vxt_25;vyt_25;vzt_25;vxt_avg_25;vyt_avg_25;vzt_avg_25;vavg_25;vv_25;vv_avg_25;vvt_25;vpvt_avg_25;axt_25;ayt_25;azt_25;aavg_25;axt_avg_25;ayt_avg_25;azt_avg_25;curvature_25;curveRadius_25;turnRate_25;vxp_25;vxp_avg_25;axp_25;axp_avg_25;thetaToR_25;psiToR_25;aa_25;
105.629166667;-176.7837029201507;-123.5228279320093;30.320116485053717;-265.52857782104155;-204.3532671508362;19.67635332821466;0.0;0.0;95.87506778583223;47.57791447074509;184.60948413638897;43.90192258611655;nan;nan;nan;nan;[nan nan nan];[nan nan nan];[[nan nan nan] [nan nan nan] [nan nan nan]];;;;;;;;;;;;;;;;;;;;;;;;;;;;;
105.633333333;-284.64397387338033;-240.163782431259;10.155241378827853;-262.8362925341518;-204.69664523126974;18.05974385764464;3.159071818186762;3.159071818186762;217.26804131790666;43.542239945001626;182.38385718440156;43.47719251788535;nan;nan;nan;nan;[nan nan nan];[nan nan nan];[[nan nan nan] [nan nan nan] [nan nan nan]];634.1445588779225;-81.97612445289454;-303.3753171881865;626.4898421599735;-81.65568084868272;-262.78086384266754;684.2594207947662;707.7400579406426;686.8268649357931;707.0995987393303;687.4815209460019;-1909.8827653306842;72.32300484105956;12412.682168747619;11351.750175052202;-1896.516870098427;75.72556915215415;11191.948956120483;0.02052332822724966;48.725040545434496;14.109408904543608;-522.8913182659704;-515.7561622847896;1788.1155892669053;1771.5721383225143;96.85369157831997;-92.86553608389136;12558.963389415605;
105.6375;-264.76627607250765;-220.6437996414881;13.5868235726537;-260.17740476513194;-205.0388298919768;16.683812431331628;6.169307122023571;6.172369314316626;191.35064520770084;44.03366574974907;180.1895719291499;43.05950006175924;nan;nan;nan;nan;[37.30268825 40.99156657  7.16714776];[-249.04714178 -203.68598947   16.23092843];[[ 0.5771894   0.57765468  0.5772066 ] [ 0.71366318 -0.01326826 -0.70036335] [-0.39690964  0.8161734  -0.41990918]];626.2154114124165;-81.66738789742226;-254.5228717904311;622.9349669117212;-81.47708348922704;-251.34123972030247;676.6527225389374;680.8797221248834;681.2384439371529;678.5884460736011;681.8626836300606;-1896.1152028846848;75.8642705646001;11049.979373757411;10919.575153191648;-1890.209095618596;77.28335909808304;10754.452956029314;0.020282742199761037;49.3029980932155;13.830045027705738;-515.476444767708;-512.4732743361292;1771.0371886138212;1763.8145303190718;96.91588045209849;-92.78145612358118;11211.737261041348;
105.641666667;-260.4759220589594;-217.17682774097176;13.461543747216595;-257.55167474537785;-205.37975899939866;15.523496040513502;9.051568474342488;9.063221250982782;186.10387775325069;43.292673554592035;178.02633046449935;42.64877800786389;nan;nan;nan;nan;[31.73829262 35.31994206  6.23002077];[-251.36160697 -208.03128156   15.30975695];[[ 0.57661895  0.57831617  0.57711437] [ 0.75838577 -0.11611248 -0.64138047] [ 0.30391052 -0.80750746  0.50553941]];618.3435389808222;-81.34397445836653;-211.1797578106159;616.0665027660185;-81.13687682178826;-226.89468167614626;661.5151738121103;658.4546032103971;668.2361725011345;654.1944559705039;668.7990408272805;-1882.3907490531358;79.367908961121;9768.203088133932;10067.870103265022;-1878.0371970214235;80.29607988051488;9890.830968244143;0.019767232494059584;50.58877110392253;13.220306131836901;-508.13256253827245;-506.12530515800296;1754.0397802300195;1748.8379836919314;97.04524616671459;-92.58644324600695;9948.240335261456;
105.645833333;-258.565833952881;-216.92270959205774;13.630916946695422;-254.95886345470834;-205.71937107322753;14.555136650555058;11.824210839298436;11.851720248263284;184.2272265886728;43.20539505667411;175.89383629043846;42.24495943198284;nan;nan;nan;nan;[28.02655242 31.44657664  5.60291312];[-251.56134658 -210.31081885   14.72378842];[[ 0.57519948  0.58003391  0.57680691] [ 0.76513925 -0.13210011 -0.63016782] [-0.28932245  0.80380981 -0.51979063]];610.5287619638859;-81.00604091625546;-173.00878145959135;608.9679515034933;-80.7681449665698;-204.56337799777236;647.4655472050704;639.7182085201374;655.7993084038807;633.3583966738966;656.3067648303754;-1868.7094038359908;82.833920030634;8567.353311873225;9264.843252675419;-1865.3985976698305;83.39593912339484;9074.726094257303;0.019140292029431977;52.24580682793672;12.561903139745121;-500.85933410985024;-499.58233923118837;1737.1233641154424;1733.316621421751;97.16603668460172;-92.39952790039831;8769.17778727047;
105.65;-257.28681238749783;-218.3855236037076;13.04096888847802;-252.3987326213467;-206.05760528640914;13.756481200939584;14.503188940767693;14.554778293162796;183.56545503388418;42.47441815086687;173.7917943130646;41.84797769555464;nan;nan;nan;nan;[25.41440182 28.54754438  5.13436435];[-250.7339601  -211.4487548    14.33597035];[[ 0.5730371   0.58250146  0.57647249] [ 0.77024816 -0.14256095 -0.6216061 ] [-0.27990399  0.80023023 -0.5303634 ]];602.770900742434;-80.65374405162049;-139.67274894858923;601.795459036261;-80.38564032956414;-183.49075400431767;634.2621559678074;623.9761710275844;643.7157611910069;615.5578380893993;644.1711981168193;-1855.0711672333427;86.26230377311548;7447.43004498348;8497.45524891511;-1852.5939801972597;86.5199382028061;8292.59643007817;0.018407607975218364;54.325363803177;11.857650883861131;-493.65642201470246;-492.98145552324274;1720.2879402702063;1717.6085637961469;97.28118348922202;-92.21300225864236;7675.476825284235;
105.654166667;-257.0087275095312;-219.40350001144708;12.972687632157346;-249.87104472195588;-206.39440146513786;13.10668160527916;17.102197478251774;17.186294452576135;183.682048734412;42.38550417133254;171.71991084461234;41.457766445678274;nan;nan;nan;nan;[23.54324968 26.30176442  4.78123541];[-249.57775558 -212.07054415   14.01880253];[[ 0.57019344  0.5860499   0.5756952 ] [ 0.76798226 -0.13144002 -0.62683871] [ 0.29168937 -0.79954302  0.52502216]];595.0697756972132;-80.2872406449899;-110.8344664884429;594.5542155905686;-79.98567779917886;-164.26500221772707;621.9930987423415;610.6049114775412;632.1989912621118;600.3125530733414;632.6073759562005;-1841.4760392451453;89.6530601885773;6408.433287460467;7781.269769190579;-1839.6188606898988;89.6625324082365;7560.153589616771;0.01759969102099778;56.819179314393836;11.13369435443331;-486.52348878501533;-486.33151381036566;1703.5335086942519;1701.7151934503995;97.38845609240784;-92.03479459830713;6668.364782624488;
105.658333333;-255.16710991770685;-219.67002384158752;12.786465235799824;-247.37556298158623;-206.7297000888637;12.586294751298437;19.63283759150802;19.757414201126707;182.07440667656837;41.9626254411853;169.67789360341047;41.07425961510501;nan;nan;nan;nan;[22.25531842 24.49891603  4.51647723];[-248.06913443 -212.38688567   13.7192118 ];[[ 0.56584703  0.59175011  0.57415063] [ 0.76389201 -0.11418165 -0.63516262] [-0.31030008  0.79799396 -0.51664253]];587.4252072089962;-79.90668747689277;-86.15674029012467;587.2982870049693;-79.56900438390923;-147.13530845760886;610.6548152373267;599.0629655265645;621.3067934277001;587.1880947489065;621.6737538296546;-1827.9240198713983;93.00618927701949;5450.36303930418;7128.113144550671;-1826.5621320965997;92.7982225723089;6889.488824941528;0.01675860223214315;59.67084761293463;10.41838315859446;-479.4601969530005;-479.68447226972944;1686.86006938758;1685.7495117618216;97.48699470562784;-91.86971368820197;5749.470726412976;
105.6625;-249.35376049409967;-216.90837489409762;12.559331891089869;-244.91205137370997;-207.06344229028787;12.177282500846;22.104802087191736;22.276851503417177;175.65239675947427;40.9309231032973;167.66545171391078;40.69739142224384;nan;nan;nan;nan;[12.71806829  6.2205114   0.91150622];[-251.7112613  -218.30699272   12.44190632];[[-0.64178814 -0.71456712 -0.2783915 ] [ 0.43151266 -0.03639304 -0.90137249] [-0.63395963  0.69861963 -0.33170138]];579.8370156585306;-79.51224132785714;-65.30237656454182;580.3082713299162;-79.18013406796493;-128.2851555607799;599.5700664160862;588.8952042882908;609.8731982958749;575.7975633796613;610.1940997796034;-1814.4151091120557;96.32169103845327;4573.2193005117715;6448.8709302298175;-1814.0268605401757;95.82893346774468;6187.734612886398;0.01574225752738982;63.5232906246203;9.605832660424316;-472.46620905084507;-473.2681112161497;1670.2676223501344;1670.4004647609736;97.58873759516246;-91.67222086100898;4920.946537701055;
105.666666667;-247.88682489013377;-217.0710063039437;12.58858626223298;-242.48027462020497;-207.39556985536478;11.863011689890461;24.52607171441947;24.751242952034374;174.35348063362756;40.76935589976175;165.6822957066742;40.32709637115894;nan;nan;nan;nan;[10.57917526  2.77060073  0.73113567];[-247.95386969 -216.27490748   12.53097932];[[-0.59361381 -0.56385766  0.57418393] [ 0.12267299 -0.76855676 -0.6279107 ] [-0.79534519  0.30229961 -0.52539601]];572.3050214266412;-79.10405897841483;-47.93418152280788;573.2372950890519;-78.77380795967184;-111.3109041026149;589.2337623334406;579.7311234143552;599.1816873230754;565.801696379985;599.4611264851429;-1800.9493069672096;99.59956547285603;3777.002071089219;5816.622774319523;-1801.301645839564;98.88417374213819;5529.795186045461;0.014668079566564853;68.17525058150417;8.792943500346674;-465.5411876108084;-466.7907826273203;1653.7561675820273;1654.8410206627493;97.68279366222534;-91.48704136178331;4185.580380869576;
105.670833333;-246.13461696844894;-216.06792682293542;12.592991816979662;-240.07999819138698;-207.72602522329777;11.62825412852441;26.903115115359398;27.185506454113288;172.35263044777417;40.52803881039402;163.7281375183976;39.96330925157456;nan;nan;nan;nan;[10.88303184  3.19189246  0.7049978 ];[-245.37169997 -215.43671763   12.40072992];[[ 0.59916574  0.56269656 -0.56953753] [-0.05866203  0.74030868  0.66970278] [ 0.79847303 -0.36785274  0.47657652]];564.8290448940752;-78.68229720909382;-33.7149613758177;565.9250356750975;-78.34438879856921;-94.83928796695541;579.1402937131563;571.2787869951292;588.3727090031928;556.9075013947843;588.6124413663568;-1787.5266134368142;102.83981258023917;3061.711351033398;5202.205547747362;-1788.1099392843325;102.03581391348852;4884.177934793635;0.01350073681981413;74.07003138764743;7.94670165975546;-458.6847951650778;-460.1019377052504;1637.3257050832028;1638.7273616688294;97.77464214833999;-91.29868033042183;3546.8160112759133;
105.675;-244.8477441513208;-216.17882087992098;12.350252740581084;-237.71098830596046;-208.0547514865456;11.459186600958065;29.241085850915056;29.583182959039434;171.20550134539948;40.11978609767433;161.80269049187336;39.60596513886757;nan;nan;nan;nan;[11.01844519  3.41837357  0.68801559];[-243.11987922 -214.96258889   12.26130443];[[ 0.59495381  0.56875968 -0.56792815] [-0.00932249 -0.70165873 -0.71245218] [-0.80370582  0.42917065 -0.41215228]];557.4089064416057;-78.24711280042337;-22.307522334543535;558.6291844989703;-77.90281599302311;-80.05086630636636;569.6872437662855;563.3160082890731;578.082676427779;548.8657038847439;578.2871734669403;-1774.147028520869;106.04243236060263;2427.3471403443054;4643.393826572942;-1774.9020508494;105.1692898854993;4289.495117028493;0.012326128976008556;81.12847122940131;7.128042285324939;-451.89669424586464;-453.44162016948763;1620.9762348536608;1622.6167784545162;97.85963338897012;-91.12260437898568;3008.464195566911;
105.679166667;-241.58951738432881;-214.801950314183;12.198506265267227;-235.3730119310516;-208.38169239081827;11.343390865523803;31.544010960311713;31.94674648407179;167.6707084989283;39.51989442361537;159.9056693760164;39.25499939407245;nan;nan;nan;nan;[11.25397557  3.7475338   0.59001084];[-240.75487788 -214.38889461   12.13849525];[[ 0.59046773  0.57712016 -0.56416325] [-0.18750038 -0.58181114 -0.79141607] [ 0.78497864 -0.57308648  0.23533045]];550.0444264499807;-77.79866253293113;-13.374670609931012;551.3613107211933;-77.45014839106118;-66.73013894646571;560.7590675948131;555.6801101123967;568.2208329633899;541.4673010856334;568.3939316459303;-1760.810552219329;109.20742481395722;1873.9094390201924;4138.207778264374;-1761.6999677835438;108.27976056539367;3742.9202947766767;0.011161163257861007;89.59639572476301;6.343937465877717;-445.17654738535725;-446.82002122896716;1604.707756893346;1606.5357013533924;97.93887959749594;-90.95766712778364;2573.697077763894;
105.683333333;-239.23370653815647;-214.54244402796814;11.921318894895691;-233.06583678219232;-208.7067923350791;11.269853654674783;33.814966716624895;34.277873864257536;165.39746163819183;38.931260333052265;158.03679032585114;38.91034766387893;nan;nan;nan;nan;[11.46552739  4.02054866  0.5419772 ];[-238.25579804 -213.62074009   12.0575532 ];[[ 0.59509063  0.5826749  -0.55349535] [-0.26777299 -0.50560695 -0.82015806] [ 0.75773661 -0.63627948  0.14485736]];542.7354253000237;-77.33710318714947;-6.579212413012392;544.1282000570601;-76.98653326591882;-54.802461872373094;552.2732423618886;548.2572894553733;558.7608477742994;534.5395102063519;558.9061567148211;-1747.5171845322855;112.33478994028127;1401.3982470648348;3686.6114549669865;-1748.5149035242935;111.36396124922608;3243.670408685524;0.010023699404753672;99.76356628629114;5.602307310375515;-438.52401711581297;-440.24360655645694;1588.520271202369;1590.4984348438945;98.01309262986699;-90.80436753103317;2242.844725375113;
105.6875;-237.29248732949975;-214.34376704186286;11.622425199171275;-230.78923132335132;-209.0299963715401;11.228966674985752;36.05623846936225;36.57767059647485;163.533719542356;38.3765800355429;156.19577090253682;38.5719458806366;nan;nan;nan;nan;[11.34597974  3.98931695  0.49142784];[-235.65160682 -212.81685958   11.96891569];[[ 0.59802488  0.58727852 -0.54540828] [-0.30049308 -0.46657307 -0.83187348] [ 0.74301423 -0.66137245  0.10254917]];535.4817233724827;-76.86259154360606;-1.5839539547254362;536.9328682551887;-76.51224467085761;-44.120059318219894;544.1485167043646;540.9723125585025;549.6423858055545;527.9413779043346;549.7631159156671;-1734.2669254596915;115.42452773958567;1009.8135644762059;3286.6385971679524;-1735.3524539368373;114.42051994079011;2788.808540152228;0.008923736047776026;112.0606878829882;4.905940935234308;-431.93876596942;-433.71503436926264;1572.4137777806743;1574.5118506475476;98.0830966547361;-90.66196330288814;2010.1562191400594;
105.691666667;-231.41560597759354;-212.32443361458638;11.160534263832432;-228.54296476688725;-209.35125020566895;11.21252660715163;38.26946263500711;38.84685277172253;157.34288105325845;37.11502618653467;154.38233007332943;38.23973026234787;nan;nan;nan;nan;[11.0744511   3.79424316  0.44933307];[-233.0295157  -211.96517822   11.88640524];[[-0.60254555 -0.59144597  0.53584561] [ 0.3068739   0.44809722  0.83966499] [ 0.7367274  -0.67037344  0.08849966]];528.283141048106;-76.37528438282851;1.9482985539675182;529.7765781328768;-76.02761024873237;-34.52061154071505;536.3162247027944;533.7790339152208;540.8060121888373;521.55928759481;540.9049253441309;-1721.0597750015038;118.4766382118808;699.155391253385;2935.6025892482157;-1722.2155933526042;117.44894790749099;2374.435039467155;0.007865365533536745;127.13967275089114;4.254414956721994;-425.4204564783675;-427.23519807099547;1556.3882766282072;1558.5793518659834;98.14964200091627;-90.52923392941057;1861.4246490387113;
105.695833333;-228.2830997169949;-209.68250389415982;11.491336449409502;-226.32680707357275;-209.67050019618557;11.213735105988633;40.45574995190187;41.08588759471019;153.4300292732019;36.990891599130116;152.59618821160086;37.913637312671625;nan;nan;nan;nan;[11.24123292  3.85189581  0.4178445 ];[-230.5885695  -211.21692632   11.81936756];[[-0.60628883 -0.59704712  0.52530809] [-0.32027459 -0.42130271 -0.84848584] [-0.72789975  0.68267032 -0.06421211]];521.1394987077164;-75.8753384853494;4.354738902071067;522.6550892348172;-75.53030579821936;-26.254574449080835;528.7366755545993;526.652074765211;532.3562523288678;515.3025669091369;532.4367188699295;-1707.8957331578113;121.49112135714579;469.42372739849094;2638.3886176254223;-1709.089362793495;120.44926248010907;2006.3897983117608;0.006879136697914612;145.36707786358525;3.662704972095377;-418.9687511749115;-420.802357135005;1540.4437677450778;1542.6863536901112;98.21282862754687;-90.41113875280618;1775.3947627927619;
105.7;-226.03373033071767;-208.07095179395355;11.633082546760178;-224.1405289526162;-209.98769335505875;11.227198800433861;42.615790031633985;43.295096682433076;150.7358402427702;36.8111109238768;150.83706709685737;37.59360382092648;nan;nan;nan;nan;[11.30228169  3.76858126  0.36647474];[-228.07823057 -210.43891879   11.7525496 ];[[-0.61497273 -0.60649023  0.50396243] [ 0.31843815  0.3936658   0.86233658] [ 0.72139149 -0.69079435  0.0489641 ]];514.0506167320616;-75.36291063169631;5.972560878627296;515.5683570696616;-75.02044863266116;-19.13647350281303;521.3492141958974;519.579903715437;524.1994433751744;509.0993639123997;524.264396891333;-1694.774799928569;124.46797717539114;320.61857291032607;2391.1091813314174;-1695.9738580564313;123.42138004236203;1681.0243760234487;0.005968380755075649;167.54963214261704;3.1290095369775743;-412.5833125912406;-414.41634660047026;1524.5802511312302;1526.8330361027517;98.27339833606939;-90.30601821409141;1729.3207247674184;
105.704166667;-226.69861079031375;-210.0648967370169;11.370161455319177;-221.98390186161689;-210.30277734751266;11.248929293545379;44.74993800947411;45.47472751040916;152.11580516638037;36.668067693918175;149.10468991470228;37.27956686208401;nan;nan;nan;nan;[11.25671766  3.69118865  0.3074989 ];[-225.52753103 -209.68982523   11.66486595];[[ 0.62145382  0.61230961 -0.48874542] [-0.30855859 -0.38212537 -0.87107508] [ 0.72012967 -0.69213954  0.04853988]];507.0163155019154;-74.8381576023985;7.138958272663934;508.5340843524622;-74.4988098797391;-13.117053781895148;514.1294046459624;512.5595172696319;516.3316883010696;502.89411032164105;516.3838842396711;-1681.6969753137778;127.40720566661685;252.73992778889055;2191.3404223477814;-1682.8998653184678;126.35726388229973;1397.803538338137;0.005143622464952685;194.41551296070847;2.6560837475146992;-406.2638032595666;-408.0936360116794;1508.7977267866656;1511.0577110709976;98.33165447743352;-90.21414939668767;1705.3488745514856;
105.708333333;-223.09081374483264;-208.31729542685508;11.78877925955969;-219.85669800659522;-210.6157004920228;11.276343162502208;46.858284730900124;47.62499927355918;148.10597981349366;36.581927716364525;147.39878125686127;36.97146379677334;nan;nan;nan;nan;[11.05519661  3.44901954  0.25158128];[-222.88923274 -208.92413005   11.60311605];[[ 0.64197183  0.62905668 -0.43836042] [-0.26554318 -0.35393131 -0.89678283] [ 0.71927671 -0.69211293  0.06017222]];500.036415398027;-74.30123617798337;8.135912360311483;501.5523518739546;-73.96547597950476;-8.051965053171282;507.04091299261773;505.5920128835297;508.70181191470226;496.65646500485377;508.74360213201453;-1668.6622593133925;130.30880683083274;226.03478274574124;2033.4307835339264;-1669.8675761734473;129.25674676735764;1153.1156589358818;0.004404551091217866;227.0378931450874;2.2407871879206724;-400.0098857120792;-401.8342144165442;1493.0961947113294;1495.3607385604898;98.38805429025538;-90.1341833027728;1688.9363054317546;
105.7125;-219.8006147887001;-206.86320569916342;11.826838120872097;-217.75869034197785;-210.9264117603177;11.30820444557018;48.940722262157784;49.74612934840075;144.50949298512836;36.16479771029185;145.7190671211697;36.669232271278915;nan;nan;nan;nan;[10.76190662  3.14227664  0.1956747 ];[-220.40148499 -208.32581284   11.55583628];[[-0.68151464 -0.66698994  0.30110166] [ 0.15876532  0.26689159  0.95055902] [ 0.71437481 -0.69562439  0.07599566]];493.1107368012169;-73.75230313898382;9.024554366088681;494.6233231479561;-73.42051348661819;-3.8175890401846106;500.0573742968359;498.67729399728046;501.2734253500659;490.386545931292;501.3068105579705;-1655.670651927502;133.17278066801902;200.75012849270598;1911.2375013826877;-1656.877246079825;132.11960572078303;943.4675340989003;0.003749398292469554;266.70946162440015;1.8795988995094126;-393.8212224810325;-395.63817203560853;1477.4756549053297;1479.7425985254174;98.44292934421752;-90.06492992307115;1673.105170410614;
105.716666667;-217.94585927107136;-207.3452923838393;11.643125013847168;-215.68965257062624;-211.23486077737508;11.343991998724473;50.997088605943866;51.83833843077375;142.9909612495946;35.745929175517695;144.0652749115962;36.372810217544625;nan;nan;nan;nan;[10.38726682  2.7145643   0.18816476];[-217.94120287 -207.74669598   11.50792174];[[ 0.70813741  0.68717202 -0.16228376] [-0.01152406  0.24105708  0.97044252] [ 0.7059806  -0.68533648  0.17862054]];486.23910009223454;-73.1915152659273;9.810803001624201;487.747243613058;-72.86396976715012;-0.3094496215023554;493.1598397086204;491.81471330264736;494.02061484173487;484.0971460482465;494.0473031168339;-1642.7221531560617;135.9991271781857;176.88596502969133;1818.447505944449;-1643.929194360671;134.945562021635;765.531077811297;0.0031754464827243433;314.91634497397035;1.5688207709817978;-387.6974760986164;-389.5056987621909;1461.9361073686118;1464.2038909085156;98.49651330050892;-90.00537238366718;1657.8059234082261;
105.720833333;-215.83574318955766;-206.89480351592732;11.548808370733553;-213.6493591437939;-211.54099782142802;11.383266852273293;53.0272768115815;53.90184507516286;140.87597269076778;35.36800214079671;142.43713343820767;36.08213585316767;nan;nan;nan;nan;[9.92818467 2.14341075 0.19393564];[-215.44344296 -207.12101489   11.48476303];[[ 0.71266907  0.68317531 -0.15929312] [-0.05954723  0.28517029  0.95662533] [-0.69896848  0.67227182 -0.24391324]];479.4213256518532;-72.61902933934306;10.50057697854313;480.92443983431787;-72.2958736953843;2.559571533874708;486.33482457024235;485.00370413930955;486.9246964780952;477.79934227084516;486.946158985748;-1629.8167629990724;138.7878463613327;154.44229235669715;1748.9709886028536;-1631.02380420367;137.73428120478448;616.1900168587878;0.002679457246347263;373.2099108366956;1.304751414275329;-381.63830909704234;-383.4370826625283;1446.4775521011773;1448.7453356410665;98.54896420827636;-89.95467097206141;1642.9903130934104;
105.725;-212.7395674661994;-205.68459628562715;11.553766731531411;-211.6375852611549;-211.8447738239607;11.42561469782319;55.031231489675584;55.93686530960916;137.5541320050938;34.9472713602448;140.83437291719287;35.79714768140263;nan;nan;nan;nan;[10.06315708  1.66229025  0.17909867];[-213.08015205 -206.66358155   11.49604735];[[-0.64688811 -0.59080427  0.48216811] [ 0.14546373  0.52507305  0.8385336 ] [ 0.74858271 -0.61257538  0.25372293]];472.65723386082277;-72.03500213975832;11.099795008472432;474.15531870495175;-71.71623635062001;4.861213894018305;479.5728476603067;478.2437743488874;479.9719125256807;471.5019221818147;479.9894317855631;-1616.9544814564897;141.53893821746937;133.41911047365429;1697.2991480884089;-1618.161522661119;140.48537306091427;492.5865859284259;0.0022580413942222995;442.8616776285511;1.0838360057610423;-375.6433840085009;-377.432708475919;1431.0999891029717;1433.3677726429;98.6003818010144;-89.91215810082402;1628.6115943261411;
105.729166667;-210.23174093336888;-205.40089336222303;11.586316930754606;-209.65410687079014;-212.14614036971057;11.470645888279298;57.008937997175046;57.94361295893008;135.14025617822236;34.645279372686964;139.25672497085066;35.517784491159496;nan;nan;nan;nan;[10.14322058  1.46488431  0.19475692];[-210.85633907 -206.39890385   11.47593266];[[-0.63573645 -0.56349263  0.5275559 ] [ 0.07130472  0.6376533   0.76701624] [ 0.76860575 -0.52523741  0.36519975]];465.94664509996255;-71.43959044770632;11.614375803033125;467.4397006057328;-71.12521451338645;6.695329109264905;472.8673146600786;471.5345002102609;473.13458082780573;465.21191638798643;473.1491843175349;-1604.135308528401;144.25240274657696;113.81641938070607;1658.5157587233323;-1605.342349733019;143.19883759002434;391.209093708423;0.001904419060437379;525.0945134787376;0.901074325044712;-369.71236336524476;-371.49223873457447;1415.8034183741015;1418.071201914016;98.65084126691681;-89.8765624781265;1614.62473073043;
105.733333333;-207.87412385404826;-204.83152342160275;11.277736994818966;-207.69870066921408;-212.4450496966641;11.51799543784474;58.960414174527166;59.9222999424487;132.75994713790473;34.0206174252698;137.70392262761206;35.24398535700756;nan;nan;nan;nan;[10.23117694  1.48139848  0.19166471];[-208.63062874 -206.14628256   11.45833188];[[-0.63861852 -0.56859276  0.51852547] [ 0.08984799  0.6141236   0.78407879] [-0.76426024  0.54731571 -0.34110379]];459.28937975002265;-70.83295104371437;12.050238073852483;460.7774059174343;-70.52296496421289;8.147603917108494;466.2142102520404;464.8755204808683;466.39217203471424;458.9349935081872;466.40466551225177;-1591.3592442147633;146.9282399486649;95.63421907777843;1628.7696456133308;-1592.5662854193695;145.87467479211475;308.77785586278895;0.001611432006037603;620.5660532081208;0.7515794057717051;-363.8449096994646;-365.615335970706;1400.587839914514;1402.8556234544144;98.70037728744697;-89.84674980265116;1600.9865882326471;
105.7375;-205.27326980969553;-204.69339318911665;11.424004241236474;-205.7711441013344;-212.7414546960632;11.567323022021515;60.88570396707141;61.87313654673047;130.32470700685283;33.82129623968228;136.17570032200766;34.97568963916952;nan;nan;nan;nan;[9.85185498 1.05090972 0.19133898];[-206.28108121 -205.84451528   11.47017526];[[-0.58725243 -0.57432822  0.57033471] [ 0.08482329  0.6570869   0.74902724] [-0.80494695  0.48824574 -0.33715947]];452.6852581917759;-70.21524070831164;12.413300532555583;454.1682550208291;-69.90964448362857;9.290624119390824;459.6112247944125;458.2665305714487;459.7297853359636;452.67575656768673;459.7407867812335;-1578.6262885155757;149.56644982373317;78.87250956487132;1605.1899534417012;-1579.8333297201707;148.51288466718538;242.2918901310577;0.0013718061508310698;728.9659689848878;0.6306752390944115;-358.0406855433716;-359.8016627165249;1385.4532537242085;1387.7210372640952;98.74899626294625;-89.82172432893319;1587.6561197156007;
105.741666667;-204.27330112863365;-205.82719222853495;11.48930979915039;-203.87121536047886;-213.03530891240086;11.618312977609923;62.78487245375858;63.796331673689565;129.88364387238556;33.77155509739997;134.67179389468913;34.71283698352547;nan;nan;nan;nan;[9.60319368 0.83919824 0.17182182];[-204.03342966 -205.71902001   11.44400839];[[ 0.5830658   0.55033098 -0.59763709] [-0.50917152  0.82075908  0.25903454] [-0.6330708  -0.15326561 -0.75876941]];446.1341008059735;-69.5866162220253;12.709481890768409;447.6120682966905;-69.28540985216274;10.18513312240719;453.05713617594023;451.70727688306914;453.13685079851945;446.4379677200384;453.14682330848257;-1565.9364414307952;152.16703237179064;63.53129084193485;1585.7249326340827;-1567.143482635422;151.1134672152363;189.0756114280113;0.0011784322961287533;848.5850254487101;0.5340028514748656;-352.2993534291577;-354.05088150424234;1370.3996598031345;1372.6674433430587;98.79668532449385;-89.80062473387498;1574.5945412257156;
105.745833333;-202.32947467016578;-205.85569106581698;11.202600660858963;-201.99869338838266;-213.32656654342335;11.67067430270888;64.6580019384718;65.6920930647876;128.14139190779622;33.2320358206466;133.1919405924191;34.455367321610986;nan;nan;nan;nan;[9.38194909 0.84156093 0.1383356 ];[-201.92314794 -205.72073731   11.41909052];[[ 0.54478975  0.53228219 -0.64798133] [-0.68843119  0.72510618  0.01683821] [ 0.47881795  0.43691727  0.76147007]];439.63572797343306;-68.94723436538882;12.944700860114036;441.1086661257916;-68.65041785034468;10.88143596213845;446.5513865737068;445.19755133841886;446.60605384503225;440.22472024850083;446.61533569938666;-1553.2897029605087;154.7299875928195;49.61056290907367;1568.9563188908603;-1554.496744165124;153.67642243626753;146.79019093515006;0.0010245181660661555;976.0685882610575;0.457565524667756;-346.62057588907334;-348.3626548660698;1355.4270581513938;1357.6948416913046;98.84341874163835;-89.78271494691424;1561.7655004307705;
105.75;-199.82608866694613;-204.95855079480845;11.27504454327773;-200.15335787521317;-213.615182440126;11.724140656715203;66.50518885142853;67.56062750198824;125.49353990829763;32.960916916650085;131.73587906809087;34.203220870620655;nan;nan;nan;nan;[9.09207932 0.92958757 0.12477348];[-199.81568954 -205.76154632   11.40199305];[[-0.77906726  0.35169882  0.51900111] [ 0.0815357  -0.76396262  0.64008831] [ 0.62161575  0.54098897  0.56650225]];433.18996007490546;-68.29725191892938;13.124876152218674;434.65786888890557;-68.0048252587036;11.420752503452395;440.0938000395563;438.7371861415293;440.1324653525471;434.0385713650024;440.1412967550143;-1540.686073104673;157.25531548682872;37.11032576623306;1553.9289222520033;-1541.8931143092766;156.20175033027905;113.40957918390328;0.0009036141216924116;1106.6670783398822;0.39771789128784135;-341.00401545531014;-342.73664533421857;1340.5354487689362;1342.8032323088332;98.88916236387476;-89.76737357862729;1549.1352382494035;
105.754166667;-195.96624232039642;-205.46293347946505;11.329799106037513;-198.33498925953234;-213.90111210675963;11.778470360324679;68.32654127387264;69.40214098644839;122.23777568842374;32.514924985081265;130.30334938069842;33.956338133402745;nan;nan;nan;nan;[8.71111797 1.03846438 0.1197811 ];[-197.76313438 -205.82844315   11.39627754];[[ 0.69903097 -0.71262322  0.05936207] [ 0.24302875  0.15867844 -0.95695255] [ 0.67252712  0.68336616  0.28410907]];426.7966174911419;-67.63682566317394;13.255926478707762;428.25949696680544;-67.34878885776877;11.836470735485152;433.68439923790385;432.3260488040011;433.712855896292;427.8816455650576;433.7214020641648;-1528.1255518632445;159.74301605382678;26.030579413377623;1540.0142066681274;-1529.3325930678793;158.68945089727086;87.19652913884163;0.0008096835055266705;1235.050477346127;0.35117706524525544;-335.44933466006063;-337.1725154409;1325.7248316557097;1327.992615195644;98.93387661934968;-89.75408304181607;1536.6727447638013;
105.758333333;-194.92590513017737;-205.712338365513;11.18961615349373;-196.54336872831573;-214.18431170082692;11.833446395531537;70.12217694613976;71.21683889585475;121.42146388229521;32.242853131138396;128.894092995352;33.71465989846203;nan;nan;nan;nan;[8.37899119 1.44509856 0.18405867];[-195.8337844  -206.10749553   11.42403537];[[-0.5579389   0.64307748 -0.52455271] [ 0.651271   -0.05245519 -0.75703008] [-0.5143445  -0.7640025  -0.38955092]];420.45552060295915;-66.96611237865622;13.34377055120551;421.91337074026427;-66.68246542806942;12.155300163202636;427.3232908782704;425.96403747868135;427.345169869784;421.7557156636876;427.36588669873237;-1515.6081392363099;162.19308929379656;16.371323850582943;1526.8072164240132;-1516.815180440933;161.13952413724297;66.67861928088934;0.0007372155128412154;1356.455449704277;0.31506076133344674;-329.956196035574;-331.66992771832537;1310.995206811817;1313.2629903517377;98.97751846918042;-89.74241853511253;1524.3499106762317;
105.7625;-192.64807530590718;-204.28163241088515;11.369070889620943;-194.77827821697056;-214.46473803307995;11.888876405627895;71.89222165358429;73.00492612165804;118.74053202272208;32.09943212934897;127.50785278329184;33.478127239962106;nan;nan;nan;nan;[8.11068264 1.77633905 0.23058186];[-193.944176   -206.43862118   11.45133149];[[-0.55892841  0.60633204 -0.56565051] [ 0.73194394  0.04017682 -0.6801793 ] [ 0.38968847  0.794196    0.46625703]];414.1664897911085;-66.28526884590329;13.39432708133752;415.63141891142135;-66.00784662476231;12.39847626799919;421.0228431048934;419.6510766456151;421.04037550164406;415.6622667706819;421.085643726637;-1503.1338352238251;164.60553520674674;8.132559077808814;1514.0776027733978;-1504.3670004886703;163.5480026639821;50.62574330695587;0.0006813422801847;1467.6910990008098;0.2869034526497491;-324.5242621140426;-326.23846356117406;1296.3465742372066;1298.643910580269;99.02003091348189;-89.73204193324555;1512.1416756813956;
105.766666667;-191.4553978857155;-205.53838759995546;11.547812091286204;-193.0395004092993;-214.742348567526;11.944592695204861;73.63680791000063;74.76660718763159;118.24124542891724;32.138625802502425;126.14437302185947;33.24668151772041;nan;nan;nan;nan;[7.76950557 2.00700917 0.26010216];[-192.17263564 -206.82821101   11.49820431];[[-0.55959577  0.60224454 -0.56934531] [ 0.7476966   0.07053333 -0.66028391] [ 0.35749456  0.79518964  0.48976635]];407.9293454363631;-65.59445184544434;13.41351478072888;409.425424960047;-65.32694622146114;12.582573898077948;414.79526235510133;413.3871131999845;414.8098017978017;409.6025471240697;414.89193938686833;-1490.7026398257913;166.98035379267728;1.314285095055233;1501.6918498700848;-1492.014049542097;165.91103057965137;38.0265416154069;0.0006379586058936675;1567.499820147698;0.2646838832477665;-319.15319542767753;-320.88754001523483;1281.7789339318786;1284.1646887072998;99.06135599005657;-89.7226870855119;1500.0261751988266;
105.770833333;-189.37604040456858;-206.434866306329;11.396276157940179;-191.32681873752404;-215.0171014214235;12.0004522301518;75.35607387667015;76.50208635120696;116.82208698739673;31.728349151310606;124.80339939451733;33.02026437721166;nan;nan;nan;nan;[7.43638663 2.23380232 0.30442502];[-190.52005403 -207.28393281   11.54611109];[[-0.55987302  0.59331979 -0.57837171] [ 0.80090309  0.20861706 -0.56127815] [ 0.21235923  0.77746418  0.59199072]];401.74390791947485;-64.89381815780624;13.40725236100461;403.3070277422732;-64.64179958763489;12.720371376678884;408.6525770482737;407.1721129956981;408.66494336172934;403.57760873109214;408.79621493838727;-1478.3145530421652;169.31754505159603;-4.08349809769379;1489.578005832398;-1479.78219620299;168.2248634747903;28.065683123127375;0.0006037420294801092;1656.3365662336182;0.24680745645068886;-313.8426585086724;-315.62641090229874;1267.2922858957836;1269.8543975817963;99.1014355210207;-89.71414887778418;1487.9848869377909;
105.775;-188.14638904265883;-206.88896522648616;11.453070044803823;-189.64001738227444;-215.28895536528404;12.056336637656702;77.05016246937059;78.21156768946912;115.95529914261742;31.62969702753287;123.48467899083883;32.79881774956615;nan;nan;nan;nan;[7.05627048 2.48084663 0.34395997];[-188.78165815 -207.69461546   11.59315032];[[-0.5703204   0.58253228 -0.57912934] [ 0.81289815  0.29895335 -0.49982345] [ 0.11803063  0.75583268  0.64403861]];395.6099976212594;-64.18352456352302;13.381458533789843;397.27001089920435;-63.95164394042744;12.821380498051658;402.5887009348536;401.006057904093;402.5994023657589;397.5883400555336;402.80995462209114;-1465.9695748730326;171.61710898348719;-8.06079050040143;1477.664546392222;-1467.6583944073868;170.49147110645845;20.099932089899703;0.0005761046833627207;1735.7956442273721;0.2320607013629117;-308.59231388927446;-310.44979849208556;1252.88663012902;1255.6982907993183;99.14021592223165;-89.70626499673506;1476.0027787550948;
105.779166667;-186.33398322654625;-207.95742759269876;11.386662969932743;-187.9788812726109;-215.55786982286867;12.112152206205414;78.7192206160986;79.89525517175869;114.89324394095983;31.341518721344237;122.18796030652678;32.58228385157277;nan;nan;nan;nan;[6.63300356 2.75361419 0.39970398];[-187.09106491 -208.17127628   11.68219627];[[-0.57392672  0.58478599 -0.57326561] [ 0.69656244 -0.01947472 -0.71723183] [-0.43059131 -0.81095381 -0.3961629 ]];389.5274349224685;-63.46372784312156;13.342052010709684;391.30821233075596;-63.255708376761866;12.892754566912426;396.59756025480107;394.8889434523081;396.6069257030696;391.63549246655043;396.9208467748528;-1453.66770531835;173.87904558835862;-10.617592113088522;1465.9035881417628;-1455.6296459897835;172.71278142357423;13.636662916036151;0.0005530938849351074;1808.0113109862468;0.21953449315443585;-303.4018241016771;-305.352486310185;1238.5619666315392;1241.6817119468349;99.17764281599405;-89.69891240279895;1464.068459206234;
105.783333333;-185.047415895757;-207.8982559454427;11.463075758553316;-186.34319608598994;-215.8238048711933;12.167829885582812;80.36339863649702;81.55335272125313;113.74471409620878;31.24708128331085;120.91299324338634;32.37060518567459;nan;nan;nan;nan;[6.1817907  3.26442783 0.46644248];[-185.53765104 -208.92252259   11.7818103 ];[[-0.57299281  0.58295999 -0.57605286] [-0.7611367  -0.11789295  0.63778693] [-0.30389169 -0.8039023  -0.51126405]];383.4960402038753;-62.734584777131126;13.294951503389212;385.41552399607815;-62.55321404754105;12.939868611148254;390.67309982199026;388.8207771129121;390.6813564895065;385.7197126529718;391.11673106732525;-1441.4089443781181;176.10335486621045;-11.753902935755065;1454.2614729447046;-1443.6830006831394;174.890680566915;8.311141959441256;0.0005332929414866074;1875.1420133414854;0.20857979197552026;-298.27085167809156;-300.3293187630922;1224.318295403341;1227.7900946027253;99.21366074480811;-89.69199832704007;1452.174332083651;
105.7875;-183.7993177691027;-209.87038193411524;11.970134259735005;-184.73274824828746;-216.08672124052535;12.223325286872003;81.98284971998355;83.18606426797153;113.6554171560262;31.6151990120485;119.65952910934287;32.16372453997178;nan;nan;nan;nan;[6.20965954 3.73431131 0.51022422];[-184.03147518 -209.7136623    11.87810242];[[-0.57537216  0.58067727 -0.5759868 ] [ 0.72771476  0.04200365 -0.68459252] [ 0.37333377  0.81304957  0.44673515]];377.51563384623245;-61.996252146078355;13.24509233763247;379.5858917139784;-61.843374331848274;12.966804935425985;384.8092906457414;382.8015432956288;384.8166078192483;379.841675473519;385.56554130520294;-1429.1932920522947;178.29003681705;-12.177760759427562;1442.7129454056158;-1431.8055561188717;177.0270128691169;3.8638093526747315;0.0005157213003121141;1939.0317975906771;0.19884436231746339;-293.19905915071183;-295.3752007632434;1210.1556164443768;1214.0089623367808;99.24821280397167;-89.68545216441336;1440.322568431327;
105.791666667;-181.88761490635596;-210.36777817084345;11.995758604272226;-183.1473249337871;-216.34658031438494;12.278617658094504;83.57772957527435;84.7935937609339;112.28200943240773;31.396561767504938;118.42732061843337;31.961584988220178;nan;nan;nan;nan;[6.15532945 3.91770771 0.55461289];[-182.50659615 -210.42599921   12.00340246];[[-0.57723653  0.58074251 -0.57405238] [ 0.58583446 -0.19521013 -0.78656912] [ 0.56885496  0.7903361   0.22753656]];371.58603623035424;-61.24888673049763;13.193476295960537;373.9998776909271;-61.15369782205391;12.979055781204883;379.1887909196567;376.8310977930079;379.19527394812263;374.0021854357095;380.2679761244773;-1417.020748340964;180.43909144086243;-12.597203375128181;1431.6296113248954;-1420.3872387698061;179.06261064762683;0.13202353426365718;0.0004998959312342948;2000.4163617233219;0.19009441404332617;-288.18610905178394;-290.6378933777998;1196.0739297547432;1200.7793677226618;99.28091512942542;-89.67933253619007;1428.518378069272;
105.795833333;-181.30101836408247;-210.67537079858425;11.980829434179668;-181.58671406520273;-216.60334412954234;12.333698616246929;85.14819701559873;86.37614481915251;111.94678337177167;31.30922055957778;117.21612189082322;31.76412988983407;nan;nan;nan;nan;[6.16661742 3.74664947 0.61881568];[-181.0509881  -211.1794808    12.13493357];[[ 0.57951284 -0.57744027  0.57508921] [-0.22211082  0.5670407   0.79317818] [ 0.78411201  0.58739048 -0.20035164]];365.7070677369929;-60.492645310915634;13.140121775073123;368.6568360975925;-60.48493794433934;12.97938083933452;373.8111218872309;370.9092642813947;373.81686121091263;368.2020560324583;375.2254765248705;-1404.8913132440834;182.55051873765515;-13.012230782858376;1421.0073917690868;-1409.42984926633;180.99859293524787;-3.0028011812087168;0.00048552025985061485;2059.6462860431006;0.1821795708649259;-283.2316639135018;-286.1159908685339;1182.0732353343922;1188.1019039247587;99.31174880902665;-89.67360567136677;1416.7616638200013;
