dt;xt_27;yt_27;zt_27;xt_avg_27;yt_avg_27;zt_avg_27;xxt_27;xpt_27;xp_27;wd_27;xp_avg_27;wd_avg_27;disSTL_27;disSTL_avg_27;disSTLz_27;disSTLz_avg_27;PCAsigma_27;PCAmu_27;PCAwt_27;vxt_27;vyt_27;vzt_27;vxt_avg_27;vyt_avg_27;vzt_avg_27;vavg_27;vv_27;vv_avg_27;vvt_27;vpvt_avg_27;axt_27;ayt_27;azt_27;aavg_27;axt_avg_27;ayt_avg_27;azt_avg_27;curvature_27;curveRadius_27;turnRate_27;vxp_27;vxp_avg_27;axp_27;axp_avg_27;thetaToR_27;psiToR_27;aa_27;
135.583333333;-261.5135495601552;-308.48427058826616;20.198105877536605;-267.189066536214;-331.16949086206057;21.48287499524502;0.0;0.0;235.358448971647;51.48375835379237;264.0743222470988;53.9549314325908;nan;nan;nan;nan;[nan nan nan];[nan nan nan];[[nan nan nan] [nan nan nan] [nan nan nan]];;;;;;;;;;;;;;;;;;;;;;;;;;;;;
135.5875;-263.8506755631513;-312.51484047351033;19.472482145143942;-265.6897302634189;-329.2504871330403;21.326122659025902;2.4403188041366826;2.4403188041366826;239.77657456497838;51.13284156180047;260.76115877113637;53.56484369234685;nan;nan;nan;nan;[nan nan nan];[nan nan nan];[[nan nan nan] [nan nan nan] [nan nan nan]];364.6178335040129;452.5182379739767;-36.84695228331411;367.46035103658966;447.2945248688479;-36.35205919083009;580.0180805535252;582.3028577130646;580.0928436512064;582.2705306331518;580.0894429129967;745.1694636021742;-1286.6102321061794;123.20027920603178;1479.8008166818322;721.513949522752;-1286.167422694596;122.48035963140246;0.004092491450281435;244.34993014615375;2.3740110855199594;-780.7653259446321;-771.5177445954596;2295.191318443719;2285.334838439608;39.54062279079978;-85.63732742665623;1491.9188073222729;
135.591666667;-268.95317686281186;-321.26340146659237;18.78891050919276;-264.17702896325954;-327.3538251225985;21.171522098712607;4.871202726470452;4.8712637518074455;249.43958331968088;51.25863918385512;257.4880172202144;53.17576232083599;nan;nan;nan;nan;[2.80684846 4.40885462 0.46794722];[-264.17780463 -314.5824129    19.48169895];[[ 0.57037434  0.57909051  0.58251806] [ 0.81262536 -0.50113136 -0.29750191] [-0.11963754 -0.6430564   0.7564161 ]];367.6716464117419;447.15807160509587;-36.335160815403114;368.63918638891556;444.8036855537857;-36.121142886876726;578.8349552222696;580.0457089645523;579.0201733542696;579.9775729144341;579.0167213374975;720.6875286690802;-1286.2572887535996;122.45987251065118;1474.1340758782133;710.5022874617378;-1285.8226216045573;122.13909671737322;0.0040901296300961155;244.49102850965156;2.368253448263604;-771.2230405435378;-767.1759375684194;2285.1031140015825;2280.5983786798924;39.785412068551835;-85.69396696786464;1479.4744834657445;
135.595833333;-265.25954260584496;-317.5597240396392;19.249231975745985;-262.6513904606372;-325.4794999882679;21.019060434280668;7.2925732260752;7.2928153430374625;244.2220892734612;51.1730345591357;254.2547227185701;52.78772545884345;nan;nan;nan;nan;[4.20230179 4.61968278 0.47469697];[-262.40636777 -313.9558923    19.44386167];[[ 0.54346524  0.61607449  0.57017345] [ 0.77356781 -0.10382315 -0.62515086] [ 0.3259423  -0.78081559  0.53299966]];370.6237862142503;441.79953003608443;-35.826451286399866;370.9392445049379;440.001959402367;-35.675159015718236;576.6024318042832;577.782268903839;576.9511554006556;577.6648436345265;576.94760285393;696.3663730962502;-1285.8303281689068;121.72094853029583;1463.3784912106955;689.232199022493;-1285.176253822877;121.48078440027498;0.004085097516371909;244.79219798114596;2.356887219495316;-761.7228213286705;-758.7948132447473;2274.9995490546776;2271.470456557766;40.26226221502082;-85.80254704057029;1467.3451358590792;
135.6;-261.3120785547795;-313.08982794509194;19.699764233707796;-261.113239789144;-323.62750560255967;20.868724811447155;9.704349167419673;9.70494956243786;238.29907276989306;51.032770332481036;251.06110012376539;52.40077092720585;nan;nan;nan;nan;[4.15769317 4.25844322 0.61355116];[-261.44383567 -314.49026394   19.2195326 ];[[-0.45827486 -0.68788222 -0.56285185] [ 0.79156791 -0.02786109 -0.61044575] [ 0.40423311 -0.7252874   0.55727353]];373.474922825539;436.4429216720759;-35.320817518325136;373.2343273430653;435.00236574565326;-35.21360779354932;574.2568410436078;575.5115133577807;574.7816534748497;575.3317568477948;574.7780014741267;672.2059968836845;-1285.3293503521004;120.98350726496575;1452.4267027412152;667.2365099642843;-1284.4247784549323;120.79633726813988;0.004080434940133889;245.07191382083096;2.3453442400353546;-752.2647323021337;-750.1058760876127;2264.880623603003;2261.942347901774;40.75527509649176;-85.91211122263068;1455.5306421209661;
135.604166667;-261.8058686146435;-317.15042299427563;18.871025116512826;-259.5629991910646;-321.7978345529635;20.720502401670757;12.10644692302521;12.107638045038964;241.4158019550464;50.337556146548756;247.90697402668644;52.01493622681142;nan;nan;nan;nan;[5.90131686 5.31562799 0.68727537];[-259.40162275 -312.9607632    19.3856671 ];[[ 0.53833563  0.63029102  0.55939966] [-0.74736401  0.05033785  0.66250519] [ 0.3894121  -0.77472533  0.49815549]];376.22572615960956;431.08855491820464;-34.81825333319964;375.50561939452126;429.92928791842155;-34.74688470686453;571.8837371387092;573.232457185535;572.570801396086;572.9777506557847;572.5670514529932;648.2064000313828;-1284.7543553031817;120.2475487146609;1441.5708915626874;645.004442245385;-1283.6165018571712;120.1023773474937;0.004075914444398928;245.34371700912118;2.333734315404159;-742.8488374660304;-741.3107609496457;2254.7463376465616;2252.2597505724434;41.25542061813837;-86.02065033379765;1444.0307349513112;
135.608333333;-254.14968265604563;-307.6287585866949;19.82751184329412;-258.0010881173746;-319.9904781419483;20.574380402151732;14.49878047448027;14.5008482400065;229.33973568590014;50.1345977019219;244.7921687515444;51.6302585385999;nan;nan;nan;nan;[8.72247847 8.06519552 0.94405054];[-256.49359608 -310.22662581   19.68441272];[[-0.564795   -0.59764598 -0.56905702] [ 0.72993565 -0.04011569 -0.68233765] [ 0.38496824 -0.8007559   0.45890025]];378.87686613048044;425.73673817956734;-34.318752553040724;377.73242162809487;424.77786966903193;-34.275182128780315;569.4671272510354;570.9441537501092;570.3126124126195;570.6022868153942;570.3087671202334;624.3675825391834;-1284.1053430221446;119.5130728793763;1430.8130009293143;622.549253619498;-1282.732349308838;119.39845259795143;0.004071746194076072;245.59487559781755;2.3221525519700275;-733.4752008224001;-732.4095844672063;2244.5966911852815;2242.4075298893576;41.761676255948615;-86.12787545148842;1432.844996743512;
135.6125;-259.2536561296993;-317.91360108939733;18.098632849246187;-256.42792322773107;-318.20542638694855;20.430346035830926;16.88126151183536;16.88454357219899;240.08381805626576;49.247663983885595;241.71650835585368;51.246774723559874;nan;nan;nan;nan;[9.16973307 7.6244388  0.90338444];[-254.83322467 -309.74293542   19.60253714];[[ 0.55612721  0.62249077  0.55066121] [ 0.69372368  0.01718482 -0.72003621] [-0.45767891  0.78243844 -0.42227965]];381.4290126521167;420.38777986137114;-33.8223089998759;379.88718264421345;419.5818179838786;-33.80193931731171;567.0147657880048;568.6456943788675;568.0188798863653;568.204850349128;568.0149430882001;600.6895444074112;-1283.3823135089985;118.78007975912197;1420.2320199558312;600.0373665423454;-1281.767142918747;118.68926065428361;0.004068090491838738;245.8155741633981;2.3107361891994285;-724.1438863734737;-723.4652931035072;2234.4316842193025;2232.446162151731;42.26995356497857;-86.23291595651658;1421.9728544299558;
135.616666667;-256.8962904597808;-314.8075283175884;18.77012883582735;-254.84391839051446;-316.4426680204145;20.28838655139372;19.253799531287115;19.258683601416543;236.24366059600172;49.55621240228463;238.67981663051629;50.8645213227393;nan;nan;nan;nan;[10.08987347  8.41248845  0.91320037];[-253.13396536 -308.87848706   19.61552471];[[ 0.56663364  0.61350714  0.55003209] [ 0.65326265  0.07233949 -0.75366764] [-0.50216952  0.78636886 -0.35979131]];383.882835638538;415.04198836871325;-33.32891649572251;382.0228646720694;414.60332646635175;-33.3464983448326;564.756032638059;566.336207814509;565.8312982470518;565.7849491580278;565.8272700177405;577.1722856359031;-1282.585266763739;118.04856935389289;1410.3637986920062;578.3603567160333;-1280.8978145354238;118.00902998763976;0.0040636777890971495;246.08250257513052;2.2993397096365675;-714.8549581212906;-714.8685991171111;2224.251316748555;2222.918458323723;42.76639981785318;-86.3334144059567;1411.4135745953715;
135.620833333;-253.4564196884392;-310.06592414452035;19.663387680207506;-253.24948468276517;-314.70219048973814;20.148489223264143;21.61630193140712;21.6232241795446;230.50103618004425;49.91746450366233;235.68191709969577;50.483534557229866;nan;nan;nan;nan;[10.9369969   9.59657177  0.98318462];[-251.00530244 -307.3575482    19.72364089];[[ 0.57115459  0.6056822   0.554014  ] [-0.63390317 -0.10332723  0.76647913] [-0.5214875   0.7889693  -0.32492804]];386.23900500374526;409.6996721067277;-32.838568862601264;384.1211298857322;409.53923788667163;-32.88530756029382;562.4525519960084;564.0148596584909;563.5943432917987;563.3421136368914;563.5902259057615;553.8158062246592;-1281.714202786367;117.31854166368905;1400.5905399966764;556.422695721077;-1279.9547546334536;117.317818364846;0.004059627217797912;246.32803613491288;2.2879662207719034;-705.6084800679539;-706.1518945711906;2214.0555887730397;2213.2085372923075;43.270048882661705;-86.43299104949382;1401.166258895302;
135.625;-246.9669095051915;-302.0900955088643;20.603157032083786;-251.64503039022566;-312.9839799573025;20.01064135160875;23.968674107599725;23.978117605231034;220.3336777265931;49.87476363415868;232.72263302090144;50.10385032817728;nan;nan;nan;nan;[10.88337765  9.80866262  1.0126547 ];[-248.47433978 -305.23264922   19.88346117];[[-0.57123481 -0.60335507 -0.55646514] [-0.63820908 -0.09980745  0.763366  ] [-0.51612011  0.79120233 -0.32805319]];388.4981906617397;404.3611394805479;-32.3512599225329;386.2464333362023;404.2825590750475;-32.40804041092914;560.0722952623912;561.680851808238;561.2624576992966;560.8758962922952;561.2582504311055;530.6201061736793;-1280.7691215768812;116.58999668851048;1390.7311992940258;533.7302787654753;-1278.9329603800104;116.60077646546632;0.004055666459571649;246.568599752559;2.2762762614312995;-696.4045162155663;-697.1232182320698;2203.8445002927547;2203.1150616493305;43.79340073555397;-86.53405663253683;1391.229839813828;
135.629166667;-241.31553263296462;-295.57761513474935;21.260853234440177;-250.0309610073303;-311.28802130046876;19.8748302623357;26.31081954504361;26.323312776311482;211.78152661293106;49.68482869195096;229.8017873849668;49.72550421677888;nan;nan;nan;nan;[10.55751957  9.54180318  1.00396065];[-246.30667839 -303.71461512   19.95704671];[[-0.57031958 -0.60404997 -0.55664999] [-0.64540309 -0.08967232  0.7585603 ] [-0.50812442  0.79188542 -0.33871383]];390.6610625265222;399.02669889530785;-31.86698349753813;388.30368855155115;399.00952186104536;-31.931362348072753;557.6808809524708;559.3334218897261;558.9097450536334;558.3858713635994;558.9054514115568;507.5851854829638;-1279.7500231352826;115.86293442835714;1381.1320225280538;511.0798561227319;-1277.8475531153506;115.88216133258577;0.004052160250026556;246.78194797292295;2.264774453733059;-687.2431305662319;-688.0941384982092;2193.618051307702;2192.970232421927;44.317449274792644;-86.632826471501;1381.6030767955322;
135.633333333;-239.68336616606024;-294.8001252392608;21.394174001268013;-248.40767923720466;-309.6142981115774;19.741043307094728;28.642639910031267;28.658755339862875;210.06325312064882;49.59048899360384;226.91920291605052;49.34853148428337;nan;nan;nan;nan;[10.3218706   9.42782533  1.00161567];[-244.3419237  -302.50273482   19.97408473];[[-0.57060222 -0.6050851  -0.55523431] [ 0.64024162  0.09564604 -0.76219584] [ 0.51429931 -0.79039475  0.33282483]];392.7282905120943;393.6966587561415;-31.385733409637716;390.2912114488506;393.7293204136034;-31.456041941210774;555.2832520994817;556.9718426868297;556.5399326179539;555.8716344471017;556.5355561254206;484.7110441525125;-1278.656907461571;115.1373548832291;1371.8123194502243;488.5079447181854;-1276.7014018438088;115.1631810635344;0.0040491207773341205;246.96719485319596;2.2534796836326403;-678.1243871220533;-679.0795556923539;2183.3762418178812;2182.791601548453;44.84148904086824;-86.72923901811768;1372.2845527849224;
135.6375;-245.34611336228363;-307.93205186378856;19.10150091874344;-246.7755849916667;-307.96279269794695;19.609267863277164;30.96403513973604;30.98438783988563;223.17815501958233;48.26119734262451;224.07470207163522;48.97296707199114;nan;nan;nan;nan;[9.32467012 8.71440974 1.12366066];[-242.69868025 -301.86898868   19.8956012 ];[[ 0.55658152  0.63191048  0.53935718] [ 0.6721382   0.03908382 -0.73939347] [ 0.48831061 -0.7740553   0.40297784]];394.70054453246973;388.37132746814615;-30.907503480849094;392.2057073934591;388.4463393527689;-30.982512510982367;552.8795452447697;554.5954215687476;554.1541962034564;553.3328021233136;554.1497405084099;461.99768218217065;-1277.489774555738;114.41325805312133;1362.780618553345;466.03569044930083;-1275.4937172415978;114.44442672883666;0.004046591642521308;247.12155026765447;2.242417708646683;-669.0483498850721;-670.0874655392787;2173.119071823222;2172.5867127441875;45.36501895978081;-86.82326984194535;1363.27267120503;
135.641666667;-242.7355076601118;-305.2658438807843;19.039190885102997;-245.13507539121406;-306.3334860818637;19.479491334015;33.27490353043537;33.30014986261966;219.4467989539014;47.81571810209565;221.26810704250943;48.5988456012514;nan;nan;nan;nan;[9.39892174 8.70106699 1.13255796];[-241.00421771 -301.06685662   19.86228712];[[ 0.5569798   0.6393313   0.53012167] [-0.65937347 -0.04769542  0.75030112] [ 0.50497537 -0.76745074  0.39499271]];396.5784945016229;383.05101343652825;-30.43228753319954;394.0466341025206;383.1630099492476;-30.51097403174877;550.4703094420797;552.203499916859;551.753100020948;550.769011587605;551.7485687572984;439.44509957224864;-1276.2486244177992;113.69064393804373;1354.0414157638656;443.6728305494792;-1274.224833439315;113.72620138990297;0.004044596883116372;247.24342843025127;2.231600541459688;-660.0150828575152;-661.121760033058;2162.846541323863;2162.3597855533035;45.88787133671846;-86.91496165795121;1354.5656534053398;
135.645833333;-236.02465999131272;-295.51754518317813;20.392919448834007;-243.48654476507008;-304.72635800062585;19.35170114818451;35.57514182410852;35.60597817939274;207.8745630943724;48.127469638123145;218.4992397528435;48.226201373472584;nan;nan;nan;nan;[9.09123924 8.05643504 1.03042564];[-238.56365971 -299.04106836   19.99777309];[[-0.56123471 -0.66289051 -0.49557217] [-0.62489614 -0.0532267   0.77889135] [-0.54269736  0.74682199 -0.38436505]];398.36281033356875;377.73602506638537;-29.960079388706497;395.8147099048486;377.8808409452032;-30.041517802602964;548.0562994094653;549.7954525519372;549.3369610831844;548.1799202845821;549.3323578094265;417.05329632259065;-1274.9334570477477;112.96951253799143;1345.5973365729778;421.42377820889254;-1272.8956088462721;113.00867370389035;0.004043151467773142;247.33181726450945;2.2210339287724636;-651.0246500414239;-652.1844138178092;2152.5586503197364;2152.113488240126;46.41003234393298;-87.00438440692606;1346.1615366055928;
135.65;-231.92073165679045;-289.7007575809943;21.094224828017772;-241.8303846511163;-303.14138690647667;19.22588476040085;37.86464529366123;37.901806887239815;200.91264975988324;48.19486482981408;215.76792186007475;47.85506837010701;nan;nan;nan;nan;[8.061488   6.88808162 1.01603993];[-236.5810774  -297.76965217   20.01071912];[[-0.55653798 -0.70137721 -0.44534872] [-0.61880823 -0.00774601  0.7855039 ] [-0.55438421  0.71274821 -0.42970704]];400.0541619423083;372.4266707628513;-29.490872869390703;397.5011082928897;372.5923497887242;-29.573790665844104;545.6251454153353;547.3706871631532;546.900171852607;545.5652055459236;546.895500590282;394.8222724331969;-1273.544272445583;112.24986385296438;1337.4334031232559;399.2740742751961;-1271.4948175297357;112.29091858455288;0.004042391747977729;247.37830035900555;2.210765858592305;-642.0771154389014;-643.2669277413523;2142.255398810842;2141.8300835010355;46.931488865325925;-87.09157832388482;1338.058172361453;
135.654166667;-230.98873697558508;-289.3899167674561;21.186214657232043;-240.16698379593674;-301.5785499666497;19.10202965102166;40.14330782647588;40.18756754698072;200.0271263509818;48.15872500352474;213.0739747549844;47.48548025266101;nan;nan;nan;nan;[6.8591565  6.11447085 1.09280948];[-234.96151278 -297.12140359   19.9251679 ];[[-4.87911365e-01 -7.26405142e-01 -4.84022798e-01] [-7.04810858e-01  7.18494607e-04  7.09394910e-01] [ 5.14960343e-01 -6.87266362e-01  5.12328793e-01]];401.6532192418428;367.1232589310598;-29.02466179727288;399.10624396268815;367.2978350171642;-29.107793562246616;543.176543330401;544.9286437396587;544.4421910391131;542.9245642319371;544.4374557446439;372.7520279040673;-1272.081070611305;111.53169788296258;1329.5499818156136;377.22407603585737;-1270.0222950069685;111.57293932681286;0.004042341450126409;247.38137842579548;2.2008020943579365;-633.1725430520509;-634.3694564890754;2131.9367867971787;2131.509537201577;47.45232844640081;-87.17662343908638;1330.253225572806;
135.658333333;-232.74462177718243;-294.7892125002218;20.353015103516;-238.49672815480733;-300.03782306335626;18.980123326146156;42.411022006539795;42.46318931900292;205.01502629528764;47.64534788969884;210.41721956167814;47.117470362692444;nan;nan;nan;nan;[6.29464819 6.00204895 1.16264602];[-233.6512518  -296.93579372   19.76013738];[[-0.42615819 -0.73048837 -0.53364402] [-0.76513129 -0.02368306  0.6434386 ] [ 0.48266274 -0.68251436  0.54882678]];403.1606521461732;361.8260979761447;-28.561439994373774;400.623520907846;362.00951094470764;-28.64467158198237;540.7130558152497;542.4687940058143;541.9675071117341;540.2577123769694;541.962711997558;350.84256273520185;-1270.5438515449139;110.81501462798602;1321.9627316997512;355.3289023656622;-1268.4784966310547;110.85638786872677;0.004043059088368106;247.33746852154675;2.1911872682983535;-624.3109968829755;-625.5134534476765;2121.602814278747;2121.174199304934;47.97121209938928;-87.25936294976906;1322.7441740533916;
135.6625;-231.84075818476407;-294.91162356189824;19.955334542933983;-236.82000089169554;-298.5191807937868;18.860153317615136;44.667679195071244;44.72859909666619;204.4456464284193;47.134088061079076;207.7974771375863;46.7510717218107;nan;nan;nan;nan;[6.38865301 6.0048001  1.13596571];[-232.48342935 -296.92431249   19.56862256];[[-0.45942193 -0.72878611 -0.50774235] [ 0.73438312  0.0098718  -0.67866338] [-0.49961278  0.68467025 -0.5306729 ]];404.57713056930044;356.53549630323977;-28.101201282714086;402.05313532766274;356.72768314609834;-28.1844324459347;538.2338950511074;539.9906408609485;539.475613320084;537.5643848388792;539.4707625465566;329.09387692660044;-1268.9326152464098;110.0998140880347;1314.6691586337372;333.5892678395451;-1266.8630934365185;110.14127080013918;0.004044572606888457;247.24491242829072;2.18192866841303;-615.4925409337785;-616.6991674940921;2111.2534812555464;2110.824001542197;48.48818654189912;-87.33987653708982;1315.5283086763634;
135.666666667;-237.15721694287737;-307.64423088982556;17.693772104444818;-235.13718237926057;-297.0225964701105;18.74210718301098;46.91316960967711;46.983721637363814;217.18960078508542;45.784045337219474;205.2145680734638;46.38631703167665;nan;nan;nan;nan;[6.44143542 5.97809468 1.07844265];[-231.40981212 -297.06325142   19.34931756];[[ 0.48107835  0.72318912  0.49554124] [ 0.71582744  0.00228739 -0.69827347] [ 0.50611727 -0.69064627  0.5165782 ]];405.903324425226;351.2517623174789;-27.643939484314558;403.39514073433656;351.45266325836263;-27.727088367601887;535.738187465497;537.4937178244945;536.9660113913607;534.8443349523917;536.9611090749935;307.50597047826324;-1267.2473617157923;109.38609626310864;1307.6664859225368;312.0061252240854;-1265.1756468027259;109.42759690750954;0.004046911741423249;247.1020036746125;2.1730342170032406;-606.7172392065631;-607.9269105840774;2100.888787727578;2100.4588528881513;49.00329002023719;-87.41823834366434;1308.6027341065344;
135.670833333;-228.7327445031715;-295.5967776269861;19.327800743498656;-233.4486501988533;-295.5480421194749;18.625972505657646;49.14738240205783;49.228479691260304;202.71750529242118;46.11346988944538;202.6683126933901;46.02323867400273;nan;nan;nan;nan;[6.01244069 5.29394175 1.11276806];[-229.63378326 -296.05916819   19.29161466];[[-0.35837802 -0.75239873 -0.55268558] [-0.78873295 -0.07270918  0.61042093] [ 0.49946524 -0.65468277  0.5673843 ]];407.1399036279589;345.9752044239597;-27.18964842119283;404.64945093036033;346.18477035149954;-27.27265602563943;533.224972341183;534.9775884872678;534.4382074547786;532.09733418645;534.433257676185;286.07884339004477;-1265.4880909530496;108.67386115320302;1300.951634792128;290.58066547750724;-1263.4156084538824;108.71537717391206;0.004050108090790068;246.90699052551128;2.1645124609016104;-597.9851557033729;-599.1970580366618;2090.5087336947695;2090.0786395612813;49.51655264318116;-87.4945174339405;1301.9643701258976;
135.675;-222.64528610155617;-287.5267771352674;20.130922324286573;-231.7547791405047;-294.0954884839961;18.51173689461991;51.370205734291524;51.46279412774477;192.72723178148243;45.98680578392312;200.15853105475213;45.66186871055038;nan;nan;nan;nan;[5.73851079 4.83703555 1.14443378];[-227.89428687 -295.0824443    19.23595291];[[-0.04984053 -0.72311666 -0.68892541] [-0.85229785 -0.32880698  0.40678538] [ 0.52067676 -0.60744405  0.59992286]];408.28753809148344;340.7061310278884;-26.738321915375835;405.8158429859169;340.9243322991698;-26.821156536402395;530.693200644172;532.4418459697242;531.8917083249073;529.3231718058212;531.8867151364441;264.812495662237;-1263.6548029582054;107.96310875832745;1294.521205702496;269.3143177496798;-1261.582320459037;108.00462477903586;0.004054195192473264;246.65807947691573;2.156372563446568;-589.2963544264305;-590.5100488186011;2080.113319157264;2079.683225023766;50.02799671450014;-87.56877821614376;1295.6099535550682;
135.679166667;-227.15755579815652;-295.73628552393205;18.96431928518699;-230.0559412029719;-292.66490502079927;18.399387984706436;53.58152685362267;53.686584059535036;201.70609149020316;45.54803388910237;197.68504294831288;45.30223888313993;nan;nan;nan;nan;[6.51059107 5.51394794 1.10302959];[-226.30717584 -294.34323779   19.13979567];[[ 0.50911572  0.76864435  0.38728161] [ 0.65458358 -0.05362076 -0.75408564] [ 0.55885733 -0.63742504  0.53044114]];409.34689772980926;335.4448505343623;-26.28995378888117;406.8939602162747;335.67168714938543;-26.37261542648771;528.1417340625825;529.8861123876159;529.3260181336335;526.5216545369225;529.3209855667359;243.70692729469323;-1261.7474977312481;107.25383907847716;1288.3714606027372;248.20874938211674;-1259.6750152320778;107.29535509918493;0.004059208603243076;246.35343923962347;2.1486242984895982;-580.6508993777793;-581.8663858288315;2069.70254411499;2069.2724499814826;50.537637063320346;-87.64108082931581;1289.5360407679805;
135.683333333;-229.16295050907075;-300.3421954086576;18.380119396342636;-228.35250559366935;-291.2562599019573;18.288913436465144;55.78123216600269;55.89976696469364;206.39871633736902;45.302325219808644;195.24766789810815;44.944380613635886;nan;nan;nan;nan;[7.49221996 6.34001865 0.97496369];[-224.83728216 -293.77517343   19.02210626];[[ 0.61344295  0.73062402  0.29979374] [ 0.51307798 -0.08012625 -0.85459392] [ 0.6003655  -0.67806218  0.42401998]];410.31865245693757;330.1916713485154;-25.84453786372957;407.8844725354349;330.42714330728046;-25.927026517916097;525.5702147894044;527.310038326024;526.7407731728194;523.6926062375875;526.7357051837869;222.76213828741388;-1259.7661752721774;106.54605211365212;1282.4988273706308;227.2639603748181;-1257.6936927730058;106.58756813435926;0.004065173880976763;245.9919376830504;2.141272230891007;-572.0488545595223;-573.2661330694566;2059.276408567948;2058.8463144344305;51.0455638718598;-87.71149523886528;1283.739010794358;
135.6875;-227.31299477387904;-299.3059474676134;18.127699300173717;-226.64483872871432;-289.8695200145325;18.180300936186313;57.96920730809303;58.10225880628061;204.3672737598905;44.7930830227768;192.8462251615158;44.588325003956655;nan;nan;nan;nan;[7.98486608 6.60006459 0.79047216];[-223.53900571 -293.50662176   18.84242995];[[ 0.64897996  0.71697286  0.25450921] [ 0.41559587 -0.05388102 -0.90795204] [-0.63726375  0.69501566 -0.33293866]];411.20347218686965;324.9469018754815;-25.402067961941782;408.7880498573985;325.1910091779884;-25.484383632708287;522.9783130929546;524.7133023220915;524.1356379342527;520.8358675714895;524.130538405449;201.97812864039858;-1257.710835580994;105.83974786385234;1276.8995598027145;206.47995072778394;-1255.6383530818205;105.88126388455882;0.004072117090732579;245.57250632007216;2.134320923215697;-563.490283973763;-564.7093545425791;2048.8349125161367;2048.4048183826103;51.551868566475044;-87.78008809224187;1278.2150689984855;
135.691666667;-223.7981958940594;-295.4053967195338;18.38813088474781;-224.93330423291624;-288.50465096056547;18.073538195901804;60.145337217978614;60.29397414990913;199.1247072087589;44.52991047517892;190.48053372923803;44.23410283607226;nan;nan;nan;nan;[8.13203064 6.81185398 0.69437778];[-222.10571627 -292.95534949   18.69644766];[[ 0.63990079  0.70525763  0.30518626] [ 0.42268708  0.00863872 -0.90623452] [-0.64176523  0.70889848 -0.29257536]];412.00202683360646;319.71085052039456;-24.962537905538518;409.6053620961668;319.96359316664325;-25.044680592885015;520.3657268076374;522.0956103571062;521.5103046167891;517.9512956866462;521.5051773579135;181.3548983536474;-1255.581478657697;105.1349263290778;1271.5697417007025;185.85672044101423;-1253.5089961585218;105.17644234978363;0.004080064866062608;245.09414257549088;2.1277749516077717;-554.9752516226046;-556.1961142503026;2038.3780559595573;2037.947961826021;52.05664380922837;-87.84692290564054;1272.9602513194714;
135.695833333;-223.57910764020448;-296.8842091249699;18.10459895354697;-223.2182629397758;-287.16161705707555;17.96861295338507;62.309506204518165;62.47482627915069;200.04165516587238;44.24235617517457;188.1504123253018;43.88174457200416;nan;nan;nan;nan;[8.39093937 7.22033431 0.607457  ];[-220.5220471  -292.16067666   18.60476988];[[ 0.62092565  0.67924033  0.3912594 ] [ 0.44894669  0.1010095  -0.88783104] [ 0.64257156 -0.72693167  0.24222331]];412.71498631114906;314.48382568838815;-24.525941516540502;410.33707916574076;314.7452036783787;-24.607911220467;517.7321808343091;519.4566953584189;518.8644926422887;515.0387638980831;518.8593413917134;160.8924474271603;-1253.3781045022872;104.43158750932851;1266.5052915033652;165.3942695145089;-1251.3056220031096;104.47310353003371;0.004089044471718461;244.55591200252712;2.1216389215172677;-546.5038215081498;-547.72647619473;2027.9058388982091;2027.475744764664;52.559983493837855;-87.91206023726114;1267.9704290536772;
135.7;-218.70568044639919;-292.8708034758061;18.235957469863735;-221.50007289148536;-285.8403813360603;17.865512972151112;64.4615980153634;64.64472730884337;193.78385368296645;43.67077899866799;185.85567940705843;43.5312803538253;nan;nan;nan;nan;[7.18666254 6.16413422 0.88697741];[-219.0656785  -291.51666405   18.48525577];[[-0.64121116 -0.7240565  -0.25414649] [ 0.44759219 -0.08388268 -0.89029485] [ 0.62330529 -0.68462098  0.37786854]];413.3430205335026;309.2661357845608;-24.092272616965527;410.9838709801214;309.5361491183286;-24.17406933747497;515.077426650734;516.7963167116462;516.197948180889;512.0981613752268;516.1927766070579;140.59077586079925;-1251.1007131147485;103.72973140459968;1261.7019674417093;145.09259794826806;-1249.0282306155843;103.77124742530903;0.004099083867856465;243.95695043998458;2.1159174832940275;-538.0760576324452;-539.3005043779648;2017.418261332022;2016.9881671985383;53.06198274592337;-87.97555784820949;1263.2413141560262;
135.704166667;-216.643061821471;-290.61498553633504;18.204264641490624;-219.77908933891757;-284.54090554448777;17.76422604145586;66.60149590367959;66.80358829636008;190.7273612091533;43.33394110919072;183.5961531651688;43.18274000365787;nan;nan;nan;nan;[7.53022276 6.41228376 0.90181489];[-217.45977805 -290.6703833    18.35079313];[[-0.67576702 -0.72165575 -0.15017295] [-0.35676982  0.14193975  0.92334631] [-0.64502266  0.67754416 -0.3533832 ]];413.88679941465955;304.05808921411705;-23.661525028840238;411.54640745331;304.3367378916267;-23.743148765929664;512.4012418325736;514.1142597836993;513.510443686123;509.1293928333082;513.5052553890077;120.44988365484164;-1248.7493044951118;103.02935801490091;1257.1553731915092;124.95170574229165;-1246.6768219959454;103.07087403560962;0.004110211775858555;243.29646610267827;2.1106153476651546;-529.6920239977084;-530.91826280211;2006.9153232611366;2006.4852291276438;53.5627379274692;-88.03747085202252;1258.7684650333647;
135.708333333;-212.21799462890903;-284.42944746338077;18.95056086727213;-218.05566474167148;-283.26315014433055;17.664739976298875;68.72908269350097;68.95131935079502;183.2081611745563;43.39811342055082;181.37165152366418;42.83615302368261;nan;nan;nan;nan;[7.90201007 6.44972355 0.84597958];[-216.34978114 -290.60369442   18.12773987];[[-0.70777499 -0.70641808  0.00529786] [-0.21427342  0.22181904  0.9512535 ] [ 0.67315783 -0.67213824  0.30836459]];414.3469928686258;298.8599943821556;-23.23369257418239;412.0253584993076;299.1472784034069;-23.315143327851803;509.7034295853292;511.4103354567707;510.80177744036126;506.1323782292651;510.7965759529701;100.46977080914832;-1246.3238786433621;102.3304673402274;1252.8609639937195;104.97159289657971;-1244.2513961441937;102.37198336093545;0.0041224577458943545;242.57374159769662;2.1057373011136358;-521.3517846059854;-522.5798154692689;1996.3970246854842;1995.9669305519812;54.06234664543333;-88.09785185370863;1254.5472927989388;
135.7125;-209.8723263291938;-281.1797922374315;19.32888362204153;-216.33014876800306;-282.0070743125134;17.56704261741923;70.8442408439533;71.08782974033028;179.2472338555816;43.41544441322645;179.1819921398544;42.491548596124694;nan;nan;nan;nan;[7.6467655  6.30496678 0.91374021];[-215.0188002  -290.18683123   17.95803938];[[-7.06984880e-01 -7.07228167e-01 -8.36513237e-04] [-2.39197810e-01  2.38002092e-01  9.41349782e-01] [-6.65549989e-01  6.65720154e-01 -3.37431310e-01]];414.72427080940207;293.6721596938098;-22.80876907501269;412.42139403211513;293.968079058803;-22.890046845262116;506.98381828761967;508.68437967401167;508.0717731110219;503.10705246192754;508.0665619009588;80.65043732371879;-1243.824435559499;101.6330593805791;1248.8140532100815;85.15225941113218;-1241.7519530603283;101.67457540128655;0.004135852226359371;241.78813585906596;2.101288221176832;-513.0554034593789;-514.2852263815445;1985.863365605062;1985.4332714715501;54.560907764440906;-88.15675107911109;1250.5730679550354;
135.716666667;-211.51459037128762;-285.3616416601962;18.491070061206955;-214.60288829487104;-280.7726359409487;17.47112183129824;72.94685251207434;73.21302799753961;183.39525325675402;42.86417921089721;177.02699240438895;42.14895558326311;nan;nan;nan;nan;[6.79272187 5.74570718 1.02198556];[-213.63454494 -289.67308708   17.80189238];[[-0.68729162 -0.72165079 -0.08276698] [-0.35721028  0.23657157  0.90356776] [-0.63248007  0.65057977 -0.42037474]];415.01930315098986;288.4948935542137;-22.386748353351905;412.73518396573394;288.7994482629489;-22.467853140181326;504.24226104615695;505.93625299698243;505.32027931797063;500.05336507667215;505.31506178903874;60.99188319855367;-1241.2509752435228;100.9371341359561;1245.0098192784276;65.49370528594908;-1239.1784927443498;100.97865015666291;0.004150426635333758;240.93908599340526;2.09727309168455;-504.80294455999257;-506.03455954104015;1975.3143460198721;1974.8842518863505;55.05852142350725;-88.21421649532743;1246.8409274669655;
135.720833333;-211.2452801424614;-286.520128533481;18.16328065057732;-212.87422740792667;-279.55979163652734;17.376965510158865;75.03679961446555;75.32682202289524;184.05394880917066;42.52131718633351;174.9064694412423;41.808402527428456;nan;nan;nan;nan;[6.84693402 6.12169326 1.03183839];[-211.65381536 -288.09500246   17.82319634];[[-0.62556664 -0.72808145 -0.28029231] [-0.48697507  0.08371413  0.86939474] [-0.60952576  0.68035972 -0.40692629]];415.23275980739;283.32850436850106;-21.967624231220732;412.96739821416503;283.64169442097807;-22.048556034630167;501.4786352627522;503.16584017530187;502.5471692125017;496.97127997431903;502.5419487063515;41.494108433652485;-1238.6034976954336;100.24269160635832;1241.443313029706;45.99593052103043;-1236.531015196258;100.28420762706448;0.004166213434215599;240.02610902921177;2.093697017957288;-496.5944719099293;-497.82787894985927;1964.7499659299135;1964.3198717963826;55.55528905674398;-88.27029392285137;1243.345882189889;
135.725;-208.08572054832104;-282.99153115691814;18.58016795085574;-211.14450740151207;-278.36849672111873;17.28456157196558;77.11396388770949;77.42911918644347;179.32832646136458;42.46557473116525;172.82024010771323;41.46991765100277;nan;nan;nan;nan;[6.72853886 6.15192148 1.02352621];[-209.98781439 -287.02587326   17.76264495];[[-0.61337942 -0.72435743 -0.31475705] [ 0.5092754  -0.05814386 -0.85863721] [ 0.60365906 -0.68696841  0.40456167]];415.36531069260366;278.1733005418057;-21.551390530639917;413.11870669140956;278.4951259380246;-21.632149350629366;498.69284221366865;500.3730497287889;499.7523400682745;493.86077512430984;499.7471198660907;22.157113029015697;-1235.8820029152314;99.54973179178582;1238.1094653267455;26.658935116376224;-1233.8095204160534;99.59124781249133;0.004183246203692315;239.0488035624957;2.090565241985992;-488.4300495112924;-489.66524861010475;1954.1702253351868;1953.7401312016461;56.051313418008945;-88.32502714004205;1240.0828246078408;
135.729166667;-215.31168806202805;-297.98404172624197;15.901060387332123;-209.41406677866152;-277.19870523157107;17.193897960424483;79.17822694758111;79.5198264277107;195.26138478337933;40.98700495433285;170.7681209944252;41.133528856419645;nan;nan;nan;nan;[6.43408526 6.02308668 1.01946305];[-208.2011499  -285.70218191   17.74013444];[[ 0.58724221  0.71802728  0.37360863] [ 0.55884064 -0.02576513 -0.82887472] [ 0.58552859 -0.69553791  0.41639319]];415.417625720632;273.0295904792615;-21.13804107363018;413.18977931146856;273.36005121922227;-21.21862691019965;495.88480664161324;497.557813542377;496.9357128845567;490.7218422824234;496.9304962087836;2.9808969846429534;-1233.086490902916;98.85825469223853;1235.003094983172;7.482719071986462;-1231.014008403735;98.89977071294346;0.0042015597222237015;238.00685129158268;2.087883157615463;-480.3097413661854;-481.5467325238798;1943.5751242356919;1943.1450301021412;56.54669860946876;-88.37845798047138;1237.046536842853;
135.733333333;-204.64423771919866;-282.9025664025225;17.310861157449395;-207.68324125110072;-276.0503699197112;17.104962644983225;81.229470347075;81.5988503538965;176.91985332265816;40.753282334270864;168.74992842532626;40.799263726164156;nan;nan;nan;nan;[6.92899791 6.6290207  1.01775347];[-206.43328878 -284.29025677   17.73642841];[[-0.57845428 -0.69795798 -0.42219107] [ 0.57495286  0.01828313 -0.81798224] [-0.57863621  0.71590529 -0.39071698]];415.3903748054756;267.8976825859672;-20.727569682209463;413.1812859883432;268.2367786697048;-20.80798253536175;493.0544763606483;494.7200864740545;494.09723200210664;487.55448671254203;494.09202201820847;-16.03453969959483;-1230.2169616584674;98.16826030771182;1232.1189169197414;-11.53271761213887;-1228.1444791593035;98.2097763284208;0.004221190047219964;236.90001843404104;2.085656325754049;-472.233611476656;-473.4723946932879;1932.9646626313552;1932.5345684978677;57.041550114049656;-88.43062642364974;1234.2316988910193;
135.7375;-205.9953323692419;-286.5264438179673;16.785123378889764;-205.95236373923535;-274.9234422523366;17.017743620830476;83.2675756332782;83.66609733641934;180.51585926392812;40.46461543758744;166.76547845767553;40.46714952277067;nan;nan;nan;nan;[6.98298444 6.51754698 1.04339117];[-204.93885189 -283.52318982   17.63307451];[[ 0.57989306  0.70753742  0.40387478] [ 0.57224954 -0.00089647 -0.82007906] [-0.57987456  0.70667531 -0.40540782]];415.2842278611359;262.7778852671264;-20.319970178404088;413.0938966360345;263.125616694606;-20.400210048136387;490.2018218742843;491.85984597620296;491.23686473201553;484.35872691273914;491.23166455027143;-34.88919702343832;-1227.273415181925;97.47974863821506;1229.4515505146508;-30.38737493599974;-1225.2009326827588;97.52126465892343;0.00424217459910836;235.72815701885176;2.08389048963288;-464.2017238449179;-465.44229912043204;1922.338840522323;1921.9087463888256;57.535974831759866;-88.48157067958613;1231.6328970418967;
135.741666667;-207.19284169133363;-289.48333772883046;16.41881194790986;-204.2217643721981;-273.81787241124675;16.932228908898242;85.292424403023;85.72147360578562;183.522553178519;40.30370080561223;164.8145868820972;40.13721318883181;nan;nan;nan;nan;[7.45502899 6.89558053 0.98451544];[-203.54876971 -282.85316637   17.52086327];[[ 0.59113066  0.69725996  0.40545418] [ 0.54614602  0.02389784 -0.83734904] [-0.59353944  0.71641987 -0.36667901]];415.0998548016142;257.6705069278383;-19.915236384231985;412.9282811685436;258.02687369905965;-19.995303270544298;487.326836007006;488.97709173028767;488.3546009978146;481.13459434583365;488.3494136751448;-53.58307498701754;-1224.2558514732696;96.79271968374357;1226.995528104134;-49.081252899596194;-1222.1833689741009;96.8342357044513;0.00426455224849243;234.49120604713235;2.0825915901382985;-456.21414247301885;-457.45650980741544;1911.6976579085222;1911.2675637750156;58.03008111987392;-88.53132726759671;1229.2446324370833;
135.745833333;-208.39912171530898;-292.6360331970847;16.037914487261048;-202.49177048777796;-272.7336092931965;16.848406555858332;87.30389835754735;87.7648853450502;186.68984051550598;40.13243625487836;162.8970692224994;39.80948134698494;nan;nan;nan;nan;[8.01444698 7.50067664 0.86387268];[-202.19036049 -282.17487767   17.41910625];[[ 0.5924916   0.67010956  0.44710948] [-0.53250959 -0.09067044  0.84155357] [-0.6044727   0.7367035  -0.30311829]];414.83792554091156;252.57585597323643;-19.513362121713868;412.68510949987166;252.9408580881997;-19.593256024606205;484.4295335494747;486.0718452955212;485.4504529911411;477.88213317380075;485.4452815329643;-72.1161735903325;-1221.164270532501;96.10717344429732;1224.7453035898113;-67.61435150292819;-1219.0917880333293;96.14868946500444;0.004288363406618378;233.18919251495007;2.0817657812415202;-448.2709313630624;-449.5150907563413;1901.041114789953;1900.6110206564367;58.52397883697654;-88.57993108973972;1227.0613297247774;
135.75;-197.60205099493822;-275.63467812747734;18.44725868168237;-200.76270663246723;-271.6706005099269;16.76626463412472;89.3018793559013;89.79623878164276;166.83259757654656;40.84343621153905;161.0127407361284;39.48398029992122;nan;nan;nan;nan;[7.99315471 7.57422425 0.82563418];[-200.87686258 -281.58530128   17.30720751];[[-0.58935286 -0.65920669 -0.46702221] [-0.53753162 -0.11158069  0.83582864] [-0.60309449  0.7436372  -0.28858404]];414.499109993029;247.49424080845466;-19.114341212870478;412.3650515440196;247.86787826715985;-19.194062132342836;481.5099509176376;483.1441497714409;482.5244548412492;474.60139999660805;482.5193022033705;-90.4884928333835;-1217.9986723596191;95.42310991987631;1222.695261109854;-85.98667074599577;-1215.9261898604448;95.46462594058282;0.004313650119374036;231.82223229201358;2.081419445549846;-440.37215451715156;-441.61810596931286;1890.3692111666155;1889.9391170330894;59.01777939087049;-88.62741549921942;1225.0773457671287;
