dt;xt_28;yt_28;zt_28;xt_avg_28;yt_avg_28;zt_avg_28;xxt_28;xpt_28;xp_28;wd_28;xp_avg_28;wd_avg_28;disSTL_28;disSTL_avg_28;disSTLz_28;disSTLz_avg_28;PCAsigma_28;PCAmu_28;PCAwt_28;vxt_28;vyt_28;vzt_28;vxt_avg_28;vyt_avg_28;vzt_avg_28;vavg_28;vv_28;vv_avg_28;vvt_28;vpvt_avg_28;axt_28;ayt_28;azt_28;aavg_28;axt_avg_28;ayt_avg_28;azt_avg_28;curvature_28;curveRadius_28;turnRate_28;vxp_28;vxp_avg_28;axp_28;axp_avg_28;thetaToR_28;psiToR_28;aa_28;
152.604166667;-221.7319360472706;-207.64726830154268;8.180304905674745;-216.00504266274035;-202.9153138516514;10.013156481604566;0.0;0.0;146.70282959943503;32.81633436970186;145.52601320834123;33.8081250059265;nan;nan;nan;nan;[nan nan nan];[nan nan nan];[[nan nan nan] [nan nan nan] [nan nan nan]];;;;;;;;;;;;;;;;;;;;;;;;;;;;;
152.608333333;-221.287004720975;-208.05474036080005;7.865769656500277;-214.11882371985254;-201.39651292823643;10.011310969135053;2.4216898132071427;2.4216898132071427;146.4636147664445;32.45217304627472;142.28828586529272;33.53519950494854;nan;nan;nan;nan;[nan nan nan];[nan nan nan];[[nan nan nan] [nan nan nan] [nan nan nan]];450.2575859997352;350.2520908016534;-0.5036304855417972;448.6111880329868;341.19170914057923;-0.537338006174251;563.6169525012269;570.4460311939287;563.7161681241641;570.4239934075755;563.7302683260923;-394.24346858330455;-2266.4410960595774;-9.293323385949742;2282.9132295740533;-399.97730043298037;-2247.5840296053875;-8.775121958559833;0.00486951659412358;205.35919339648146;2.745093896223645;-754.7317192156663;-740.5490799208354;3547.846046244894;3518.2916445461096;52.74517890230933;-89.958456948337;2300.493321070046;
152.6125;-215.00423286687135;-201.3053710479823;9.375106688925825;-212.23934545741807;-199.91739883677116;10.009294739152438;4.813313286258361;4.8133881845989475;138.05281816619052;33.01972547566342;139.11268462215207;33.26359037830375;nan;nan;nan;nan;[6.11211709 5.86811611 1.14519757];[-215.33341349 -201.93265413    9.1678503 ];[[-0.57703737 -0.57832956 -0.57668258] [ 0.66144212  0.08327213 -0.74535902] [-0.47908474  0.81154216 -0.3344804 ]];448.60252344618004;340.8491136509389;-0.5412342914215437;447.7812493220911;337.00700496567634;-0.5495162186411164;560.4302549010561;563.4027291853221;560.6863701052803;563.3347902918614;560.7004486155504;-400.1797961793003;-2247.0001662956593;-8.757082603305884;2274.6440471137994;-402.6435333709007;-2238.7074172662387;-8.533814034026562;0.004924277210297326;203.07548850191975;2.7610444409210415;-740.0125756800388;-733.9986769252542;3517.3635989182308;3504.3965297335644;53.034344268321405;-89.95771963203453;2282.3738307075264;
152.616666667;-213.68197650015753;-200.733520093606;9.293709898068343;-210.3667116409705;-198.47763278717468;10.007117161722446;7.175223091615494;7.175524596815038;136.61720379738017;32.756439137993404;135.99867810855173;32.99331545631314;nan;nan;nan;nan;[8.7309119  8.5153548  1.57368513];[-210.89316321 -197.59688765    9.93331739];[[ 0.57704103  0.57839526  0.57661302] [ 0.65518352  0.09367962 -0.74963903] [-0.48760455  0.81035983 -0.32489806]];446.9228107061153;331.5269874991382;-0.5766110002939542;446.1877937923249;328.9180089184396;-0.5735928601592593;554.3202440186559;556.4624647269154;554.8192615805494;556.3294960863584;554.8332981155255;-406.0755581079852;-2227.6326165809496;-8.224316822427545;2258.707181320755;-407.7940264677839;-2221.5753588113744;-8.067716483283522;0.005032256224131928;198.71802139258153;2.7920633177974987;-725.420182990911;-721.3366364899268;3487.0056399250816;3477.5762587269824;53.60335164703278;-89.9562960928789;2264.3568783950986;
152.620833333;-204.9619173151208;-191.92237083084945;11.124360371425766;-208.50102533174007;-197.0768772632951;10.00478754658088;9.507769872019603;9.508528426480929;125.34855313177806;33.29067896941018;132.94573711531493;32.724392436044766;nan;nan;nan;nan;[9.64568578 8.714546   1.51292181];[-207.8992552  -195.35415872   10.22098926];[[-0.57584494 -0.58126725 -0.57491825] [-0.67804703 -0.05335063  0.73307976] [ 0.4567875  -0.81196188  0.36340484]];445.21861680315453;322.28540659604624;-0.6097750913330517;444.5026863119028;320.57139923099356;-0.5964523172657585;548.0410713612454;549.6252103739012;548.8134258351012;549.4076183195002;548.8274174332007;-411.93075436935914;-2208.33844691545;-7.695026043314716;2242.199354401542;-413.1185023544751;-2203.7997879874747;-7.585667897472082;0.005146770650572329;194.29659254173265;2.8246888442746054;-710.954022446893;-708.2712278459466;3456.772169265445;3449.758685662579;54.20121666195497;-89.9550302233245;2246.4427114765376;
152.625;-198.84781883312502;-184.9651688169106;12.358873352518728;-206.6423888867047;-195.71479602294997;10.002315143133657;11.811302225664264;11.81282893919463;117.37505586257328;33.60488698420157;129.9533345945425;32.45683888132114;nan;nan;nan;nan;[10.00162537  8.5299951   1.40658074];[-205.60410973 -193.87131601   10.33691872];[[-0.57443636 -0.58649487 -0.57100494] [-0.66064103 -0.07968769  0.74646052] [ 0.48329733 -0.80602335  0.34168706]];443.4901107609117;313.1240651914579;-0.6407410437128594;442.77771628239003;312.14562072582027;-0.6183722161566543;541.7447525899573;542.8909366473483;542.7790182372614;542.5686609397324;542.7929634383107;-417.74538496342217;-2189.117657299159;-7.169210265967409;2225.5127928526204;-418.49918952691166;-2185.798534198268;-7.098409166229593;0.005265595824842335;189.9120314708056;2.858128362034567;-696.6135753465953;-695.0817947649213;3426.6631869393227;3421.593849783709;54.81728575462083;-89.95389640094801;2228.631580529414;
152.629166667;-200.73725619147018;-188.54977411145495;11.335096867206772;-204.7909039585773;-194.3910540979159;9.999709140456801;14.086166691344607;14.088855282281582;120.26902541218963;32.89281050206265;127.02094565959106;32.19067222271741;nan;nan;nan;nan;[10.6605436   8.54636221  1.33958823];[-203.30890973 -192.43120562   10.47061597];[[-0.57362244 -0.58994345 -0.56826404] [ 0.65453686  0.08698251 -0.75100968] [-0.49248227  0.80274577 -0.33624461]];441.7374616030004;304.04265753516813;-0.6695233366074002;441.00520744537545;303.64987657646543;-0.6388660186981656;535.4337014875242;536.2596114252947;536.7340493328841;535.812124292599;536.7479462915794;-423.5194498901743;-2169.970247732078;-6.646869490385612;2208.645569310042;-423.93247444659914;-2167.5684224065812;-6.606218911502334;0.005388784162348242;185.57061664986693;2.892418832149008;-682.398322988628;-681.7826983570523;3396.678692946712;3393.0791532633;55.451049695933335;-89.95293025409144;2210.923739379474;
152.633333333;-200.6917960590156;-190.46021192191216;10.654163303265861;-202.94667149580553;-193.10531779392872;9.99697866729645;16.332707733491254;16.33703647507178;120.85029744798402;32.24071189814084;124.14804758507293;31.925909757561318;nan;nan;nan;nan;[11.27992927  8.52401451  1.26713746];[-201.24183633 -191.30123781   10.4758373 ];[[-0.57416056 -0.59972182 -0.55738084] [-0.61424835 -0.134587    0.77755084] [ 0.54133042 -0.78880928  0.29110359]];439.9608383530347;295.040877876972;-0.6961364491906971;439.19321514577695;295.14938430198566;-0.6575098479538536;529.1542984830852;529.7311992970353;530.7318914588949;529.1375050997879;530.7457383513146;-429.2529491496155;-2150.8962182142063;-6.128003716569333;2191.7159994863905;-429.3778464943279;-2149.2362182370275;-6.112737743531667;0.0055155301073568;181.30623539996026;2.92734409922799;-668.307746671602;-668.475968628673;3366.8186872876163;3364.414294758055;56.097892485392;-89.95215739753036;2193.31944511313;
152.6375;-194.1493582412391;-184.54900301475823;11.801518292479727;-201.1097917425724;-191.85725469068345;9.994132792068848;18.551267727112204;18.557801396562976;112.77071581521665;32.4279478563603;121.33411980685638;31.662568649933235;nan;nan;nan;nan;[10.30606048  7.37073561  1.13773678];[-198.97794763 -189.90157527   10.57156154];[[-0.57359373 -0.62033545 -0.53495249] [-0.59998685 -0.12644625  0.78995387] [-0.55767913  0.77407705 -0.29966434]];438.16041003461584;286.1184204666038;-0.7205948606369321;437.47551956296843;286.9506644214815;-0.6769471415181632;523.1882761360878;523.3056608799108;524.9078524711721;522.5442964400114;524.9216521921305;-434.9458827417845;-2131.895568745415;-5.612612944515066;2175.4908751545017;-434.6225149107101;-2131.6266171496445;-5.637594553719919;0.0056408666907060406;177.27772252579766;2.9610130630809706;-654.3413276940322;-655.6416911022611;3337.083169961831;3336.8720838192744;56.738204755192186;-89.9513750622841;2175.8189580878347;
152.641666667;-194.21446227060704;-185.19384694329108;11.357354338583733;-199.2803642387829;-190.64653364182604;9.991180522860319;20.742186942667182;20.7515787703321;113.03559733163411;32.005990045260745;118.57864392204671;31.40066593066435;nan;nan;nan;nan;[8.8175269  5.56958073 0.94789959];[-196.67313332 -188.47650387   10.66958108];[[-0.59172119 -0.67478221 -0.44106123] [ 0.5369097   0.07823627 -0.8400042 ] [-0.60132687  0.73385834 -0.31600305]];436.33634567138216;277.2749795539802;-0.7429130501197951;435.7088765333274;278.6671113929187;-0.6950752771209189;517.2021531196951;516.9829520983415;519.0604659778181;516.0319877315633;519.0742166994946;-440.5982506666034;-2112.9682993259626;-5.100697174229839;2159.061490919258;-439.92893692532374;-2113.7602656113045;-5.156699435815838;0.005770845166204195;173.28484324207844;2.9954969343415074;-640.4985473547196;-642.6744991544107;3307.472140969762;3308.935946397438;57.39819927011677;-89.95075412942134;2158.4225419408926;
152.645833333;-196.33744799265207;-189.2032007212801;10.359848214021127;-197.45848782011473;-189.47282477498644;9.988130807427362;22.905803530789857;22.918797146444973;116.33589828636421;31.357089596273862;115.88110368906128;31.14021849734382;nan;nan;nan;nan;[7.8017755  4.43392525 0.93197699];[-194.65057671 -187.39214985   10.68197314];[[ 0.64093514  0.72136919  0.26235212] [-0.44418265  0.06980618  0.89321267] [-0.6260223   0.68902365 -0.36516091]];434.48881428693545;268.5102493888351;-0.763105496813483;433.86100944717697;270.1081667189757;-0.712720180223976;511.07172218472886;510.7630234240932;513.0459353765245;509.60006471748494;513.059634339639;-446.21005292411155;-2094.11440995572;-4.592256405710129;2142.0726102690173;-445.4169659141814;-2095.246306692028;-4.6592310463396736;0.005908674479901618;169.2426962090236;3.031502368090281;-626.7788869521794;-629.2760596880762;3277.985600311207;3279.9927755367435;58.09494627768953;-89.95025683393406;2141.130463594787;
152.65;-191.13136589735132;-183.8510992224809;11.58491907231722;-195.64426061794305;-188.33579949172903;9.984992533196532;25.042453507092965;25.059884880432396;109.68751101090348;31.805626335725986;113.24098502751671;30.88124311430807;nan;nan;nan;nan;[6.24549659 2.6425359  0.97752589];[-192.75603152 -186.49062339   10.65446362];[[ 0.74687812  0.50726708 -0.42994556] [-0.02534497  0.66781911  0.74389198] [-0.66447777  0.54469968 -0.51163615]];432.61798490488934;259.8239242209634;-0.7811866798920191;431.9875765784735;261.5787474976265;-0.7287612437937696;505.01211723434915;504.64581907846696;507.09070815142536;503.2480094521923;507.1043539613657;-451.78128951430864;-2075.3339006346864;-4.087290638955933;2125.1090089395025;-450.8934828118573;-2076.7200195102873;-4.16264324901808;0.006049682635695847;165.2979272168015;3.067820404645835;-613.1818277850214;-615.9236473196953;3248.623547986164;3251.0382093477597;58.80413516195537;-89.94993619202481;2123.9429932612506;
152.654166667;-190.2392536121858;-185.170097735661;10.826982659618594;-193.83778005939027;-187.23513046758538;9.9817745272645;27.152470736765036;27.17527010887205;109.25986766931021;30.956880409226493;110.65777601830429;30.623756412647918;nan;nan;nan;nan;[5.68832964 2.21943146 1.09418158];[-191.35015769 -186.16258192   10.48529296];[[-0.74150965 -0.15354     0.65313774] [-0.22810248 -0.85778952 -0.46061524] [ 0.63097757 -0.49053298  0.60103635]];430.7240265488576;251.21569830016008;-0.7971710785294258;430.0922290217796;253.09212580668415;-0.7432110610899653;499.0345699177069;498.6312761957742;501.2034748921399;496.97530029060414;501.2170661755554;-457.31196043719484;-2056.626771362862;-3.585799873967252;2108.199563901596;-456.3496815656516;-2058.212068051474;-3.667737324487065;0.006193638446855268;161.45598561823314;3.104357291284921;-599.706851151856;-602.6380100486228;3219.385983994635;3222.1200380464143;59.52492420280314;-89.94978796522581;2106.860404442135;
152.658333333;-190.50227647951078;-186.77315614142435;9.895998380005622;-192.03914286731387;-186.17049165204645;9.978485556398049;29.236186919190754;29.26538072163922;110.05011814346445;30.092886809028585;108.13096690357118;30.36777489020679;nan;nan;nan;nan;[6.0261292  2.40462509 0.98874209];[-190.05998233 -185.98641914   10.30432349];[[-0.74790717 -0.46751372  0.47123856] [-0.00123326 -0.70892704 -0.70528074] [-0.66380219  0.52806568 -0.52963506]];428.8071082424541;242.68526587622014;-0.8110731718997266;428.1760166027732;244.65646297835113;-0.7560198559385664;493.14506753785764;492.71932394859203;495.39104498390384;490.78141187955424;495.4045803081299;-462.8020656927701;-2037.9930221402474;-3.087784110744087;2091.359423604025;-461.7804121125342;-2039.7384658860976;-3.174975774095762;0.006340378177479178;157.71929875602189;3.1410523900088974;-586.3534383512939;-589.4318953983947;3190.2729083366194;3193.2635053402887;60.256726479581694;-89.94981174365299;2089.882973927619;
152.6625;-185.1094419845033;-181.13973790153676;11.123553494741998;-190.24844506030635;-185.14155826856245;9.975134327034075;31.293931572516303;31.330644330578192;103.151336148659;30.515069782347545;105.6600500867203;30.113314911580733;nan;nan;nan;nan;[6.91090224 3.87613537 1.03534372];[-188.11442117 -184.97044672   10.34096211];[[-0.6084257  -0.73106037 -0.30881856] [ 0.52281089 -0.07646541 -0.84901226] [ 0.59706528 -0.67801458  0.42872984]];426.86739900929257;234.23232119893845;-0.8229074391769441;426.2398051079565;236.2752380978694;-0.7671877516745286;487.3468458641339;486.9098826352313;489.6559820571066;484.66581515141013;489.66945992750493;-468.2516052810345;-2019.4326529668424;-2.5932433492864377;2074.596294013268;-467.1833173997688;-2021.3070830900813;-2.6845719959884162;0.0064897939295821055;154.08809753446093;3.1778538885392695;-573.1210706819452;-576.3107211110712;3161.2843210121164;3164.4809271915815;60.99935597833737;-89.95000381115833;2073.0109817914695;
152.666666667;-187.7736055183023;-186.65233014532356;9.616168453834348;-188.46578195269498;-184.14800681454278;9.971729485279578;33.32603201818332;33.37148823444997;107.44530711989927;29.45466502386834;103.2445201324104;29.860392708118415;nan;nan;nan;nan;[7.22045681 4.44071581 1.06667589];[-186.15794806 -183.87892234   10.39073512];[[ 0.57355322  0.70220172  0.42184055] [ 0.58519169  0.00912579 -0.81084364] [ 0.57322542 -0.71191957  0.40568848]];424.9050678729868;225.8565585181101;-0.8326883595351013;424.2843684291549;227.9497560730175;-0.7767376432552421;481.64190007560745;481.2028627301547;483.9988654822275;478.62797732003315;484.0122843437477;-473.6605792019879;-2000.9456638426461;-2.102177589594303;2057.91442098618;-472.55734377942355;-2002.9219894418754;-2.196623140146992;0.006641797611674691;150.56164888888503;3.214711634175515;-560.0092294424203;-563.276502806741;3132.420222021127;3135.778586614649;61.75281368877818;-89.95035891192605;2056.2447113831727;
152.670833333;-186.71479006608263;-186.67866935609362;9.33606284072225;-186.69124815454205;-183.1895150613558;9.96827961691166;35.33281336544105;35.388339379999955;106.46878015316621;29.03810689403302;100.88387376655591;29.609024377921095;nan;nan;nan;nan;[7.85505572 5.06432731 1.01836062];[-184.58255351 -183.17861752   10.34436146];[[ 0.57502161  0.67092678  0.4681959 ] [ 0.58386292  0.06435288 -0.80929772] [-0.57310927  0.7387259  -0.35472498]];422.9202838571372;217.55767208347353;-0.8404304121482677;422.3038926567925;219.67669525614608;-0.7844307969028294;476.02420476632966;475.5981638983264;478.42357136213826;472.66736187943866;478.43692935099745;-479.02898745566677;-1982.5320547675342;-1.6145868316643686;2041.2963019824595;-477.90576920077416;-1984.5638667968083;-1.7108057694399066;0.006796426829853586;147.1361385967489;3.2516615830338838;-547.0173959312414;-550.3239993558747;3103.6806113634552;3107.127554998151;62.51720875175327;-89.95088733969003;2039.5844493166296;
152.675;-184.6658836277208;-185.04006076854887;9.560987598148117;-184.92493757163285;-182.26576205432312;9.964793247377525;37.31459849586024;37.38162431900679;103.98736012264644;28.96674062302025;98.57760987631163;29.359225885840978;nan;nan;nan;nan;[8.07905684 5.27990734 0.98171603];[-183.04116556 -182.61040071   10.27142106];[[ 0.57783356  0.65765507  0.48331996] [ 0.57576364  0.0912428  -0.81250906] [ 0.57845017 -0.74777307  0.32593073]];420.91321598538445;209.3353561449371;-0.8461480761903598;420.298484649333;211.4559429283528;-0.790276109893322;470.49448087578486;470.0956739750467;472.93018887286524;466.7834286046891;472.94348401413674;-484.356830041998;-1964.1918257417576;-1.1304710755032894;2024.7427055935093;-483.22850351789333;-1966.2328782216564;-1.227127606093298;0.006953612802776352;143.81013558890314;3.288665865430354;-534.1450514471961;-537.452996394802;3075.065489039493;3078.5281089828286;63.29266259973913;-89.95158330315977;2023.0304854558976;
152.679166667;-185.26379877053387;-187.2106231579615;8.881067035904337;-183.16694340552357;-181.3764281127442;9.961278841794535;39.271708047779555;39.35176916108444;105.30605482520161;28.40422428736176;96.32522951013512;29.111013063487952;nan;nan;nan;nan;[7.69020764 5.0059592  0.99824296];[-181.41025189 -181.99634569   10.21634803];[[ 0.56831798  0.66323634  0.48696225] [ 0.60439647  0.06508781 -0.79402045] [ 0.55831853 -0.74557436  0.36386713]];418.8840332813288;201.18930495223879;-0.8498558308354606;418.27187477944136;203.30846086495654;-0.7941939985611656;465.0659332125861;464.6952679123508;467.5346742926265;460.9756335557231;467.54790459277626;-489.6441069610183;-1945.9249767651902;-0.6498303211077233;2008.2932468777317;-488.51217459982416;-1947.9725519161134;-0.7467957407431165;0.0071128772661275715;140.59008226700712;3.325610861403541;-521.3916772888058;-524.6962692835882;3046.5748550490443;3050.048540622;64.07715068134262;-89.95244267887328;2006.5831128960758;
152.683333333;-183.87380976495544;-187.0017488546909;8.586800499624601;-181.41735815346937;-180.52119482985879;9.957744804950105;41.204460400895776;41.29919952229815;103.94657829383259;27.92650657750778;94.1262358776923;28.864401609219442;nan;nan;nan;nan;[7.80683342 5.12366555 0.92945097];[-179.93406827 -181.54336778   10.10943224];[[ 0.56646204  0.6442834   0.51382843] [ 0.61899415  0.07896668 -0.78141571] [-0.5440285   0.76069912 -0.35407603]];416.8329047685842;193.11921275517358;-0.8515681552575936;416.22411700542915;195.2343126187171;-0.7961885719576418;459.7386065112372;459.39680669473165;462.237317281962;455.2434290835665;462.25048063123836;-494.8908182127277;-1927.7315078378329;-0.17266456847767367;1991.9485204358064;-493.75660215471197;-1929.7832140137316;-0.26982561784165454;0.00727410594287392;137.47393945776255;3.362458968256017;-508.7567547546805;-512.0538795637622;3018.2087093921095;3021.6894031971474;64.87062047150724;-89.95345831629406;1990.2426279413876;
152.6875;-179.49518846845257;-182.32272712328898;9.644331265294326;-179.6762736084722;-179.69974507287205;9.954199481301776;43.11317166074042;43.22434046919044;98.22115897665168;28.32800822553514;91.98013434992086;28.619407088147163;nan;nan;nan;nan;[7.68320357 5.06253215 0.93220627];[-178.5615618  -181.13388879   10.0034674 ];[[ 0.56178056  0.64287409  0.52068754] [-0.63745155 -0.06479607  0.76776102] [ 0.52731217 -0.76322629  0.37339991]];414.75999947076446;185.1247738035365;-0.851299528630781;414.1552307700559;187.23367789794577;-0.7962608113360837;454.5125293593892;454.2001362259665;457.03854418145306;449.5862638395285;457.05163835121135;-500.0969637971262;-1909.6114189596844;0.3010261823868595;1975.709209998743;-498.96154579341703;-1911.665299359247;0.2037621700080333;0.00743717219112286;134.45970784347546;3.3991717346527714;-496.2397651434312;-499.5260704083128;2989.9670520686873;2993.4514344169143;65.67299300074991;-89.95462275177681;1974.00933007853;
152.691666667;-171.55383876245025;-173.31018777726985;11.88467625962842;-177.9437808592692;-178.91176298294852;9.950651154977201;44.99815564325538;45.12761645829474;87.9670377396676;29.367757065052935;89.88643245901429;28.376044932135468;nan;nan;nan;nan;[7.42212932 4.88793341 0.93568469];[-177.04099673 -180.53574813    9.98827415];[[-0.55669002 -0.64703729 -0.52099805] [-0.65130359 -0.04934978  0.75721082] [ 0.51565478 -0.76085961  0.39394518]];412.66548641148324;177.20568234712235;-0.8490644301290463;412.06520175174506;179.30685120761555;-0.7944086345037608;449.38770395925934;449.1050861900161;451.9389167846617;444.0035827870846;451.95193942469507;-505.2625437142137;-1891.5647101307457;0.7712419314858798;1959.5760861291787;-504.1267050295148;-1893.61935150858;0.6739418820521289;0.00760193702774258;131.54542011471426;3.4357101830726613;-483.8401897536677;-487.1132643163492;2961.849883078778;2965.3355564171056;66.4841616907687;-89.95592816433361;1957.883521945748;
152.695833333;-171.34469943094558;-174.08734616898062;11.40075833057017;-176.21997029033216;-178.15693397521173;9.947108049774132;46.85972385939975;47.00945127094287;87.97777791572548;28.872306868000017;87.84463989842175;28.134330439801296;nan;nan;nan;nan;[7.28959893 4.91851781 0.99760889];[-176.02550504 -180.64519831    9.78419059];[[-0.54810757 -0.65137753 -0.52467648] [-0.67353867 -0.0281893   0.73861426] [ 0.49590699 -0.75822996  0.42327719]];410.5495346143545;169.36163263572624;-0.8448773389264125;409.9539826158006;171.45424049047134;-0.7906269601737625;444.36409568698355;444.1114688890837;446.93913104429276;438.4948272166864;446.9520796801604;-510.38755796399045;-1873.5913813510163;1.2379826788193853;1943.5500038137102;-509.25171927929597;-1875.646022728834;1.1406826293860501;0.0077682492897829135;128.72913351470797;3.4720351755424024;-471.5575098840007;-474.8160608077613;2933.8572024223836;2937.3428757606844;67.30399125334517;-89.95736633183839;1941.8655092972756;
152.7;-170.51843997316706;-174.04443083101842;11.105913488507113;-174.50493158186808;-177.43494473874466;9.94357832916044;48.69818549981105;48.870267943275756;87.17988155961461;28.470694025962672;85.85426852284837;27.894278776514234;nan;nan;nan;nan;[7.40366429 4.86355705 0.99723651];[-174.27867306 -179.83440001    9.78665394];[[-0.54668684 -0.65714053 -0.51894106] [-0.67060191 -0.02752114  0.74130672] [-0.50142454  0.7532655  -0.42563425]];408.4123131029771;161.59231891909036;-0.8387527341968534;407.82149376562217;163.67636576814024;-0.7849077723168847;439.4416224807346;439.2190780623291;442.0400156995293;433.05943476361335;442.05288772987956;-515.4720065464905;-1855.6914326203741;1.7012484243905195;1927.6318999428302;-514.3361678617662;-1857.7460739982978;1.6039483749544492;0.007935945947793963;126.00892276464917;3.5081078230905574;-459.3912068329575;-462.63523411788026;2905.989010099311;2909.474683437778;68.13231666600728;-89.95892858793181;1925.9556009627852;
152.704166667;-171.09364312004175;-176.67059471326382;10.263248374215209;-172.79875370980713;-176.74548323658456;9.94007009627407;50.51384741954794;50.71048869138433;88.48695481657592;27.75075091212983;83.91483234824183;27.655904974394822;nan;nan;nan;nan;[7.15185681 4.56192043 1.00206612];[-172.66424737 -179.15598803    9.77729889];[[-0.53585431 -0.67264411 -0.51030388] [ 0.68008875  0.01430074 -0.7329903 ] [-0.50033933  0.73982795 -0.44979458]];406.25399090099427;153.89743544711558;-0.8307050951144761;405.66790422482376;155.9729212904172;-0.77726555010715;434.6200695271249;434.4276876893775;437.2413125030587;427.6968394285986;437.2541052086507;-520.5158894616447;-1837.8648639390635;2.161039168192973;1911.8220843504346;-519.3800507769253;-1839.9195053169713;2.0637391187573266;0.008104863748655827;123.3827034002697;3.543884946256534;-447.340761899315;-450.57026554531666;2878.245306109943;2881.730979448384;68.96907072699898;-89.96060475120076;1910.1541088022418;
152.708333333;-171.87374284880718;-179.9923754711599;9.533752745744493;-171.1015249458494;-176.0882387057422;9.936591393923155;52.30701412285019;52.5305348314307;90.27014135612814;27.180433443824484;82.0258475518453;27.419223932321128;nan;nan;nan;nan;[7.01617184 4.46702915 1.00044444];[-171.03395414 -178.39592264    9.79535142];[[ 0.53199275  0.67539645  0.51070867] [-0.68544863 -0.0106079   0.72804372] [ 0.49713569 -0.73737853  0.45730624]];404.0747370320054;146.27667646954373;-0.8207489008532695;403.4933830170191;148.34360130709715;-0.7677147727185812;429.899201642955;429.73705078247343;432.5427421900867;422.4064716018648;432.55545273500303;-525.5192067094885;-1820.1116753069628;2.617354910229908;1896.1208698282803;-524.3833680247734;-1822.166316684854;2.520054860794682;0.008274828393949859;120.84842759170088;3.5793221422494392;-435.40565638159995;-438.62063638868057;2850.626090454088;2854.1117637925045;69.81417600603935;-89.96238418180691;1894.4613476542652;
152.7125;-168.98861159671333;-177.05643052636196;9.98118221470473;-169.41333285739495;-175.4629016571731;9.933150204585871;54.07798774811636;54.33082669488435;86.60258140059636;27.200012886130963;80.1868324721177;27.184250415918928;nan;nan;nan;nan;[6.02482457 4.17504014 1.22215671];[-169.68637998 -178.23125396    9.66200373];[[-0.3761405  -0.71843098 -0.58512841] [ 0.82610314  0.02595942 -0.5629207 ] [-0.41960926  0.69511369 -0.58373369]];401.87472051962385;138.72973623616963;-0.8088986305872548;401.298099165822;140.78810006797508;-0.7562699193252018;425.27876205971415;425.146898172711;427.94400340463005;417.1877580899428;427.956628838074;-530.4819582900209;-1802.4318667240714;3.070195650501325;1880.528572069941;-529.3461196053105;-1804.4865081019466;2.9728956010665177;0.008445654619011802;118.40408412498007;3.614373879082999;-423.5853715784226;-426.78582794658246;2823.131363131746;2826.6170364701375;70.66754458294001;-89.96425577313867;1878.8776352798945;
152.716666667;-169.65165659076177;-179.02791285509107;9.237510061727406;-167.73426430759042;-174.86916387579686;9.929754450410506;55.82706805286253;56.111783538584575;87.87743636959124;26.579873190859693;78.39730760878727;26.950999057568236;nan;nan;nan;nan;[4.80238315 3.85222889 1.39034643];[-168.38741732 -178.06016319    9.54571404];[[ 0.16642803 -0.6722716  -0.7213547 ] [ 0.92323031  0.36318501 -0.12546888] [ 0.34633438 -0.64509499  0.68110568]];399.65411038746373;131.25630899678845;-0.7951687634904556;399.08222169484617;133.30611182284593;-0.7429454691010345;420.7584712043116;420.65693729500987;423.4447716339973;412.0401221459811;423.45730889270504;-535.4041442032426;-1784.8254381903896;3.5195613890072326;1865.0455096088551;-534.2683055185365;-1786.8800795682484;3.4222613395728305;0.008617146346378885;116.04769836829126;3.648993602172208;-411.87938878839356;-415.06532151763287;2795.761124142918;2799.246797481284;71.52907781008345;-89.96620794454131;1863.4032922998429;
152.720833333;-167.6938004873291;-177.80104635291934;9.668099522464573;-166.06440545531754;-174.3067184204922;9.926411993215467;57.55455239886272;57.873823449803126;85.61312131602206;26.730551143236987;76.65679562283802;26.719484356401697;nan;nan;nan;nan;[4.51837408 3.71386689 1.39941075];[-166.9303646  -177.62180797    9.49559036];[[ 0.28346061 -0.64042842 -0.71379375] [-0.90030306 -0.43408967  0.03194607] [ 0.33030967 -0.63357525  0.69962699]];397.4130756591388;123.85608900119493;-0.7795737787368954;396.8459196277054;125.89733082150467;-0.7277559012201025;416.33802548144746;416.2668509775968;419.0446981564676;406.96298350310036;419.0571440677584;-540.2857644491532;-1767.292389705917;3.965452125747618;1849.6720037501825;-539.1499257644516;-1769.34703108376;3.868152076313623;0.008789096918300205;113.777332221454;3.68313385351762;-400.28718931012304;-403.45859840044193;2768.5153734876035;2772.0010468259443;72.39866610158013;-89.96822863521105;1848.0386421255964;
152.725;-169.87706661419008;-182.78149051804883;8.062300169554064;-164.40384175519264;-173.77525962409715;9.92313063448928;59.26073573740925;59.61736324623831;89.4183980533554;25.501296036432404;74.96482133650969;26.48972067830456;nan;nan;nan;nan;[5.43419083 3.91523893 1.25518608];[-165.72827032 -177.47747321    9.36706089];[[ 0.15072824  0.72400805  0.67312208] [-0.91413581 -0.15713898  0.37371521] [ 0.37634654 -0.67165444  0.63815641]];395.1517853582629;116.52877049918419;-0.7621281555005968;394.58936198801365;118.56145131374625;-0.7107156948564286;412.0170960634138;411.9762962419071;414.7434090074084;401.955758411132;414.75576029289624;-545.1268190277531;-1749.8327212706536;4.407867860722495;1834.4083784961583;-543.9909803430558;-1751.887362648481;4.310567811288893;0.008961289412489545;111.59108404715488;3.7167464034817828;-388.8082544422214;-391.9651398936202;2741.3941111658023;2744.8797845041186;73.27618875192505;-89.97030529933419;1832.784010883949;
152.729166667;-161.57112579272473;-174.49035565817354;9.653118738202721;-162.75265795756735;-173.2744830934088;9.919918115390562;60.945910594718804;61.34281837098294;78.7882142294033;25.860149901419888;73.32091173329785;26.26172225591469;nan;nan;nan;nan;[6.31814044 4.35942905 1.15349935];[-164.37684755 -177.15290201    9.28185146];[[-0.43095376 -0.70176873 -0.56727375] [ 0.80152072 -0.00889888 -0.59790078] [ 0.41453997 -0.71234925  0.56631718]];392.87040850844954;109.27404774055101;-0.7428463729555823;392.31271779938464;111.29816754936564;-0.6918393291840361;407.7953276934934;407.7849031191984;410.5405039692805;397.017859676644;410.55275724926594;-549.9273079390418;-1732.4464328845995;4.846808593931854;1819.254960464646;-548.7914692543487;-1734.5010742624115;4.749508544498641;0.009133497044697922;109.48708858240767;3.7497823950287534;-377.44206548329885;-380.5844272957778;2714.3973371775132;2717.8830105158054;74.1615137869486;-89.97242490254632;1817.6397273346556;
152.733333333;-162.4984046286284;-176.50248965976607;9.19573709720585;-161.11093810852802;-172.80408570918343;9.916782116748042;62.61036705749897;63.05060278252419;80.30985876053786;25.559159471932155;71.72459595795387;26.03550318862256;nan;nan;nan;nan;[7.79961011 5.98575338 1.25712904];[-162.6395575  -176.25642878    9.33816057];[[-0.53486464 -0.63861254 -0.55325749] [-0.73760768  0.033518    0.6743971 ] [ 0.41213435 -0.76879814  0.48897311]];390.5691141332971;102.09161497504186;-0.7217429102757253;390.01615608543204;104.1071737781578;-0.6711412833769477;403.67233750946315;403.6922734904759;406.4355555911585;392.1486967064965;406.4477073897135;-554.687231183052;-1715.1335245476375;5.282274325378656;1804.2120788005616;-553.551392498331;-1717.1881659255516;5.184974275942868;0.009305483660969064;107.46351682872773;3.782192500153314;-366.1881037318896;-369.3159419055252;2687.5250515225557;2691.0107248610066;75.05449784979955;-89.97457391977906;1802.6061227807838;
152.7375;-160.21148519178672;-173.6390799091198;9.831775528431976;-159.47876554988508;-172.36376562613378;9.913730259060547;64.25439275869911;64.74112883986824;77.23130782545886;25.84549235994796;70.17540531647448;25.811077442569744;nan;nan;nan;nan;[8.19886554 6.26169461 1.2392028 ];[-161.12965931 -175.73463269    9.30628588];[[-0.54712713 -0.62821779 -0.55316753] [ 0.71967271 -0.01556355 -0.69413902] [ 0.42746123 -0.77788186  0.46062644]];388.2480712564507;94.98116645254953;-0.698832246635337;387.69984586976983;96.98816424991769;-0.6486360366091867;399.6477138940248;399.69797995680426;402.4281082435333;387.34767555461804;402.44015499428843;-559.4065887597187;-1697.8939962600036;5.714265055056956;1789.2800650798456;-558.2707500750021;-1699.9486376379014;5.616965005621576;0.009477004321615528;105.51857591951924;3.8139270880724947;-355.0458504867577;-358.15916502147286;2660.777254201295;2664.2629275397207;75.9549861246068;-89.97673833455234;1787.6835309720425;
152.741666667;-165.05018644842283;-184.7405930524439;6.88085160858509;-157.856222919217;-171.95322227294056;9.910770102497063;65.87827286339461;66.41480718283421;85.77145689853357;23.724693768580067;68.6728732761438;25.58845885065502;nan;nan;nan;nan;[8.19492953 6.27870565 1.23861996];[-159.59779901 -175.10228692    9.3027201 ];[[ 0.54769874  0.62438759  0.55692569] [ 0.72774878 -0.02710075 -0.68530816] [-0.4128048   0.78064441 -0.46924035]];385.9074489015083;87.94239642281975;-0.6741288612083015;385.3639561760117;89.94083321444027;-0.6243380680547757;395.7210153592529;395.80156474675556;398.51767721427;382.6141989724034;398.52961526690785;-564.0853806690744;-1680.727848021578;6.142780782969749;1774.4592532056488;-562.9495419843621;-1682.7824893994607;6.04548073353476;0.009647805978020776;103.6505089631941;3.8449364045903938;-344.01478704643586;-347.11357794223096;2634.1539452135466;2637.6396185519493;76.86281230034153;-89.97890363976026;1772.8722879992135;
152.745833333;-164.3893698776189;-184.43538724090047;6.842455233417283;-156.24339214980387;-171.57215635223446;9.907909146896628;67.48229005498466;68.07204660782877;85.0501395769403;23.59508250694644;67.21653546546976;25.367661112525145;nan;nan;nan;nan;[8.19918776 6.28683353 1.23283402];[-158.25254766 -174.79906498    9.21782886];[[ 0.54846043  0.62276641  0.55799028] [ 0.72919063 -0.02962845 -0.68366891] [-0.40923365  0.78184663 -0.47036546]];383.5474160920839;80.97499913564741;-0.6476472331686433;383.00865602777134;82.9648749215205;-0.5982618568877379;391.89176947237945;392.0025386689108;394.7037478516567;377.9476664625228;394.7155734791102;-568.7236069111193;-1663.6350798323624;6.567821509117024;1759.7499792963804;-567.5877682264111;-1665.6897212102297;6.470521459682421;0.009817628242339635;101.8575948605781;3.8751707618797977;-333.09439470953487;-336.17866196641006;2607.6551245593128;2611.140797897691;77.77779857723844;-89.98105483998543;1758.1727321813974;
152.75;-157.63939766980366;-175.7473987985507;8.892476022600775;-154.64035447067192;-171.2202698406086;9.905154831768408;69.06672452149508;69.71325393904343;75.49644604081838;24.607839023912636;65.80592967422692;25.148697794581075;nan;nan;nan;nan;[8.15260982 6.33458687 1.23566392];[-156.65822611 -174.13054616    9.2388049 ];[[ 0.55084728  0.61943181  0.55934918] [-0.72849721  0.02982165  0.68439936] [-0.40725802  0.78448384 -0.46768152]];381.1681418517912;74.07866884082756;-0.6194018416903838;380.63411444866284;76.05998362095335;-0.5704218822820963;388.15947183040794;388.3003801164991;390.98577476049644;373.34747433637256;390.99748416684355;-573.3212674858532;-1646.6156916923562;6.989387233498785;1745.152581565273;-572.1854288011491;-1648.6703330702078;6.892087184064562;0.009986204249046398;100.13814809520764;3.9045807377533848;-322.2841547746648;-325.35389839262035;2581.280792238591;2584.7664655769454;78.69975571793604;-89.98317645536345;1743.5852039441554;
152.754166667;-153.52242451293063;-171.14516643770122;9.956734145371385;-153.04719040658227;-170.8972659886153;9.90251453629167;70.63185394216949;71.33883389544957;70.11384515581233;25.051594358728224;64.44059585344554;24.931582329976326;nan;nan;nan;nan;[7.79621582 6.3263676  1.35300833];[-155.40592151 -174.11596498    9.05768216];[[-0.53709548 -0.63009022 -0.56081615] [-0.75224616  0.05697663  0.65641403] [ 0.38164665 -0.7744288   0.50458484]];378.769795204244;67.25309978815518;-0.589407165947547;378.24050046229974;69.22585356253374;-0.5408326234118743;384.5235850911604;384.6945341319367;387.3631810571649;368.8130157749811;387.37477038620597;-577.8783623932761;-1629.669683601559;7.407477956115031;1730.6674001911024;-576.7425237085761;-1631.7243249793958;7.31017790668118;0.01015326160607972;98.49051849518044;3.9331173833262123;-311.58354854043614;-314.6387685194723;2555.0309482513826;2558.5166215897134;79.62848314525878;-89.98525252700412;1729.1100456888248;
152.758333333;-151.0733578720875;-169.21877812187978;10.122616904653725;-151.46397977803102;-170.60284932076593;9.899995579315803;72.17795347429535;72.94918895375486;67.22449937243137;24.864712694956214;63.12007611541178;24.716328018617098;nan;nan;nan;nan;[7.18550758 5.88969941 1.34714321];[-153.72813633 -173.45125203    9.06614037];[[-0.51616778 -0.64548641 -0.56295481] [-0.77285825  0.06774235  0.63095253] [ 0.3691354  -0.76076163  0.53383592]];376.3525451730562;60.49798622742528;-0.5576776851141559;375.82798309229594;62.46217899605669;-0.5095085594510943;380.98353806841925;381.1844115388398;383.8353576894746;364.34368089359504;383.8468230339722;-582.394891633388;-1612.7970555599718;7.822093676965754;1716.294777179686;-581.2590529486921;-1614.851696937793;7.724793627532279;0.010318523432071972;96.91309096530286;3.9607324378024256;-300.9920573054595;-304.03275364557624;2528.9055925976886;2532.3912659359953;80.56376908829058;-89.98726662395914;1714.7476016525206;
152.7625;-144.45908925293452;-160.59733236691847;11.950550203530966;-149.89080170124927;-170.3367256355312;9.897605219360294;73.70529574029153;74.54471920759849;58.82977233192598;25.676197529885165;61.84391473366753;24.502948027162148;nan;nan;nan;nan;[7.30247887 5.88343054 1.36230655];[-152.50846266 -173.36163151    8.95571174];[[-0.50806095 -0.6511807  -0.56377103] [-0.77845681  0.06703053  0.62410889] [-0.36861779  0.75595675 -0.54097164]];373.91656078182484;53.813022408387326;-0.5242278783639985;373.3967313622652;55.768654171317145;-0.47646416957377963;377.53872489879564;377.7693881490428;380.4016628270532;359.9388568098489;380.41300023860754;-586.8708552062195;-1595.9978075674794;8.23323439605376;1702.0350562158;-585.7350165214972;-1598.0524489454;8.135934346617855;0.01048170947484856;95.40428518836123;3.9873785489565803;-290.5091623682736;-293.53533506954244;2502.9047252773303;2506.390398615791;81.50539077807967;-89.9892018517085;1700.4982177583431;
152.766666667;-148.4451703185943;-168.84365340321187;9.785128051290727;-148.32773458819224;-170.09860200533947;9.895350654614726;75.2141508150829;76.12582222329301;64.62118153302292;24.178725358127;60.611658143002174;24.29145538902142;nan;nan;nan;nan;[7.29405664 5.84755146 1.36237484];[-151.08750781 -172.99492045    8.9210391 ];[[-0.50365122 -0.65109755 -0.56780933] [-0.78817751  0.07720843  0.61058585] [ 0.35371128 -0.75505684  0.55206656]];371.4620110541969;47.197902580927554;-0.4890722248715555;370.9469142958214;49.14497333811002;-0.44171393295395317;374.18850428787033;374.4488040521804;377.0614213277559;355.5979277154694;377.0726268272814;-591.3062531117095;-1579.2719396243115;8.640900113373439;1687.8885825051186;-590.1704144269912;-1581.3265810022165;8.543600063937909;0.010642537305060025;93.96255529445475;4.01300949772632;-280.1343450276322;-283.1459940899814;2477.0283462906636;2480.5140196291;82.45311469397181;-89.99104086211896;1686.3622414560025;
152.770833333;-148.8958382488844;-170.5071889377029;9.48026599641942;-146.77485614658235;-169.88818677658296;9.893239022938838;76.70478621371444;77.69289289237523;65.54382417479121;23.960940780550963;59.42285493948604;24.08186300436181;nan;nan;nan;nan;[7.18970652 5.84554733 1.35343098];[-149.87296877 -172.96996032    8.80601794];[[-0.50406131 -0.64709303 -0.57200771] [ 0.7966983  -0.09266698 -0.59723081] [ 0.33345767 -0.75675851  0.56224776]];368.98906501376973;40.652320994795005;-0.45222520381062664;368.4787009165782;42.59083074623033;-0.405272328765638;370.932198842974;371.22196299469516;373.81392428539027;351.3202749517911;373.824993874154;-595.7010853498883;-1562.6194517303525;9.045090828927597;1673.855702605799;-594.5652466651742;-1564.6740931082422;8.947790779492442;0.010800723577493142;92.58638949744336;4.037580425192805;-269.8670865820736;-272.8642120055034;2451.276455637509;2454.762128975922;83.40669686119377;-89.99276586480877;1672.340021551002;
