dt;xt_48;yt_48;zt_48;xt_avg_48;yt_avg_48;zt_avg_48;xxt_48;xpt_48;xp_48;wd_48;xp_avg_48;wd_avg_48;disSTL_48;disSTL_avg_48;disSTLz_48;disSTLz_avg_48;PCAsigma_48;PCAmu_48;PCAwt_48;vxt_48;vyt_48;vzt_48;vxt_avg_48;vyt_avg_48;vzt_avg_48;vavg_48;vv_48;vv_avg_48;vvt_48;vpvt_avg_48;axt_48;ayt_48;azt_48;aavg_48;axt_avg_48;ayt_avg_48;azt_avg_48;curvature_48;curveRadius_48;turnRate_48;vxp_48;vxp_avg_48;axp_48;axp_avg_48;thetaToR_48;psiToR_48;aa_48;
470.508333333;-167.48813450826594;-239.65817761299627;15.775466794205144;-162.5304928347655;-231.7763488079927;15.268876934593996;0.0;0.0;119.90994837703504;33.690147048051706;109.87874843328684;32.08198376680581;nan;nan;nan;nan;[nan nan nan];[nan nan nan];[[nan nan nan] [nan nan nan] [nan nan nan]];;;;;;;;;;;;;;;;;;;;;;;;;;;;;
470.5125;-166.44514225495305;-237.6380074399716;15.633656537331973;-162.45907171432242;-231.20241017800956;15.348612057185887;0.5838357793138456;0.5838357793138456;117.71642504505492;33.38187725655678;110.87898082845354;32.16955692336096;nan;nan;nan;nan;[nan nan nan];[nan nan nan];[[nan nan nan] [nan nan nan] [nan nan nan]];33.10759716355124;146.0007053862243;17.299790076495494;42.91693832919192;150.93206135401562;16.19301845678289;157.74842182052316;150.7036884084456;158.31775315577215;150.4268493919424;158.34378308571777;2513.034577347016;1289.045567814448;-287.4134497186817;2775.1582225134757;2461.8729364586748;1249.9875264279167;-279.6712149848729;0.08358961017161577;11.963209278604417;13.235895101234036;154.71516326758857;105.9812018689985;-13154.818215872721;-12556.090883853209;16.90471185685712;-109.84993637746145;2838.9413086435866;
470.516666667;-166.15249350846443;-236.61725629895358;15.618373988191081;-162.3430923753574;-230.6053816349457;15.423213294882565;1.1958690415957558;1.1965833888282285;116.76978870460988;33.312825448605345;111.63966764167303;32.24603308369631;nan;nan;nan;nan;[0.99315444 2.34495313 0.06778556];[-165.97004459 -236.24118241   15.64811141];[[ 0.59141849  0.59094569 -0.54864138] [ 0.38386801  0.3920175   0.83604284] [-0.70913293  0.70505707 -0.00500125]];43.467891578694264;151.28713156093548;16.119243584861152;47.2171827501294;152.99378948092095;15.72124626342644;160.88418054820298;158.23110878705555;162.0542051257993;157.62422756050194;162.07796354331694;2459.9778281263857;1248.498424025227;-279.27318204706904;2745.7003131179667;2438.1989905918026;1231.9699876944435;-276.235119333816;0.07802581647812173;12.816270884911505;12.646265438578553;101.22047837111651;87.0958483926401;-12524.597738620016;-12291.306205919458;18.018613417140873;-107.56917268872871;2772.7662613133443;
470.520833333;-164.90942213264424;-234.0054828034675;15.6397240279219;-162.18348334680127;-229.98597331268394;15.492824504669368;1.837392857578892;1.8400019401707786;114.0166796647516;33.13102847684705;112.17195511777568;32.311600735546556;nan;nan;nan;nan;[1.05999565 2.57120528 0.10609727];[-165.56082793 -235.206647     15.59360457];[[-0.58621911 -0.5890106   0.55624965] [-0.4240464  -0.36195418 -0.83016494] [-0.69031283  0.72253421  0.03758338]];53.60800478292105;156.4053541528917;14.972310927932424;55.56802774820535;157.0150452469416;14.801487444873377;167.214276221575;166.01392435280798;169.09330760425905;165.02972458242238;169.11149605326068;2407.3475961071244;1208.3078480920046;-271.278809059972;2688.799571301872;2392.45038063298;1197.1441327591513;-269.57417577094003;0.06821044103017328;14.660512157627661;11.535169729065318;50.32712207782663;49.88986536715343;-11906.180486344145;-11777.876203294563;20.114871603326225;-104.04271218699259;2707.1982743213466;
470.525;-164.85503053087353;-233.2869879141939;15.573335691248516;-161.98116575277257;-229.34488915469285;15.55758701063782;2.5094042712654105;2.5153651673752346;113.45837153189431;33.04722998986649;112.48678458449153;32.366447480280414;nan;nan;nan;nan;[1.30395495 3.12290556 0.12736672];[-165.0752251  -234.05958657   15.54840943];[[-0.58234799 -0.58366319  0.56586933] [-0.42513554 -0.37465358 -0.82395052] [-0.69291456  0.7203971   0.02995721]];63.52971393123729;161.35685886149298;13.8583842111905;64.05244724873252;161.04014155641335;13.873620514261003;173.86523671290658;173.9658451155789;176.35311077766468;172.58498635126492;176.3662656390511;2355.14388128923;1168.473840014781;-263.4303307573908;2630.1318777234487;2345.226073616256;1161.2284752993714;-262.7865788076904;0.05951404500198258;16.80275639080972;10.496269870074102;1.9859142836488377;13.468811446059119;-11299.566459045114;-11255.270593993664;22.144610273338436;-101.34411890239599;2642.2394584018944;
470.529166667;-164.5754489559958;-232.78468435718935;15.501095760884127;-161.73705331257722;-228.68282691402678;15.617639603985614;3.212640562431161;3.223548482585151;112.90155855722199;32.93126246869831;112.59489245245037;32.410760032900754;nan;nan;nan;nan;[1.85534978 3.88103646 0.12843508];[-164.40050533 -232.80575236   15.54295484];[[ 0.60146077  0.61574502 -0.50902163] [-0.42429387 -0.29366594 -0.85658335] [ 0.67691924 -0.73117603 -0.0846283 ]];73.23479617877962;166.14313138620355;12.776855540102027;72.54059394486832;165.03136629234749;12.948984235370835;180.73507081615654;182.01682206777846;183.66867844289757;180.23924435238513;183.67711073754347;2303.3666836720004;1128.9963997930197;-255.72774713922126;2570.9584453803873;2297.544105183886;1124.9844761312904;-255.98504071746004;0.051961015993472255;19.245197209493128;9.54404928866827;-43.85232511609549;-22.174835906971364;-10704.755656714888;-10731.941016504836;24.060984056528223;-99.25760915878973;2577.8920906144717;
470.533333333;-164.5001236461623;-232.45593260549754;15.413579158600683;-161.45205234070434;-228.00047815331664;15.673118543017345;3.947612490867787;3.9651031318775924;112.61150598772961;32.829646527754896;112.50681021517921;32.44472422204494;nan;nan;nan;nan;[2.5711494  4.84157684 0.11943362];[-163.58814318 -231.422476     15.54102244];[[ 0.62488717  0.64314846 -0.44257889] [-0.37495571 -0.24999581 -0.89269833] [-0.68478043  0.72378322  0.08493301]];82.72502868028894;170.7656574262927;11.727117020177682;80.9925810034318;168.9556128021936;12.033334808905334;187.75142721584155;190.1101401819312;191.02682980693928;187.94852737230667;191.0310016648447;2252.0160032568474;1089.875527427798;-248.17105820567352;2511.3494542079306;2249.452913368335;1088.4568791826591;-249.19729904059488;0.045450719614141676;22.00185186262391;8.682496494277489;-87.23677622422638;-56.55830987410073;-10121.74807936969;-10210.163136585052;25.856401767615793;-97.61526354501639;2514.15863030595;
470.5375;-163.44465393411872;-230.2015998437364;15.428056412642647;-161.1270617468426;-227.2985282448069;15.724157553141529;4.714634265376583;4.740317644583518;110.25843980762521;32.67111349589364;112.23286444910973;32.4685249899831;nan;nan;nan;nan;[3.26205741 5.80994637 0.14514842];[-162.72381556 -229.99066298   15.57759372];[[ 0.69675401  0.68649701  0.20798006] [ 0.09564065  0.19844639 -0.97543421] [ 0.71090556 -0.69952905 -0.0726113 ]];92.00218859090482;175.2259226812269;10.708560756883687;89.32635278521873;172.76659866453204;11.13607629942077;194.81146555417973;198.19989898707718;198.35289017489873;195.67488712028484;198.35330070049628;2201.091840043062;1051.1112229185749;-240.76026395664152;2451.7690438964173;2201.3209157795354;1051.9302761365789;-242.48786466031672;0.03989525005034969;25.06564061480885;7.913354529758501;-128.21661914545624;-89.19073855774715;-9550.543727001332;-9694.981823195607;27.521191588945218;-96.30899787088781;2451.0417368845447;
470.541666667;-163.3065764576947;-229.88815022676067;15.35239652659564;-160.76297303585653;-226.57765637030036;15.770887826875166;5.513850218968918;5.549267931934535;109.93710643251273;32.5732238193755;111.78317681357092;32.48234639262094;nan;nan;nan;nan;[3.38952478 5.70811306 0.14037287];[-161.96354126 -228.67318056   15.57357772];[[ 0.64574811  0.63085099  0.43015858] [ 0.25357994  0.35420473 -0.90013123] [-0.72021288  0.69033763  0.06875588]];101.06805306563298;179.5254128504062;9.720578855701225;97.46176696143486;176.53375778633736;10.254831069383147;201.91118150729505;206.24891481623925;205.40116352641752;203.38566696686138;205.39731466587983;2150.594194030644;1012.7034862653499;-233.49536439212534;2394.363236134848;2154.9124892035393;1016.6872396828572;-235.95450217107842;0.035186446335675844;28.420033965922023;7.227201589982906;-166.84103398385517;-122.1337458053891;-8991.142599609811;-9192.874013284745;29.036117805541927;-95.2561012225359;2388.5442896636687;
470.545833333;-161.4829031088329;-227.3815251920986;15.648751061397746;-160.36067030780217;-225.83853552119487;15.813438023840634;6.345258324710807;6.391857769188822;106.87419388593266;32.5892002427725;111.16766405079137;32.48637159949772;nan;nan;nan;nan;[3.56274589 5.68572331 0.18072537];[-161.20926886 -227.40688079   15.60000972];[[ 0.61515459  0.60251262  0.50849127] [ 0.30107881  0.41655253 -0.85780857] [-0.72865381  0.68078083  0.07484042]];109.92439925947915;183.66561363323052;8.762563422111473;105.58098329302196;180.24567474526356;9.380288493502833;209.1024560107271;214.22701440657528;212.5271409427893;211.05283001406332;212.51957677715689;2100.523065219594;974.6523174681239;-226.37635951212488;2336.4268568338034;2108.010757575118;981.0952713673122;-229.41920534811914;0.031104866676042633;32.14930995895291;6.6103931017024715;-203.15920084349318;-153.942521451966;-8443.544697195124;-8691.082151648425;30.458457818263177;-94.37937464012506;2326.6694100390514;
470.55;-161.2456296347695;-226.94547170394725;15.38806731914957;-159.92103025792275;-225.08183249847386;15.851934270766483;7.208730777024555;7.267851375946581;106.39454428826947;32.293015103503784;110.39603798589943;32.48078289378682;nan;nan;nan;nan;[3.72914958 5.646156   0.1882262 ];[-160.39646182 -226.11592121   15.61281872];[[ 0.6021885   0.59472684  0.53260585] [ 0.33064213  0.4214382  -0.84443213] [-0.72666691  0.68460925  0.05714349]];118.57300432744894;187.64801072909984;7.833906561595625;113.89879490245063;184.01398021549525;8.487400722742661;216.57819919374987;222.10966520581988;219.8546935772836;218.6523536815314;219.84351079443613;2050.878453609912;936.9577165268964;-219.40324931664023;2276.6387762208515;2059.542738209827;944.3335236514978;-222.71511620788212;0.027475723071370892;36.39576645180189;6.0403594216258645;-237.22029982844055;-185.7999285205257;-7907.750019757276;-8176.6739613812;31.827224860294738;-93.62272357112255;2265.4204863228765;
470.554166667;-159.7871640318279;-224.8709721836434;15.487273477063127;-159.44492217664887;-224.30820791270673;15.886500161487431;8.104031908159735;8.176899617548191;103.89603939802991;32.168151737351685;109.47780552692308;32.46576167229573;nan;nan;nan;nan;[3.79924935 5.55181174 0.1973837 ];[-159.6977992  -225.06032851   15.62689452];[[ 0.59267299  0.58866755  0.54973561] [ 0.35283042  0.42380449 -0.83420648] [ 0.72405071 -0.68837509 -0.04347765]];127.01564542454808;191.47408983741425;6.934000379634867;122.08636861658026;187.67389967534032;7.6129830621135275;224.01904278975312;229.87688362022288;227.1212307144259;226.1636920175441;227.10682966500715;2001.6603592015967;899.6196834416673;-212.57603380567127;2217.138439886147;2011.231413953421;907.7172804096306;-216.1027533222195;0.024373913400118775;41.02746996693305;5.53548219883041;-269.0735110427673;-216.10236793331345;-7383.758567296269;-7669.794628403417;33.09580648169357;-92.9904385712077;2204.801201601473;
470.558333333;-158.4531386177303;-222.75793983970595;15.57351495933439;-158.93320794959888;-223.51831618404884;15.917256756944381;9.030833724368993;9.118561107326565;101.46049026388651;32.046230295740855;108.4222686647901;32.44148844546601;nan;nan;nan;nan;[3.85863605 5.45382123 0.21310081];[-158.91932409 -223.95476832   15.65252534];[[-0.5870398  -0.58453913 -0.56008774] [-0.36252779 -0.42878441  0.82747661] [-0.72384935  0.68880907  0.03980183]];135.2540997057823;195.14533665757364;6.06223698171037;130.1338917166865;191.2224566521821;6.757670426266649;231.4012182574154;237.51236730671914;234.30531325038845;233.5693032240072;234.2880340512632;1952.8687819946488;862.6382182124365;-205.89471297921807;2158.0248917963563;1963.1535274513094;871.3042505964598;-209.59142196353707;0.021716712670001373;46.04748495758114;5.087965917510781;-298.7680145905436;-244.86598440365756;-6871.570339812093;-7171.148977306889;34.27261528933346;-92.45717669928415;2144.815565041149;
470.5625;-157.75228864832704;-221.6105007050282;15.805775889021163;-158.3867420575784;-222.7128055422411;15.944322585184388;9.988729341637555;10.092319251973148;100.15846655399324;32.16691983444286;107.23852447332783;32.408142837373354;nan;nan;nan;nan;[4.09891766 5.57667824 0.27979015];[-157.9677766  -222.62078832   15.71298942];[[-0.58471287 -0.58250349 -0.56462425] [ 0.36023639  0.43718033 -0.82407712] [-0.72687041  0.6852467   0.04578601]];143.29014432615725;198.6632368889779;5.218008473303336;138.03159562300297;194.65430929258417;5.922387721233523;238.7008508420652;245.00280562606744;241.39303928108768;240.85423775965828;241.37320358963493;1904.5037219890692;826.0133208392048;-199.35928683728062;2099.361340026208;1915.3560248368992;835.1307503024956;-203.18947811541975;0.01943462891240044;51.45454562098384;4.690998641161836;-326.3529905758393;-272.0499780662978;-6371.185337304758;-6681.391211491276;35.365755432566544;-92.00389160921058;2085.46794713376;
470.566666667;-156.459083380362;-219.75725591408957;15.824838214061828;-157.80637157658066;-221.89231802661044;15.967813641360694;10.977244584567282;11.097596073669354;97.93793081675108;31.987700858894744;105.93546510926346;32.365903585727565;nan;nan;nan;nan;[4.11172226 5.38191303 0.29563475];[-157.02660521 -221.3342686    15.76767184];[[-0.58282384 -0.58179297 -0.56730354] [-0.3785561  -0.4233567   0.82308225] [-0.71903522  0.69446817  0.0265011 ]];151.12555644067868;202.02927623102732;4.400706959894941;145.7769798487178;197.96872542229897;5.1071167586313795;245.90369403636328;252.33733074137953;248.3737509052281;248.00578134494754;248.35164103018198;1856.5651791848568;789.7449913219712;-192.96975537985895;2041.178765967784;1867.8598102620103;799.2126772394893;-196.8999247979053;0.017467782400158154;57.248251500485026;4.338152424237409;-351.8776191027248;-297.67293136778756;-5882.603559774258;-6200.752535607923;36.38336216492385;-91.61557195336519;2026.7631194520986;
470.570833333;-156.08402000464807;-219.89594131476423;15.71522674866381;-157.1929361777863;-221.0574894860696;15.987843387732708;11.995847989632882;12.133763469091182;97.76574603900762;31.83179672091937;104.52177781222387;32.31494854187252;nan;nan;nan;nan;[4.15128115 5.29837619 0.29624972];[-156.08494632 -220.11998949   15.81671842];[[-0.58222485 -0.58216602 -0.56753586] [-0.39999924 -0.40261639  0.82334722] [ 0.70782401 -0.70638713 -0.0015473 ]];158.76211320435223;205.24494038312176;3.6097245469663686;153.37087249599753;201.16707122583247;4.31142085337813;253.00079728241496;259.5070793895375;255.23992191789733;255.01314685877006;255.21577989821512;1809.053153582012;753.8332296607362;-186.72611860695304;1983.4934399672159;1820.6736349537234;763.5564005424388;-190.72326698137638;0.01576597927833622;63.427712439917;4.0237266973796775;-375.39108027527027;-321.77938987427103;-5405.825007220596;-5729.266754892279;37.33300693080158;-91.280452240395;1968.7062995774095;
470.575;-155.1310562352495;-218.64351099664685;16.030136572219348;-156.54726812756343;-220.20894957911725;16.004522753666006;13.043959429106632;13.200152425343669;96.21323405672359;31.999650607708727;103.00594490473557;32.25545467078623;nan;nan;nan;nan;[4.08448573 5.07568036 0.2756429 ];[-155.09289332 -218.85498713   15.86595275];[[ 0.58398081  0.5848267   0.56297792] [-0.41126403 -0.3847806   0.82632063] [ 0.69987735 -0.71408796  0.0158137 ]];166.2015917721836;208.3117150446611;2.8444533399988075;160.80048394559404;204.2357528316534;3.5372918847583956;259.96451835919345;266.50484169571683;261.99086916239884;261.8672092236389;261.9650103280356;1761.967645180535;718.2780358554998;-180.62837651856287;1926.2898402661474;1773.7774325782555;728.1510036014832;-184.66803822758484;0.014290116660888724;69.97843500724846;3.743510558658548;-396.9425541975455;-344.1606153188103;-4940.849679643769;-5267.6678645569145;38.22107866974033;-90.99010515333744;1911.3032019695897;
470.579166667;-153.96038796543323;-217.25286253691553;15.810508968936077;-155.8701922874677;-219.34732177383762;16.017960135632347;14.120957546787366;14.296060601837686;94.40067974578533;31.606945632322354;101.39624379222482;32.18759805108076;nan;nan;nan;nan;[4.17512186 5.06703526 0.29053622];[-154.12479966 -217.64207403   15.91050167];[[-0.58121695 -0.58338931 -0.56731277] [ 0.44731553  0.35333209 -0.82162355] [-0.6797762   0.73130934 -0.0555965 ]];173.4457692991786;211.2310859150455;2.1042854444734433;168.06702439267738;207.17581722285584;2.7842232229057515;266.7884851884016;273.3247785362041;268.61596614532687;268.56027773617933;268.58864893268395;1715.3086539804262;683.0794099062623;-174.67652911468846;1869.576131467502;1727.1721509516096;692.997278789636;-178.73456274694072;0.013005107428610788;76.89286732072928;3.493024233474983;-416.58122097362093;-364.8578577225497;-4487.677577043783;-4815.982093990669;39.05381210972585;-90.73704347916785;1854.5600956781054;
470.583333333;-154.42948291732836;-218.17159226855;15.850861108897234;-155.16252611424216;-218.47322334790104;16.028261397209643;15.226186172634971;15.420758599943206;95.37918689824097;31.72252375792495;99.70074696301765;32.111553875002365;nan;nan;nan;nan;[4.15745191 4.95380875 0.29605418];[-153.1179839  -216.37708468   15.98811404];[[ 0.581511    0.58341642  0.56698345] [ 0.44039109  0.36024563 -0.8223617 ] [-0.68403263  0.72790684 -0.0474446 ]];180.49642294034274;214.00453869367476;1.388612965871456;175.14819581359296;209.9761932846272;2.0544050211356004;273.44307053397915;279.96219302205895;275.09044391629493;275.08590079007666;275.0619157359061;1669.0761799816842;648.2373518130227;-168.8705763953298;1813.5061241026192;1680.9775895929492;658.1869156168997;-172.9415784439789;0.011885427406318951;84.13664614773084;3.2692284317221323;-434.3562607075664;-383.7878185879769;-4046.308699420632;-4375.6623919206695;39.834559527896225;-90.516054683044;1798.4838699415413;
470.5875;-153.17790379109834;-216.70358507892587;15.957797948161968;-154.42507965981727;-217.58726538856354;16.035529869082005;16.358959861253492;16.573495174161557;93.45963484420474;31.641693464500985;97.92732198833966;32.027496448431314;nan;nan;nan;nan;[4.27333087 5.00310714 0.28045968];[-152.09690245 -215.13543442   16.04913965];[[ 0.58267983  0.5843923   0.56477416] [-0.42922067 -0.36882282  0.82446307] [-0.69011147  0.72281074 -0.03592764]];187.3553298506819;216.63355907994907;0.6968280096740347;182.04473885809793;212.63757072209327;1.347398592608417;279.92291601702357;286.41334485735587;281.407361778357;281.4386984794004;281.37783510702565;1623.2702231843102;613.7518615757818;-163.21051836048696;1758.0896330142643;1635.1956441342797;623.7214988293007;-167.28973373951928;0.01090608610139415;91.69192235445195;3.0687308967011075;-450.3168535034523;-400.9865136516085;-3616.7430467743184;-3946.7612171245833;40.56849656216848;-90.32213627988415;1743.082108900231;
470.591666667;-150.3022366829611;-212.77498440690727;16.408056969905047;-153.6586555713112;-216.69005279266693;16.039866349039684;17.51856867921686;17.753501585473092;88.66960826960536;31.650349002363043;96.08363152231632;31.935599190882048;nan;nan;nan;nan;[4.46674964 5.17847088 0.2642559 ];[-151.0711505  -213.93983532   16.10599771];[[-0.58368568 -0.58545267 -0.56263328] [ 0.42460689  0.37055172 -0.8260753 ] [ 0.69211272 -0.72106629  0.0323015 ]];194.02426718529128;219.11963277330125;0.02832268135339852;188.75708904414068;215.1604076581762;0.6628078440825418;286.2231280003215;292.67529879658446;287.56092656494695;287.61421911179144;287.53058673972345;1577.8907835876873;579.6229391940766;-157.69635501008557;1703.3380009092064;1589.8288420849422;589.6031414215411;-161.77989319465527;0.01004643043858742;99.53784143660533;2.8886560386468583;-464.5121794655303;-416.4866877051154;-3198.9806190992217;-3529.3485146393077;41.260180600101066;-90.15124047854208;1688.3631768533728;
470.595833333;-150.38255280998357;-213.1581367670277;16.23381536839355;-152.8640490910184;-215.7821842666267;16.041369101979125;18.704282348595694;18.959995256142015;88.98955294616019;31.493989866534008;94.17713330194623;31.836034635501647;nan;nan;nan;nan;[4.47744559 5.13446659 0.25870096];[-150.10959565 -212.87445188   16.14332807];[[ 0.58418921  0.58670034  0.56080805] [ 0.43066826  0.3615902  -0.82690832] [ 0.68793009 -0.72459315  0.04143612]];200.50501209899485;221.4642454730635;-0.6175109135910335;195.28538465632747;217.54493723670268;0.00027657416076370587;292.33915437000087;298.7458003378454;293.5461428914199;293.60881617528423;293.51515386546066;1532.9378611930542;545.8505846688379;-152.32808634427616;1649.2641745836713;1544.8803428316132;555.8344846369984;-156.41313751075364;0.00928931485009781;107.65056585303175;2.7265546775311673;-476.9914186974838;-430.31803317356326;-2793.0214164067424;-3123.5117157609648;41.91363682187446;-90.00006191987653;1634.3363157415786;
470.6;-149.31977057253357;-211.9874132024824;16.163755158863893;-152.04204805645355;-214.86425232648102;16.040133859902898;19.915353838495957;20.192182852812365;87.41070005349631;31.267047697361857;92.21508014720635;31.728974429075446;nan;nan;nan;nan;[4.47374683 5.07829932 0.24595868];[-149.20514067 -211.93479864   16.15844797];[[ 0.59200277  0.59889385  0.53931334] [-0.4279409  -0.33345589  0.8400439 ] [-0.68293434  0.72810255 -0.05888436]];206.79934174689035;223.66888287867076;-1.2412806696873526;201.62947464438938;219.79117422551255;-0.6405142284631019;298.2666853191602;304.6231732695998;299.3585606483328;299.41954277196476;299.3270692634303;1488.4114559997884;512.4347979995974;-147.10571236298253;1595.8827905424882;1500.3539376383048;522.4186979677258;-151.19076352945456;0.008620442297312058;116.00332854287653;2.5803317286089307;-487.8037513035888;-442.507408693653;-2398.865438691101;-2729.355738044906;42.532431711708355;-89.86587888975221;1581.0117568070514;
470.604166667;-148.42578140646867;-210.91311485383738;16.090911476756133;-151.1934329002864;-213.93684329781695;16.03625382191983;21.151022483387504;21.449262899754075;86.02040107472051;31.061010639888437;90.20451996089561;31.61458933201889;nan;nan;nan;nan;[4.40571652 4.87245483 0.21872638];[-148.26851098 -210.9453623    16.18018787];[[ 0.60792231  0.62028596  0.49565693] [-0.40148815 -0.29842177  0.86588204] [-0.68500929  0.7253894  -0.06762021]];212.90903328398366;225.73503068952297;-1.8435944814543763;207.78892652164862;221.89892161956706;-1.2598490867576293;304.00157338518375;310.3062348309044;304.9940910351518;305.0440609557403;304.9622302277328;1444.3115680078909;479.3755791863557;-142.02923306620463;1543.2102711576867;1456.254049646365;489.3594791544525;-146.11428423267142;0.008027839290652825;124.56651955705505;2.4481877739873057;-496.99835738791484;-453.0790576919609;-2016.512685952298;-2347.0029853057054;43.11973578503783;-89.74643304149454;1528.4008487458518;
470.608333333;-146.96149815060386;-209.18782862816107;16.316984826689435;-150.3189766503849;-213.00053731581983;16.029819654244857;22.410516694926727;22.730428003645475;83.7747663364225;31.06639915393173;88.15229572873818;31.493049218382776;nan;nan;nan;nan;[4.35369112 4.74630143 0.21688871];[-147.322558   -209.93108054   16.19850153];[[-0.60901958 -0.62234571 -0.49171229] [-0.40131884 -0.29294229  0.86782947] [ 0.68413327 -0.72585855  0.07135147]];218.8358638652804;227.6641746050201;-2.425060243410918;213.76551744311098;223.86966511826634;-1.8583358952416362;309.54285134724927;315.7942251362947;310.4492459775495;310.48056377994214;310.41712597005693;1400.6381972173606;446.6729282291124;-137.09864845394253;1491.2586864975192;1412.5806788557936;456.6568281971784;-141.18369962040435;0.00750125184052783;133.311082104615;2.3285170375142488;-504.6244170545324;-462.08216027255725;-1645.9631581903295;-1976.4534575433634;43.67846861071766;-89.63977313152517;1476.5162050329707;
470.6125;-146.1433933482136;-207.9706315411948;16.552252900031434;-149.4194449298045;-212.0559083252606;16.020919490199123;23.693056324683027;24.03486675615758;82.3491212714922;31.17358886765755;86.065045519358;31.364523075852045;nan;nan;nan;nan;[4.43585972 4.81498003 0.2372227 ];[-146.32270165 -208.84204251   16.2639991 ];[[-0.60633698 -0.61782794 -0.5006437 ] [-0.40304609 -0.30395094  0.86323095] [ 0.68549932 -0.72519133  0.06471644]];224.58161064578624;229.45780032456213;-2.9862858500757956;219.56102456378213;225.70489042101022;-2.436582548433938;314.88994585723646;321.08674820555973;315.72138839857934;315.7277081858637;315.68910087070395;1357.3913436281975;414.32684512786767;-132.31395852619613;1440.041465815555;1369.333825266591;424.31074509590354;-136.3990096926533;0.007032037781623376;142.2062894220039;2.219937684569503;-510.7311104075117;-469.56589653951227;-1287.2168554051996;-1617.7071547578796;44.21123587671937;-89.54425693055936;1425.3718735723837;
470.616666667;-144.4709422600231;-206.24621826222727;16.40265766928647;-148.49559595678812;-211.10352408049633;16.009638930209913;24.997854726423892;25.36176536782778;79.94600273561933;30.77924084019996;83.94920248427871;31.229179005745742;nan;nan;nan;nan;[4.27883244 4.49180014 0.21013645];[-145.25624499 -207.69685191   16.29120432];[[-0.63208079 -0.64486733 -0.4296743 ] [-0.34688444 -0.26035956  0.90104611] [-0.692925    0.71858126 -0.05912616]];230.14805078050694;231.11739354754914;-3.5278791959678224;225.17722503866779;227.40608322719888;-2.9951969408533516;320.04262305131334;326.18372247845366;320.80858843372664;320.784557140788;320.77620995526735;1314.5710072404027;382.3373298826216;-127.67516328296551;1389.573581240143;1326.5134888787563;392.3212298506278;-131.76021444941827;0.006612883848384363;151.21995530653643;2.1212558177591387;-515.3676175509228;-475.57944659689633;-940.2737775969049;-1270.7640769492546;44.720369830189235;-89.4584935238032;1374.9835323443517;
470.620833333;-143.06685937324823;-204.82395337102355;16.42638584402181;-147.54818054476598;-210.14394614546953;15.996061041810702;26.324120559562832;26.710309076938003;77.94987767153765;30.596558665426386;81.81099485792369;31.087184223016994;nan;nan;nan;nan;[4.13482478 4.19005196 0.19095899];[-144.20706798 -206.57732049   16.31922785];[[-0.66150511 -0.67185129 -0.33320688] [-0.27198031 -0.19913487  0.94147332] [ 0.69888317 -0.71341513  0.05100159]];235.53696142444824;232.6444399733811;-4.050448175605813;230.61589602277365;228.97472923623215;-3.534786967018695;325.0009428387782;331.0853391166897;325.7095063042749;325.65052967372867;325.67710112507126;1272.177188053975;350.704382493374;-123.18226272425065;1339.8717596772121;1284.1196696922898;360.6882824613513;-127.26731389069927;0.006237577100628981;160.31865961210525;2.0314360281769734;-518.5831185888354;-480.1719905487795;-605.1339247654485;-935.624224117488;45.20796393932812;-89.38129785696741;1325.3687153222095;
470.625;-143.328965798328;-205.62974911565334;16.36573127216961;-146.57794210235613;-209.17772989370894;15.980266359641115;27.67105936926136;28.07968336919013;78.6929862474704;30.58308105760381;79.65644595761589;30.938705056253024;nan;nan;nan;nan;[4.26803844 4.3611116  0.19067817];[-143.25256319 -205.5864902    16.31859283];[[ 0.64348369  0.65477048  0.39649005] [ 0.31785796  0.24263887 -0.91656571] [-0.69634407  0.7158226  -0.05198985]];240.7501197326157;234.040425301458;-4.554600683508583;235.8788146711054;230.41231414751013;-4.055960521448784;329.7652203268382;335.7920267277684;330.4232968709233;330.3253576606288;330.3909191728549;1230.2098860689155;319.42800296012496;-118.83525685005154;1290.9547275230643;1242.1523677071923;329.4119029280739;-122.92030801649625;0.0059008195012374524;169.467986572084;1.9495771788869491;-520.4267936253202;-483.39270849923207;-281.7972969108291;-612.28759626258;45.67590266105038;-89.31165463147516;1276.5470736041837;
470.629166667;-142.89225879738495;-205.66245726104222;16.051636702548777;-145.58561663336374;-208.20542450832886;15.962332885446976;29.037874973508103;29.46907503763598;78.39316110896347;30.214785514077587;77.49137418357816;30.78390694767521;nan;nan;nan;nan;[4.12779682 4.12980464 0.21738255];[-142.32462809 -204.65551364   16.29609968];[[ 0.69566834  0.70143418  0.15503436] [ 0.14761985  0.07162295 -0.98644743] [-0.70303196  0.70912639 -0.05371979]];245.7893028600151;235.30683523117972;-5.040944614194947;240.96775813866878;231.72032366043277;-4.559325498662436;334.33599313964754;340.30442140755264;334.94953169080134;334.80904838417865;334.91722740041166;1188.6691012852232;288.5081912828746;-114.63414566036818;1242.8434934795528;1200.6115829234627;298.4920912507958;-118.71919682680928;0.005598076883101001;178.63277351883377;1.8748923884625257;-520.9478227644471;-485.2907805523244;29.736105966952138;-300.75419338453054;46.125887061740805;-89.24868940423602;1228.5406774457322;
470.633333333;-142.03457453689134;-205.05439614860268;16.04132533595275;-144.5719327367817;-207.22757298202964;15.942336088080268;30.42377068309743;30.87767310720033;77.35369491301995;30.08253986649683;75.32139301893297;30.622954453138988;nan;nan;nan;nan;[4.04132039 3.96496408 0.24052865];[-141.37866413 -203.70877143   16.2764595 ];[[ 0.69662959  0.68944168 -0.19843734] [-0.1025955  -0.17801723 -0.97866441] [-0.71005731  0.70212537 -0.05327846]];250.6562879616521;236.4451554619464;-5.51008786218372;245.8845035804695;232.90024347440007;-5.045489793178468;338.7139936269268;344.62334120658113;339.28813516073944;339.1018520406798;339.25594340805554;1147.5548337028986;257.9449474616226;-110.57892915520057;1195.5616755112771;1159.4973153411015;267.92884742951685;-114.66398032163832;0.005325455427865805;187.77736731537223;1.8066924052581639;-520.1953861102859;-485.9153868121266;329.46628386789894;-1.0240154833397659;46.55945692091307;-89.19164528764904;1181.3743656644058;
470.6375;-140.94176153127495;-203.42928462995167;16.304841406855715;-143.5376116067902;-206.2447121170972;15.920348903499137;31.827950376707054;32.30466964400357;75.4463304150973;30.175429839623913;73.1519110297024;30.456011242133894;nan;nan;nan;nan;[4.0858765  4.05201627 0.25185514];[-140.3468648  -202.63323101   16.26575443];[[ 0.64757473  0.6372486  -0.41780521] [ 0.26066463  0.32996673  0.90729042] [-0.71603137  0.69644538 -0.04756995]];255.35285219253248;237.45687169315798;-5.962638321993718;250.6308281515132;233.95355928881204;-5.515061299515695;342.90012514572584;348.7497642908467;343.439331992814;343.20423349059917;343.4072862874829;1106.8670833219414;227.73827149636892;-106.66960733454874;1149.1358787504503;1118.809564960109;237.72217146423708;-110.75465850098338;0.005079600240985932;196.8658856126646;1.7443717341822231;-518.2186637669071;-485.315707382709;617.3932367920057;286.9029374409927;46.97800984770514;-89.13986403809956;1135.076149681017;
470.641666667;-138.9625427536584;-200.91729213796845;16.79297244690217;-142.48336703275697;-205.25737252540347;15.896441734767915;33.249619450100525;33.74926046632011;72.29684806996667;30.360946015043705;70.98813186480841;30.283240097783597;nan;nan;nan;nan;[4.17270242 4.22292355 0.25776443];[-139.35051125 -201.5991697    16.24697901];[[-0.63688758 -0.62659346  0.44917128] [-0.28143516 -0.35344995 -0.892114  ] [-0.71775236  0.69458892 -0.04876245]];259.88077270766183;238.3434696242144;-6.399203888143758;255.20850900680568;234.8817568030687;-5.968647912192935;346.89544174905564;352.6848102003292;347.4036038210655;347.116847655256;347.37173300343704;1066.605850142352;197.88816338711413;-102.90618019841266;1103.5961318792663;1078.5483317804847;207.87206335495648;-106.99123136484447;0.004857611743853884;205.86247990388583;1.6873970097203717;-515.0668358383806;-483.5409223681417;893.5169647392772;563.0266653884667;47.382817855917345;-89.09277060951337;1089.6776801832928;
470.645833333;-138.43263304973277;-200.9937333118935;16.258939525775702;-141.40990539923732;-204.2660786284062;15.870682452057101;34.68798565579278;35.210645771264865;71.949604461084;29.763045788808363;68.8350542560726;30.104802916845873;nan;nan;nan;nan;[4.2430644  4.39812861 0.27407017];[-138.33831282 -200.58280825   16.19208452];[[ 0.62802729  0.61990889 -0.4704197 ] [-0.30232161 -0.36266306 -0.88151979] [-0.7170658   0.69583653 -0.04035045]];264.24182666204587;239.10643495451572;-6.820392455152648;259.6193233013525;235.68632171657;-6.406857525729004;350.70113073540796;356.4297237150614;351.1816531870662;350.8405180507275;351.14998220022545;1026.7711341641302;168.39462313385775;-99.28864774679231;1058.9763900974733;1038.7136158022286;178.37852310167506;-103.37369891322156;0.004656976489297686;214.7315972709171;1.6352972113237507;-510.78908242877645;-480.6402118724952;1157.8374677097102;827.3471683590819;47.775041772592324;-89.04986046232789;1045.2147849243595;
470.65;-137.44024865452184;-199.91061366869684;16.378150845833048;-140.3179256859739;-203.271348657149;15.843136392643347;36.14225984722503;36.68803068904542;70.48767567305798;29.734292161487563;66.69747201821617;29.92086070971254;nan;nan;nan;nan;[4.37443278 4.61924148 0.2991681 ];[-137.37801765 -199.62505001   16.14163343];[[ 0.618017    0.61094089 -0.49477896] [ 0.32016816  0.37921034  0.86815429] [-0.71801625  0.69494657 -0.03875461]];268.43779121069036;239.74725338346192;-7.226811917539211;263.8650481901594;236.36873972871598;-6.83029803464272;354.3184976099592;359.98586092439734;354.77437351059933;354.37621802575705;354.74292402977596;987.362935387276;139.25765073659994;-95.81700997968774;1015.3151130432783;999.3054170253412;149.24155070439284;-99.90206114611469;0.004475509698969349;223.43823771184918;1.5876553971360094;-505.43458364216514;-476.6627559998394;1410.3547457033083;1079.8644463528387;48.15574379594255;-89.01068907824532;1001.7280862922346;
470.654166667;-135.98466481081525;-197.91253014226817;16.39853166947853;-139.20811946789692;-202.27369465226118;15.813866360909518;37.61165663954618;38.18062577476315;68.05867264284001;29.53282971628452;64.57997404886028;29.73157360040962;nan;nan;nan;nan;[4.48795004 4.7720395  0.39574459];[-136.48486952 -198.76339498   16.04913148];[[-0.61168764 -0.60476513  0.50999741] [-0.32809638 -0.392677   -0.85916095] [-0.71985484  0.69286644 -0.04177441]];272.47044350865485;240.2674106104593;-7.619070169827516;267.9474608282323;236.9304965389066;-7.239577333452898;357.7489530864304;363.3546771647654;358.1828239357664;357.72505433397964;358.15161488385036;948.3812538112603;110.47724619495045;-92.49126689705454;972.6559257075118;960.3237354498219;120.46114616310982;-96.57631806352383;0.004311307364080787;231.94820400220058;1.5441016947061699;-499.05251958252245;-471.65773485424495;1651.068798723271;1320.5784993697368;48.525898468944845;-88.97486325191889;959.2637066832352;
470.658333333;-136.46352628275386;-199.19348834466456;15.896418082597847;-138.08117091510852;-201.27362246394438;15.782932628344183;39.09539499745713;39.68764744623542;69.27440223004334;29.117469836841682;62.48694432849714;29.537100826594454;nan;nan;nan;nan;[4.49384258 4.79579421 0.44317595];[-135.50329014 -197.7662071    15.96860668];[[ 0.60609634  0.59897778 -0.52332861] [-0.33158706 -0.40777278 -0.85074755] [ 0.72297804 -0.68916397  0.04853631]];276.341560710835;240.66839233489358;-7.997775106525683;271.8683383705765;237.37307784654192;-7.635303316678357;360.9940018219921;366.5377165474474;361.4082081668806;360.88825272514663;361.3772561386825;909.8260894371472;82.05340950969466;-89.31141849898346;931.0483690468348;921.7685710756712;92.03730947782597;-93.39646966544902;0.004162706178247762;240.22834117514802;1.504307336806718;-491.6920703540935;-465.6743285397817;1879.9796267630322;1549.4893274097765;48.88640229356535;-88.94203382263859;917.8740678911012;
470.6625;-135.13031125727306;-197.78628008768976;15.869152442703395;-136.93775679294458;-200.27163175202688;15.75039293354336;40.592698759013636;41.208318374895065;67.33819686784894;28.8937948587185;60.4225619206044;29.337600739566547;nan;nan;nan;nan;[4.53424014 4.87695057 0.45795452];[-134.42359517 -196.59048021   15.93126867];[[ 0.59933809  0.59225754 -0.53853956] [ 0.33234055  0.42794006  0.84048621] [-0.72824694  0.68271393 -0.05964958]];280.0529199722928;240.95168425617283;-8.363534622157973;275.62945797219805;237.69796935102187;-8.018083878837912;364.0552326292469;369.53660284506304;364.4518565850045;363.86714528483435;364.42117619811177;871.6974422644015;53.98614068043725;-86.27746478542815;890.5487440364141;883.6399239028887;63.970040648541286;-90.3625159518902;0.004028249908705814;248.24676290287002;1.4679795697505091;-483.40241606086806;-458.76171716052016;2097.087229825957;1766.5969304729574;49.23808217600576;-88.91188957956948;877.6187869261165;
470.666666667;-132.94879145268703;-194.78000851733555;15.93033554119603;-135.7785464618824;-199.26821598588205;15.716302482208004;42.10279710349728;42.741867836197684;63.69051746985252;28.622049630094743;58.39080097147342;29.133230804251543;nan;nan;nan;nan;[4.55739045 4.87812588 0.4729883 ];[-133.32265691 -195.38067244   15.89082707];[[-0.59300344 -0.58705626  0.5511006 ] [ 0.33409156  0.44334345  0.83176283] [ 0.73261842 -0.67735628  0.06677365]];283.60629844803367;241.11877207369682;-8.716956611243202;279.2325967881025;237.90665675174643;-8.38852691445038;366.9343099515427;372.3530315416873;367.3152110751317;366.663159292071;367.2848152614734;833.9953122930234;26.275439707178343;-83.3894057563886;851.221047395612;845.9377939314746;36.25933967525581;-87.47445692284742;0.003906661079703708;255.97306231536288;1.4348572929481644;-474.2327368069164;-450.9690808205305;2302.3916079120445;1971.9013085592799;49.581702864434156;-88.8841521285322;838.5656638874184;
470.670833333;-132.01619486546628;-193.6769089963728;16.035353455496335;-134.60420187760215;-198.26386244448247;15.680713947145644;43.62492496971783;44.28753202436344;62.259331231620514;28.586793025218636;56.39543071032406;28.92414759921183;nan;nan;nan;nan;[4.47827508 4.74151603 0.50233724];[-132.28334335 -194.31931086   15.8072254 ];[[-0.59064467 -0.58432672  0.556508  ] [ 0.32173663  0.46193574  0.82649919] [ 0.74001649 -0.66721636  0.08484057]];287.0034732930635;241.17114148686574;-9.058648968300185;282.6795319732955;238.00062574811562;-8.74724031803458;369.63296642252766;374.98876288429085;369.99981210394503;369.2778073960402;369.96971235325304;796.7196995230132;-1.0786934100818373;-80.64724141186477;813.137987890234;808.6621811614291;8.905206557969526;-84.73229257832067;0.0037968170547368965;263.37850509610496;1.404707313598935;-464.2322126963086;-442.3455996238829;2495.892761021295;2165.402461668744;49.91797351643099;-88.85857155064856;800.7917461705365;
470.675;-130.9604169351869;-192.72520979052354;15.728835572459204;-133.41537759097136;-197.2590522163869;15.643677468269976;45.15832343092843;45.844554336257595;60.83112450927018;28.129701651176372;54.440015449275855;28.710506816643914;nan;nan;nan;nan;[4.47485618 4.71907244 0.48902865];[-131.33146897 -193.39311708   15.67344903];[[-0.59065844 -0.58405281  0.55678085] [ 0.3178408   0.465826    0.82582284] [ 0.74168715 -0.66474691  0.08950824]];290.24622166238794;241.11027819507945;-9.389219587847737;285.97204068278296;237.98136203952947;-9.094831984109325;372.152996359406;377.4456157979179;372.50728767519263;371.7126789416589;372.47749423926393;759.8706039543703;-28.076258671343634;-78.05097175185672;776.382057235026;771.8130855927519;-18.092358703317572;-82.1360229183099;0.0036977297742529862;270.4362030354204;1.3773211206876714;-453.4500238331147;-432.9404536746477;2677.5906891537084;2347.10038980135;50.24755351304886;-88.83492271630695;764.3844355076632;
