dt;xt_14;yt_14;zt_14;xt_avg_14;yt_avg_14;zt_avg_14;xxt_14;xpt_14;xp_14;wd_14;xp_avg_14;wd_avg_14;disSTL_14;disSTL_avg_14;disSTLz_14;disSTLz_avg_14;PCAsigma_14;PCAmu_14;PCAwt_14;vxt_14;vyt_14;vzt_14;vxt_avg_14;vyt_avg_14;vzt_avg_14;vavg_14;vv_14;vv_avg_14;vvt_14;vpvt_avg_14;axt_14;ayt_14;azt_14;aavg_14;axt_avg_14;ayt_avg_14;azt_avg_14;curvature_14;curveRadius_14;turnRate_14;vxp_14;vxp_avg_14;axp_14;axp_avg_14;thetaToR_14;psiToR_14;aa_14;xt_16;yt_16;zt_16;xt_avg_16;yt_avg_16;zt_avg_16;xxt_16;xpt_16;xp_16;wd_16;xp_avg_16;wd_avg_16;disSTL_16;disSTL_avg_16;disSTLz_16;disSTLz_avg_16;PCAsigma_16;PCAmu_16;PCAwt_16;vxt_16;vyt_16;vzt_16;vxt_avg_16;vyt_avg_16;vzt_avg_16;vavg_16;vv_16;vv_avg_16;vvt_16;vpvt_avg_16;axt_16;ayt_16;azt_16;aavg_16;axt_avg_16;ayt_avg_16;azt_avg_16;curvature_16;curveRadius_16;turnRate_16;vxp_16;vxp_avg_16;axp_16;axp_avg_16;thetaToR_16;psiToR_16;aa_16;xb__14-16;xb_avg__14-16;vxb__14-16;vxb_avg__14-16;axb__14-16;axb_avg__14-16;phi1to2__14-16;psi1to2__14-16;phi2to1__14-16;psi2to1__14-16;phiO1to2__14-16;phiO2to1__14-16;phi1to2__14-16;phi2to1__14-16;phiE1to2__14-16;phiE2to1__14-16;alpha1to2__14-16;alpha2to1__14-16;dphi1to2__14-16;dphi2to1__14-16;dpsi1to2__14-16;dpsi2to1__14-16;dphiO1to2__14-16;dphiO2to1__14-16;dphiE1to2__14-16;dphiE2to1__14-16;dalpha1to2__14-16;dalpha2to1__14-16;
73.7208333333;-86.3249847121661;-151.49142592849392;14.532982029646021;-86.32035775371712;-151.591842307921;14.382881195986569;0.0;0.0;0.23725499794750307;20.44932686606778;1.058266790412235;20.3014542052795;nan;nan;nan;nan;[nan nan nan];[nan nan nan];[[nan nan nan] [nan nan nan] [nan nan nan]];;;;;;;;;;;;;;;;;;;;;;;;;;;;;-94.62028584244503;-236.12841800451542;26.386297998346976;-94.04013114242366;-237.15630809919503;26.141619231188184;0.0;0.0;86.04543632994782;34.566424286858236;86.74677303263492;34.263070352192884;nan;nan;nan;nan;[nan nan nan];[nan nan nan];[[nan nan nan] [nan nan nan] [nan nan nan]];;;;;;;;;;;;;;;;;;;;;;;;;;;;;85.86462337873726;86.47763268880264;;;;;;;;;;;;;;;;;;;;;;;;;;;
73.725;-86.69641356409971;-152.22058404589427;14.40405987679813;-86.34189414952834;-151.58513453425456;14.38939769172251;0.02347925230441936;0.02347925230441936;0.9450875195551383;20.381411474485187;1.0421982690575808;20.31064583846934;nan;nan;nan;nan;[nan nan nan];[nan nan nan];[[nan nan nan] [nan nan nan] [nan nan nan]];-4.0389168687769255;-1.5268474183074154;3.7268435234811244;-3.625623800477872;-4.025390006470498;4.916256467724642;7.315633281078852;5.7038123356397366;7.936100780489009;5.239247664295385;8.041319287740908;157.49548142474563;-537.013127214101;329.9641334351899;667.634242771933;128.4022232493535;-576.7740120977477;310.7733742696481;8.995255472673465;0.11116971641749177;72.33372133056609;-1.0931640409518628;1.1822106849385259;478.19282140697476;520.235061549136;123.38381882721258;53.27269924640413;649.6647249336511;-95.58960291183688;-237.03300136125267;26.03637288795416;-95.18189847756072;-236.8274831113809;26.03026164133926;1.193381344337974;1.193381344337974;86.98648375101725;34.36076817484902;86.59542628492073;34.29796548859677;nan;nan;nan;nan;[nan nan nan];[nan nan nan];[[nan nan nan] [nan nan nan] [nan nan nan]];-258.52968798670145;88.05129137045243;-24.609986361232966;-250.07080689147722;92.16572501043849;-23.64219429309646;267.5609887054665;274.2194028715065;267.81140713209516;274.1782304190803;267.89866570130226;2358.8322486472694;1324.3196522278588;307.6364497378983;2518.229983426507;2216.2523675799785;1164.3261536178343;272.1255236575643;0.026023151342230946;38.42732138198719;6.9715675219267235;-46.36783600618396;-50.73045115561736;-1444.4851604022099;-1254.0310349665015;69.85078533133083;88.13473622178033;2722.6002835051986;86.06709971666712;86.34057628879613;-47.07007714109372;-54.37450285122688;-2124.795798073242;-1956.876008221173;46.49409646066194;-127.77567756316662;75.91473466857143;96.66390015358904;nan;1.1363182392284554;46.49409646066194;75.91473466857143;nan;74.77841642934297;169.87791528787452;145.76551999990227;;;;;;;;;;;
73.7291666667;-87.03376210825513;-153.13212659761166;14.311349502196478;-86.36017667850348;-151.58696403872852;14.40200239703015;0.04444057392524588;0.04576100601096966;1.918403140460947;20.347655832454038;1.033625501578372;20.325572692749724;nan;nan;nan;nan;[0.27267932 0.62001216 0.13116308];[ -86.59627057 -152.11032836   14.45673502];[[ 0.58452539  0.5839629   0.56330933] [ 0.38929475  0.40728645 -0.82617634] [ 0.71188459 -0.70221441 -0.01073558]];-3.4449655528720102;-3.8552109462069595;5.059339836799101;-3.651374195189394;-5.492421157249983;5.344332160346439;8.488881547177783;7.233765180350484;9.432636546976287;6.187687750257744;9.535606903428226;127.60713514124956;-580.2963357489675;309.7044063061758;674.9637673618379;114.56794381422563;-592.4743489159488;302.36471252129957;5.89673410985152;0.16958539784409238;56.228938485580855;0.9934658810584504;2.568649516382142;523.1639632629599;537.8835257117978;130.3168131481671;46.55925354529712;670.0330122524534;-95.92507247845316;-236.73663206994007;25.89280805847632;-96.28002607337591;-236.47260411378753;25.92493576773997;2.35192095205166;2.3522242410557173;86.71144947598374;34.2581379625051;86.41536626838625;34.33270414469177;nan;nan;nan;nan;[0.90782064 2.06280076 0.17080198];[ -96.02970781 -235.18159514   26.08900871];[[-0.73506475  0.58246061 -0.34701506] [ 0.0639754   0.56912705  0.819757  ] [ 0.67497182  0.58037405 -0.45560838]];-249.01706881003116;93.21138869232742;-23.408439397183745;-247.0644316614318;92.98955380596084;-23.428626803188287;265.0222463550957;266.91912366052674;265.4640209030552;266.71978295186767;265.5484374883182;2207.8084914353763;1153.3631933712766;269.3351929207919;2431.3016959834285;2154.439969089726;1096.9231424180282;257.6353549269074;0.025471942745821426;39.25888221321659;6.764034595944781;-51.96123286031845;-51.45129695726142;-1241.3015646389697;-1173.3732054067325;69.45918712056765;88.09431751831094;2505.4353786963693;84.86989405945202;86.16342484569695;-55.548349369565074;-56.662471318311376;-1945.6217366064627;-1885.802260597927;39.255183597737506;-136.19838582264194;76.2468258298271;96.62653700223905;nan;1.161368635950476;39.255183597737506;76.2468258298271;nan;75.08545719387662;169.5719967459046;145.70601295039475;-1732.0504493751282;-22.092432019685674;-2368.32255850237;-14.832680857096381;nan;16.69279149819053;nan;-38.785223517875274;-10.600254374574524;-212.56260256719207;
73.7333333333;-86.28805942124683;-151.4347388931688;14.673965636794193;-86.3757248589735;-151.59811403993848;14.420336256645196;0.06713964950691564;0.07226004092348182;0.324318865444079;20.583354873312693;1.0333527346627145;20.345959047726982;nan;nan;nan;nan;[0.37914261 0.8227104  0.14798025];[ -86.44636616 -151.79846915   14.48444605];[[-0.5842753  -0.58580438 -0.56165435] [ 0.41906646  0.374885   -0.82694893] [ 0.69498609 -0.71853634  0.02645492]];-2.975474201506011;-6.360108295963336;6.308299487264867;-3.6696312591643196;-8.253817961002488;6.1957392324296325;10.953487533560757;9.439230195372696;12.066214004060068;8.078136336171484;12.15803459998223;97.7546984460112;-621.7493617054577;289.86653526609314;691.3209775872148;87.88697828037189;-623.1989909893608;286.04823147631987;2.8334809008768187;0.35292279531178444;34.44955883124918;3.264655837102785;5.178692264726915;566.7816377433861;572.2456030317616;138.89738245240218;38.1676219391087;692.9291869423482;-96.90627657427905;-234.59523788047488;25.97804535585665;-97.33719665501567;-236.09472619748396;25.824952793441298;3.4781999311654612;3.4793435574832605;84.7302558822206;34.43942764680576;86.2102200838327;34.36700264493237;nan;nan;nan;nan;[1.79372249 1.85871135 0.28093755];[ -97.02072057 -234.90944334   25.96077844];[[ 0.7117964  -0.30750136  0.63149726] [ 0.01976097 -0.88995152 -0.45562683] [ 0.70210782  0.33679254 -0.62738776]];-240.12642109745013;97.66961907434502;-22.363617254273894;-241.0694273070022;94.8156780120975;-22.96056126030084;260.06089470046777;260.19259016331205;260.68640615755163;259.805163491074;260.76528395635466;2060.2859458841826;987.423521096017;232.40853559093588;2263.626093114134;2034.3974290675194;965.7253768447838;229.35711575755903;0.024336862216926956;41.0899314417153;6.346208786603637;-56.71998433695073;-53.120976807714996;-1043.8553792007767;-1016.4414660276826;68.61763030447221;88.01118998418212;2296.474932638512;84.59431036199541;85.9493772354008;-63.29064882121406;-61.32069966961394;-1771.528865198178;-1747.5114268901877;30.59088388929274;-147.81651258315347;76.1162018931389;96.56435913905523;nan;1.2282011987566719;30.59088388929274;76.1162018931389;nan;74.88800069438224;169.48826634169492;144.73383219761112;-1157.1497418401923;-8.242740483923091;-1755.471888126947;-14.754111920322739;nan;17.87044625718739;nan;-26.113186741111146;4.960744507004082;-180.72758701156715;
73.7375;-86.6381330529921;-152.2727663156004;14.361318044815874;-86.38905758583923;-151.6193359824772;14.44404753919392;0.09600463851068018;0.10676159698836103;0.9811090284443477;20.332164845463353;1.0421607173011205;20.37153588105385;nan;nan;nan;nan;[0.66517319 1.56838437 0.32427312];[ -86.22335603 -151.23701963   14.59136521];[[ 0.57877159  0.57953758  0.57372436] [ 0.44887303  0.36096584 -0.8174452 ] [ 0.68083511 -0.73064345  0.05122202]];-2.6302931913945216;-9.033913706833319;7.475480208582305;-3.8184889208428334;-11.257040925776742;7.008900991769372;13.799511627432242;12.017189500216475;14.961292310430439;10.628327313922831;15.043679067798273;67.9381713390305;-661.3722050835713;270.4505203149417;709.2436219549154;60.121328626817444;-653.2896893391699;269.48937443061493;1.4515241275282937;0.6889310215620288;21.836263133701543;5.714766379782987;8.048316841103938;609.0458448482533;606.6285816811336;144.66223143982535;33.73711200715001;717.7550227763089;-97.10730125333879;-231.4146863797286;26.151519270082844;-98.35603216271326;-235.6968173565464;25.729647766067586;4.574585809981869;4.577269003806634;81.65720281707222;34.58984661159975;85.98351522424159;34.40059165631606;nan;nan;nan;nan;[2.75249338 2.00948533 0.43935771];[ -98.17447962 -235.22237251   25.77884051];[[-0.64795094 -0.32835121 -0.68727365] [-0.36346207  0.92624212 -0.09985415] [-0.66936904 -0.18509732  0.71950266]];-231.84315646703874;101.44688579392745;-21.469792434639864;-235.36181002030673;96.14475769785845;-22.59258399541888;255.2438459599074;253.97573077967996;255.98611768579252;253.38699796890424;256.06007326514657;1916.2646119936883;826.5006354020795;196.85647774833026;2096.689251695843;1912.9901890347255;834.2889794011037;201.33617082785696;0.02298521506298148;43.506227688534274;5.885595853042188;-60.66799631243513;-54.17095485941016;-852.1466040876306;-858.9470179432997;67.87193569933987;87.92922266624512;2096.1693243463997;80.69730998723747;85.70154411869657;-70.31814712128437;-65.56724780533264;-1602.5171838483868;-1608.7513461614044;24.8214298529579;-155.93440714347707;76.06272222966322;96.50293132843002;nan;1.300475231768604;24.8214298529579;76.06272222966322;nan;74.76224699789462;169.48366129278324;143.9346579290031;-805.1559420866488;5.902074299195725;-1420.4274503126246;-14.657260059621809;nan;18.32033679462414;nan;-12.418262495428175;10.506861809198705;-148.70771978689152;
73.7416666667;-86.41889857193068;-151.7651148112384;14.389665615772984;-86.40069313057109;-151.6513495369341;14.472791837192984;0.13445745230828346;0.15133163443092656;0.447656040747346;20.32375845377059;1.0608067007866515;20.402040868429225;nan;nan;nan;nan;[0.65035876 1.59256264 0.32670619];[ -86.33969974 -151.57774524   14.52525692];[[ 0.57809925  0.57974292  0.57419457] [ 0.50659937  0.29663522 -0.80954594] [ 0.63965486 -0.7588845   0.1222128 ]];-2.409272899252593;-11.869001418083615;8.562639734458864;-4.0450869568681265;-14.373519852665527;7.792621950612596;16.842973558987854;14.832282015511897;17.985020805083654;13.56410975377477;18.058756457704632;38.15755382020595;-699.1648658834343;251.45636145265766;728.7665409309396;31.9549239340484;-682.7169779339102;252.93691319695688;0.8059803860946323;1.240724981963255;14.555003502169713;8.338158061710132;11.044671320376242;649.9565845776987;640.7056455843214;148.58163650530318;31.311099627605508;743.987775648466;-98.71898004553408;-233.33135705938383;25.883987728141662;-99.33909375177339;-235.281758488063;25.638379597817966;5.643242960255775;5.648256319664202;83.72246144997935;34.565646143271806;85.7386795747768;34.4332161883828;nan;nan;nan;nan;[3.40801685 2.00796496 0.52642028];[ -99.27150484 -235.50621348   25.62312618];[[-0.61892243 -0.4252867  -0.66035312] [-0.43074229  0.88681081 -0.16741465] [-0.65680751 -0.18082533  0.73205607]];-224.15268653685212;104.56409212850632;-20.721237440415806;-229.87067070308456;97.17539621547377;-22.2845133602696;250.55973821590788;248.2084727107621;251.36920691843258;247.42079185977218;251.4386343216136;1775.7444897634198;670.5945362889411;162.67901939286077;1933.010040779142;1791.880008388171;703.9257112912005;173.7309594602116;0.021456428009100404;46.6060799857211;5.394974956028224;-63.82917466313543;-54.85288041285835;-666.1752392989067;-702.5705505643692;67.18025658340737;87.84680957637447;1905.1062931963536;83.28543281728993;85.42294794126839;-76.65201589504014;-69.54030618134051;-1438.5866925565394;-1470.9923517334519;20.94796937395013;-162.445444984223;76.04751238910616;96.44140820638577;nan;1.377121584233352;20.94796937395013;76.04751238910616;nan;74.67039080487281;169.52960587925332;143.22776897251353;-605.3527447413409;28.529123885778997;-1164.7831856191508;-14.290670756830005;nan;17.555783846439954;nan;10.973340039338698;4.836039409731107;-99.87166757867146;
73.7458333333;-85.72431169760691;-150.27252744471093;14.71778161419438;-86.41114914120915;-151.69484259989582;14.506232067049606;0.18457403279344092;0.20718164479009107;1.2935449818913503;20.535076339688075;1.0900244387149949;20.437218383598363;nan;nan;nan;nan;[0.60375135 1.48112644 0.30219022];[ -86.37406408 -151.667827     14.51526425];[[-0.57823449 -0.57990932 -0.57389028] [-0.50016187 -0.30376851  0.81090246] [ 0.64457969 -0.7559298   0.1143991 ]];-2.3122637017973267;-14.857745668951628;9.571535798591015;-4.379827352024444;-17.632719730470537;8.531382732833448;20.071875449517794;17.824518712537785;21.17292186647339;16.717073309089034;21.239311942987356;8.412845889740751;-735.127344104789;232.88405867937058;749.3652191396332;3.363473396527426;-711.0672476020452;236.4747091985803;0.4757778566541203;2.101821230253213;10.105194313042784;11.129191435468153;14.203583858566542;689.5138569314436;674.1853850796932;151.45942147229616;30.301786184017523;771.179598286613;-100.27752486732318;-235.12677064332212;25.39641778455207;-100.28888179257926;-234.85234339213096;25.550531065465712;6.686144126391085;6.694302213355589;85.65620251104379;34.31452519574611;85.47904141278306;34.46463559321524;nan;nan;nan;nan;[4.34920175 2.82096739 0.77067614];[-100.554176   -236.2980224    25.37279143];[[-0.58377162 -0.52839093 -0.61645253] [-0.53508292  0.82142175 -0.19736406] [ 0.6106529   0.21463768 -0.76225567]];-217.04042292502325;107.04214135548266;-20.11222477374328;-224.70853256307782;97.78469606290335;-22.061278646954268;246.05379778882659;242.83547268632248;246.89647357420856;241.8651342070253;246.96193113794413;1638.7255791943358;519.7052237576655;129.87616052476062;1774.2214722931624;1671.7820064134771;575.7109566170266;146.84566799655119;0.019743634877733285;50.64923486443685;4.875926197087479;-66.22742526538451;-55.01779268869514;-485.9412848358746;-548.5333589387087;66.58352074862144;87.7656353935237;1724.0599933237445;86.75293581678449;85.1165229336941;-82.31342676768196;-73.1126948290765;-1279.7373913237545;-1335.316911771903;18.111797002230485;-167.77130256275836;76.11190618215656;96.38078749459974;nan;1.45314470505726;18.111797002230485;76.11190618215656;nan;74.6587614770993;169.57121847452663;142.695426930778;-425.3417542457672;25.523258938800534;-1154.353455123279;-14.60111026540435;nan;19.623580036882405;nan;5.899678901917435;18.597989269970846;-103.39722476757359;
73.75;-84.60340153396612;-147.3392158954564;15.430873385856344;-86.42094264236303;-151.7504712939454;14.544038469061094;0.2474917002564965;0.27515066934956545;4.492198057253157;21.050151047386645;1.1305241869840306;20.476819498352413;nan;nan;nan;nan;[0.56906723 1.45323087 0.28627926];[ -86.4080944  -151.83719045   14.53350895];[[-0.58736699 -0.57938139 -0.5650816 ] [ 0.25685468  0.5286699  -0.80903264] [-0.76748009  0.62034292  0.16170643]];-2.33911597574335;-17.992520698703537;10.503926134686482;-4.838422111154746;-21.022950785304854;9.212137112773842;23.45715793593943;20.965083564922956;24.514515694990646;20.008675421319587;24.574713594560254;-21.295952452466818;-769.2596397477672;214.73361199501488;770.4886859990097;-25.465768045480893;-737.8928182765947;220.26915046406017;0.2960050736808363;3.378320471216778;7.274239908243257;14.082227053667552;17.519528854606445;727.7176619096294;706.6570655901064;153.66654303989083;30.371883675709725;798.9520855822005;-100.84655485347959;-234.18760121293684;25.408648176343462;-101.20783587057974;-234.41127877186304;25.465508810359427;7.705082892422184;7.717162604899401;84.83402314234053;34.3873529389984;85.20782940778977;34.49462356543832;nan;nan;nan;nan;[4.38731591 3.50698957 0.72092615];[-101.21410057 -235.38732559   25.34992623];[[-0.61144995 -0.40387364 -0.68045209] [ 0.48106614 -0.87249756  0.08557678] [-0.62825499 -0.27501654  0.72777852]];-210.49177724960532;108.90193675229034;-19.637026936755944;-219.9670869938761;97.91212652076955;-21.934627997092424;241.77144534820786;237.80671341451273;242.62589897980578;236.68185927396016;242.68804537130202;1505.2078802859517;373.8326978077125;98.44790114391085;1622.669935506202;1553.9718932390379;451.1933675633298;121.05213622916315;0.017863217762980638;55.980955574105984;4.335189402939693;-67.88665399554884;-54.59518612263888;-311.4447406978892;-398.65368972103835;66.11024998787124;87.68745348128738;1554.0571540534672;88.91590438040011;84.78511511144968;-87.32355136447632;-76.20062892786103;-1125.9692801494632;-1203.3305757182782;15.903363167776877;-172.15197153104043;76.2852550881541;96.3223192834123;nan;1.5234197829535518;15.903363167776877;76.2852550881541;nan;74.76183530520055;169.5699062076677;142.39550507602536;-296.55610021186516;20.10635279913393;42007.1285197563;-15.084593307597562;nan;22.36439715986437;nan;-2.258044360729536;34.28722696220916;-112.07712563834042;
73.7541666667;-86.28223962645961;-151.20467674786516;14.50029117586341;-86.43059003521218;-151.81885996766323;14.585888607415521;0.32388297703572283;0.3559065791144538;0.20242651067238587;20.406974159658045;1.182992703794425;20.520601982529072;nan;nan;nan;nan;[0.56892031 1.46748731 0.29022714];[ -86.41885763 -151.92175595   14.54629693];[[-0.59214951 -0.57839023 -0.56109153] [ 0.21226613  0.55974466 -0.80101748] [ 0.77736867 -0.59342283 -0.20867987]];-2.4896800978069784;-21.265700746607507;11.361568476451938;-5.185879922196012;-24.175259481376035;9.917566650984206;26.64009477903582;24.23868341058948;27.588233720006475;23.407937567989208;27.640293656846623;-50.96884120651783;-801.5617528124759;197.00502139953076;793.5665406853497;-53.09961741353306;-764.9403144346593;204.4372776145628;0.2012347512964656;4.969320624581226;5.562187619796806;17.191625468921032;20.585134722296697;764.5679995123797;738.7573387439968;155.15891933493023;29.95104300505519;826.9885397043744;-103.57871779783765;-238.4476480064481;24.875467287519356;-102.09833478630894;-233.96118423337808;25.38274333842123;8.701686911447796;8.718373639513992;89.41965781399885;34.282623670027725;84.9281726215055;34.522968142219895;nan;nan;nan;nan;[4.11129095 4.46107494 0.67175124];[-101.91804532 -234.59559585   25.30015169];[[ 0.59522133  0.39067451  0.70220012] [ 0.53817294 -0.84273903  0.01268106] [ 0.59672561  0.37035707 -0.71186669]];-204.49216112865906;110.16438159635481;-19.289916431589283;-215.03531657803177;98.45425778469976;-21.72466373740148;237.4981879220421;233.07796080177644;238.32056940683614;231.83616576686927;238.37894630721496;1375.1913930378294;232.9769584386096;68.39424125021138;1478.602327351105;1438.555780455069;328.228676970865;95.3312361262925;0.01590945425468686;62.85570730406445;3.7924789415550912;-68.8307667299847;-54.694673835540264;-142.68560688438546;-250.86688787962245;65.50918338440081;87.60179609136694;1396.4624602490478;89.54411466147154;84.43148227490273;-91.70356131068074;-79.60179795600175;-977.2823590331676;-1073.165910275882;14.567282383512937;-177.39091468879334;76.32460000664673;96.25911157572128;nan;1.6166745386980768;14.567282383512937;76.32460000664673;nan;74.70792546794866;169.72620171844318;141.83378339104755;-250.51690598524002;35.77819820045946;42095.95275619408;-15.172200932957637;nan;23.177964322637198;nan;12.600233877821642;30.553433165715028;-78.15095090657738;
73.7583333333;-86.84730333146905;-153.1937676680571;14.152275824010417;-86.44060709750553;-151.90060119562668;14.63146737019144;0.4142306621009591;0.4500309303852326;1.9407308760007214;20.166379311886832;1.2480932496495134;20.568330304012328;nan;nan;nan;nan;[0.57099314 1.49494133 0.29013149];[ -86.422735   -151.9795624    14.56641947];[[ 0.59671726  0.58137966  0.55310597] [-0.24263552 -0.52628546  0.81495498] [ 0.76488988 -0.62050085 -0.17298026]];-2.7638064447027793;-24.669660051897957;12.146220557585423;-5.636435426730697;-27.47257121819308;10.581450877653014;29.974633881576928;27.636233950621804;30.85048861856415;26.903999653085688;30.896337878155034;-80.60582037220988;-832.033683298695;179.69828689303924;817.2604284041967;-81.19868876374136;-791.0315300381246;188.65444406110245;0.14459615280027238;6.915813323064542;4.467491592798549;20.45174723380921;23.81356115080867;800.0648697394429;770.3664525012233;156.42357076634366;30.16448354714948;855.0256269456273;-104.17000928188611;-238.20139634928245;24.687081523086007;-102.96269655537569;-233.50459228580536;25.3016890201477;9.677431719706755;9.699274896992659;89.27349586012376;34.16998400453331;84.6431005078205;34.54947170327037;nan;nan;nan;nan;[3.88332058 4.9520403  0.64283365];[-102.6423847  -233.82114635   25.25464166];[[ 0.57474243  0.40222229  0.71266287] [ 0.58229608 -0.81290497 -0.01080702] [-0.57498036 -0.42119205  0.70142344]];-199.0269861803059;110.8503791650897;-19.065165760382122;-210.40872887654527;98.59149043832073;-21.596559199383;233.36350730897382;228.61108532731012;234.16796795835097;227.29669451878368;234.22305469992983;1248.6761174508554;97.13800565131858;39.715180843867046;1341.7594396361574;1323.8320490732115;207.01343309700673;70.2320312731176;0.013769739521242769;72.62301501472022;3.225190453087831;-69.08366934504016;-54.29667332026188;20.336116603485912;-104.95298557345008;65.00872100089143;87.51699454055085;1253.0782633273625;87.39196305477397;84.05829400931536;-95.4746282315092;-82.62406505333466;-833.6766279758821;-944.6727680293295;13.432062332676034;177.90743280054062;76.45280802814702;96.19661433918222;nan;1.7097897592859033;13.432062332676034;76.45280802814702;nan;74.74301826886112;169.85563309901968;141.46152902903845;-213.40275308729605;53.20538353298794;-1037.0680273219916;-15.072575252922954;nan;23.761885695091138;nan;29.443497837895684;25.25974245125918;-40.97860377060076;
73.7625;-86.87918947051335;-153.02825333451113;14.30326340104844;-86.45150898356175;-151.99625577840922;14.680466969357367;0.5189491234357881;0.5580569043234789;1.774538422456342;20.317735649001015;1.3264655873544544;20.619775628731915;nan;nan;nan;nan;[0.54719149 1.46668203 0.31574022];[ -86.37713514 -151.92551133   14.62258872];[[ 0.61049642  0.58798332  0.53063145] [ 0.24460287  0.49725087 -0.83241276] [ 0.75330177 -0.63797898 -0.15974747]];-3.161345393146648;-28.196772853842585;12.859640111793865;-6.174628522373609;-30.950237113758284;11.234215194802987;33.50001202731595;31.151604258381646;34.29127775082725;30.49342366734537;34.331158657255834;-110.2068899496443;-860.6754312065377;162.81340847547915;842.3549313850611;-110.36174651033895;-817.0829676626439;172.503737036406;0.11105901426870406;9.004221823728141;3.8127846391773184;23.856952900944275;27.23674586173539;834.2082725909473;802.4214260148946;157.50117216118608;30.748710568215497;882.8453785654291;-104.24622734875318;-235.36559933705968;25.15774188619804;-103.80317840845555;-233.04394834129008;25.221824090610685;10.633654959506577;10.661034220287792;86.58894532465422;34.603750120327554;84.35554291280985;34.57395097084253;nan;nan;nan;nan;[3.74747678 4.95959051 0.63668071];[-103.51738018 -233.39218718   25.17012896];[[ 0.57128734  0.40956808  0.71125576] [ 0.58888385 -0.8081818  -0.0076153 ] [-0.57170498 -0.42319756  0.70289206]];-194.08166402260483;110.98083273592246;-18.95704742526952;-205.8677185824025;98.46382600048791;-21.51718888104837;229.21525255165795;224.3742569717524;229.99123064668873;223.03556628729473;230.04328230607737;1125.662053524581;-33.68416055465038;12.410719924773144;1210.437315052346;1206.6829680697604;83.98915158180519;44.95031321420519;0.01139833790115488;87.73208942144802;2.6221110636154332;-68.66926771707394;-53.55602586091061;177.62042976631037;43.311061621776965;64.5597738085097;87.42924148283377;1126.234303946785;84.84616817860538;83.66813168484839;-98.65792375222135;-85.47496475357075;-695.1520869770906;-814.1265235809902;12.479641500304503;173.4086916125049;76.62275165831696;96.13267656794675;nan;1.8098242413865444;12.479641500304503;76.62275165831696;nan;74.8129274169304;169.98081366149057;141.18252546682666;-185.84119381341435;78.16858973760735;-964.6226182762766;-14.41446605090324;nan;23.26898021436871;nan;54.899609523239484;15.828474329231222;11.104541310307043;
73.7666666667;-86.5916810960286;-152.30389281078982;14.405989375330705;-86.4638102242691;-152.10635274258212;14.732586940772721;0.6384306592098026;0.6804871026544687;1.0015729941892142;20.370800119981354;1.4187259820175557;20.674715820664286;nan;nan;nan;nan;[0.54667716 1.4710309  0.35688042];[ -86.38404173 -152.00684195   14.66352858];[[ 0.62763294  0.59569817  0.5012191 ] [ 0.22007443  0.48179837 -0.84819666] [ 0.74675574 -0.64266167 -0.17129459]];-3.6821473198541774;-31.839413391698162;13.50358487278114;-6.813956175937464;-34.51866302665747;11.837135267740887;37.12257894142486;34.780069845084576;37.84314319401085;34.17507095166035;37.87795022434783;-139.77204993882103;-887.4869965360036;146.3503861468504;867.5153961577361;-139.60845497011724;-841.7596162934211;156.6307449038117;0.09158480950763755;10.918841294490074;3.4690448558366724;27.401603022928057;30.77387535261685;866.9982080668925;833.5090868800054;158.41242489582982;31.760238815156516;910.2679992672098;-108.11226572728866;-243.32441749432195;23.685937753805746;-104.62197679130821;-232.58161071498319;25.142650649455636;11.571570840694896;11.604673614466288;94.98491792871155;33.773653982775016;84.06833007472765;34.59623700973201;nan;nan;nan;nan;[3.52978751 5.16044327 0.60188085];[-104.32101918 -232.91564946   25.09656027];[[ 0.5556965   0.4094816   0.72355112] [ 0.61339757 -0.78939881 -0.02435018] [ 0.56119945  0.45735581 -0.68984118]];-189.64160627363637;110.57664558627522;-18.959833928387926;-201.68626405946347;97.94798123627304;-21.515050775807865;225.24221084958856;220.34202658991245;226.00348682637645;219.02838190064344;226.05301729196339;1006.1492012590056;-159.48954017929682;-13.51914150707038;1092.675546689353;1091.9040222454607;-35.46592138284155;20.679094697964032;0.008895936638836054;112.4108725813542;2.010953318847017;-67.61146772244037;-52.34337847430159;329.1673326040877;187.52243128930823;64.22385444002889;87.34403149797134;1018.8012052445888;93.98930214893538;83.26348845655367;-101.2746194980609;-87.92397700455837;-561.7087360367933;-687.1723632334225;11.653706056950185;169.26519923953188;76.89618622425485;96.07100954540797;nan;1.9078054734114827;11.653706056950185;76.89618622425485;nan;74.98838075084336;170.06613095278;141.12004066428375;-163.79095702029258;104.14820624161291;-912.7359860556079;-13.461846249268861;nan;22.695814983079877;nan;81.45239125853378;6.27290630250469;64.98476410508887;
73.7708333333;-86.53445491079736;-152.02266044570354;14.514619807470737;-86.47802472708551;-152.23138934071312;14.787534144187186;0.7730609873301018;0.8178020622384943;0.7237294390409397;20.46670161656705;1.5254672010494321;20.73293544183193;nan;nan;nan;nan;[0.54284479 1.49257291 0.37949541];[ -86.37147385 -152.05799674   14.72580271];[[ 0.64464948  0.60479685  0.46759794] [ 0.19085303  0.46496711 -0.86451183] [-0.74027169  0.64654958  0.1843135 ]];-4.326062601543368;-35.589955904734445;14.079812574252987;-7.551522808343113;-38.164320026877405;12.391479595445634;40.830008405622294;38.517540174049365;41.49186198866012;37.94817147999633;41.52225788423591;-169.3013003398408;-912.4683792871756;130.309219907099;892.5930572762117;-168.88931152297658;-865.0443565242311;141.05682399858662;0.07984135263588446;12.524837906498004;3.3151932339734134;31.08005815237519;34.41266966223479;898.434676167384;863.5948284583775;159.18175272904278;33.10348887564776;937.1456483858433;-107.10546903127958;-237.98152535849755;24.305962894639336;-105.42122736476568;-232.11985062504777;25.0636946609027;12.492284678565676;12.531095714784293;89.64788871947013;34.17514921159007;83.78419262401067;34.61617522727692;nan;nan;nan;nan;[3.18283252 5.38140154 0.53964129];[-105.15115472 -232.60111062   24.99664159];[[ 0.55741245  0.35045362  0.75264442] [-0.60422401  0.79296149  0.07826507] [-0.56938976 -0.49839176  0.65375909]];-185.6922245514682;109.65872099356623;-19.067797771874357;-197.8534083633531;97.06818684642639;-21.584238267894193;221.4364094729088;216.49530771055245;222.2046941645056;215.25418738687307;222.2521735148369;890.1375606537399;-280.2781332230246;-38.074403451745;991.2488286111645;979.6434686091782;-151.2162900050687;-2.5589590631433397;0.006333209361486205;157.8978276134758;1.4075695459148214;-65.93417523748705;-50.687944547133995;474.9768251173059;327.5131775521122;64.00090673828174;87.26213051092205;933.9969855667523;88.92673095583629;82.84676926437906;-103.34588709427776;-89.99090778302231;-433.34657515456075;-563.9577197767328;10.930964885191484;165.37016979352953;77.27415657279754;96.01255601752246;nan;2.0037324098397713;10.930964885191484;77.27415657279754;nan;75.27042416295777;170.11271761423427;141.2750633110793;-145.9336970806324;131.3700645006487;-875.7570448391568;-12.127795334595477;nan;22.071485240521493;nan;109.29857926012737;-3.3888028501822998;121.13554319218896;
73.775;-86.68382407754635;-152.512054318629;14.72187199662335;-86.4946657760387;-152.37183105136756;14.845022763241108;0.9232229171405322;0.9704642380468316;1.2652450510397248;20.69916418835912;1.647258514163649;20.794225752303834;nan;nan;nan;nan;[0.54305074 1.5077887  0.43281017];[ -86.36284715 -152.13973276   14.81039211];[[ 0.66360791  0.61256154  0.42940995] [-0.14335897 -0.45924367  0.87666611] [-0.73421574  0.64332233  0.21694154]];-5.092941614925419;-39.44077463218258;14.590080949909348;-8.389454946156077;-41.882107648767075;12.896371165429384;44.618497113114586;42.36016076462133;45.23315348433071;41.811646198781446;45.25974356892495;-198.79464115250195;-935.6195794598824;114.68990975633452;917.4170991591943;-198.18079935324423;-886.8776440671992;125.80361302917565;0.07212215183203664;13.865365558266666;3.264230097557049;34.88667884186239;38.14985030709112;928.5176768922067;892.6246405745607;159.82962375685423;34.72315789246789;963.3571934747544;-105.07664769346161;-229.17706471386185;25.31039117374462;-106.20300500473805;-231.66085219265656;24.984505953746208;13.396807356535044;13.441110379852644;80.80397976918475;34.77096859879448;83.50576158327675;34.63362537335807;nan;nan;nan;nan;[2.90021251 5.74616878 0.48546477];[-105.90772667 -232.00798126   24.94035584];[[-0.28914095 -0.56366234 -0.77374562] [ 0.79356598 -0.59318713  0.1355805 ] [-0.53539756 -0.57481632  0.61881794]];-182.21893047420775;108.24796223522395;-19.27521145786452;-194.3742174783976;95.82641658757603;-21.723537053257367;217.7979582054417;212.82127179393515;218.60494679770423;211.69540695270732;218.6508243971698;777.6271317095755;-396.0499396850087;-61.255065909082944;909.3010589067119;870.0677208785798;-263.05847637516274;-24.71466813856012;0.003951794730326796;253.04958082104238;0.8640631756343453;-63.66129613857984;-48.59176020277956;615.0489073049691;463.044691184163;63.89749242222427;87.184885519589;874.82094956333;79.54832819004807;82.42029083316581;-104.89289816610152;-91.6748937797705;-310.06560433126936;-444.69331854141205;10.288781415113327;161.65906602239576;77.76408794293565;95.95882749333065;nan;2.096937264937299;10.288781415113327;77.76408794293565;nan;75.66715067799835;170.11840517196757;141.66158036515992;-130.41794097560415;159.01771857198779;-851.7048278748671;-10.371515243752807;nan;21.575168244408857;nan;137.44255032757843;-12.536435691089343;177.91757957679502;
73.7791666667;-86.57475878076076;-153.3640514765999;14.582326895894639;-86.51424603172573;-152.5281115791061;14.904774305464638;1.0892957496636562;1.1389196818920753;2.0605142976316113;20.559349732207693;1.784645693375007;20.858384710194542;nan;nan;nan;nan;[0.62650451 1.87067887 0.43508414];[ -86.50359852 -152.5976972    14.83059859];[[ 0.683979    0.64241794  0.34564709] [-0.10854184 -0.37891855  0.91904265] [ 0.72138159 -0.66612305 -0.18944311]];-5.982634736717909;-43.384243813311954;15.036147733456195;-9.327578928246394;-45.66531802884984;13.352690297529035;48.48318613210553;46.30410638710351;49.05986969111918;45.76390741548584;49.08311519957987;-228.2520723769055;-956.9405970542131;99.4924556945014;941.8771457107947;-227.47062386364254;-907.2461877168373;110.87843687870091;0.06649803682537932;15.038037929239211;3.2639308020459974;38.81582564400382;41.9801684131229;957.2472102414707;920.5833225430616;160.36962684762878;36.56284788962698;988.803854955546;-105.93057284654797;-229.75852791580013;25.092213646646798;-106.96932380220267;-231.20671244199738;24.904658221355696;14.286069573457713;14.335461022969934;81.53557119154371;34.67584227860284;83.23556836732833;34.64846154039865;nan;nan;nan;nan;[2.78912854 5.85944217 0.47543018];[-106.65133379 -231.40636066   24.88848081];[[-0.1316742  -0.65029546 -0.74818294] [-0.83457036  0.48001276 -0.27033326] [-0.53493385 -0.58881539  0.60592261]];-179.20713565992116;106.36527258866823;-19.576347488495074;-191.24092537598415;94.23682768322905;-21.92907039369213;214.32348298493298;209.31316744363073;215.20756188597508;208.3377467639699;215.25224542079775;668.6179144261106;-506.80495956567097;-83.06112887917062;849.8284986254172;763.2304765769142;-370.9343696861633;-45.775649483496785;0.0028832583344100523;346.8298307042305;0.6206278306099932;-60.81673630206842;-46.07122496384612;749.3835791675859;594.0473355286264;63.91561906071132;87.11367585887845;843.089754215152;79.50610849540104;81.9862816726544;-105.93682433878388;-92.98899005878707;-191.86582356647216;-329.44051224327836;9.714850742853987;158.07219441987652;78.36890711030195;95.91149105640092;nan;2.1876614535106165;9.714850742853987;78.36890711030195;nan;76.18124565679133;170.08447759048278;142.28452617101328;-118.72871355538302;189.87137463722502;-833.878488752404;-7.930754171092586;nan;20.75865762163623;nan;169.1127170155893;-22.913111368480894;240.97595385056744;
73.7833333333;-86.48643325632182;-152.75990839395934;14.724801816384755;-86.5372775313136;-152.7006328544878;14.966517602278978;1.2716533021300607;1.3235985251148237;1.4798970462388168;20.679834600749924;1.9381510130020352;20.925216971665474;nan;nan;nan;nan;[0.42553469 1.41336058 0.42443407];[ -86.69694787 -153.15716336   14.82213934];[[-0.67131414 -0.70805569  0.21907642] [-0.31715481  0.00727384 -0.94834589] [ 0.66988817 -0.70611914 -0.2294463 ]];-6.994992343636432;-47.41273768737936;15.419770658597402;-10.364652992498561;-49.50676432282344;13.76207490280134;52.41889402687554;50.345475864902866;52.965117847735705;49.802836669876854;52.98536217940973;-257.6735940130515;-976.4314320701673;84.7168577215996;965.898971529902;-256.7517274921451;-926.1582810394391;96.28194064513416;0.06201292983174809;16.125669319497963;3.2857775469414943;42.86185911140135;45.89765610435556;984.6232762151759;947.4737847737005;160.8119696342243;38.570011871794044;1013.405628841888;-105.17945710588302;-224.25247200429015;25.63967986954181;-107.72213706322032;-230.75944130026423;24.823749021674374;15.160935747806;15.214850344479116;76.14343698804812;35.03659860447348;82.97604478314686;34.66057216336469;nan;nan;nan;nan;[2.66349896 5.95618412 0.46821393];[-107.41665478 -230.85968707   24.82142478];[[ 0.07245426 -0.73311735 -0.67623171] [ 0.83656357 -0.32450027  0.4414306 ] [-0.5430578  -0.59769434  0.58978784]];-176.64225172668876;104.03155533132124;-19.96547836590247;-188.44029645281867;92.31851974712777;-22.19592272608925;211.00974717104785;205.97007046196774;212.01456161179797;205.1700724406514;212.05840501981706;563.1099088033441;-612.5431928650112;-103.49259236200803;815.0243872582407;659.1328323367021;-474.85369711239497;-65.74669193318856;0.004547833995347089;219.88489488031112;0.9644064233482058;-57.42440160430709;-43.14859128587023;877.9808407051559;720.5303277942916;64.05499126393086;87.0499854990843;838.4584958073843;74.6977265727194;81.5468820774757;-106.49883723756857;-93.95199415597398;-78.74723286016805;-218.19094637796923;9.201965240317614;154.56152579011166;79.089235597701;95.87239819963278;nan;2.2767303336405424;9.201965240317614;79.089235597701;nan;76.81250526406046;170.01393487454192;143.14422686163186;-110.05184014030095;223.92883004871095;-821.2553317202152;-4.668079624974248;nan;19.608714471258352;nan;204.3201155774528;-34.50537666499013;310.31571111900666;
