dt;xt_31;yt_31;zt_31;xt_avg_31;yt_avg_31;zt_avg_31;xxt_31;xpt_31;xp_31;wd_31;xp_avg_31;wd_avg_31;disSTL_31;disSTL_avg_31;disSTLz_31;disSTLz_avg_31;PCAsigma_31;PCAmu_31;PCAwt_31;vxt_31;vyt_31;vzt_31;vxt_avg_31;vyt_avg_31;vzt_avg_31;vavg_31;vv_31;vv_avg_31;vvt_31;vpvt_avg_31;axt_31;ayt_31;azt_31;aavg_31;axt_avg_31;ayt_avg_31;azt_avg_31;curvature_31;curveRadius_31;turnRate_31;vxp_31;vxp_avg_31;axp_31;axp_avg_31;thetaToR_31;psiToR_31;aa_31;xt_32;yt_32;zt_32;xt_avg_32;yt_avg_32;zt_avg_32;xxt_32;xpt_32;xp_32;wd_32;xp_avg_32;wd_avg_32;disSTL_32;disSTL_avg_32;disSTLz_32;disSTLz_avg_32;PCAsigma_32;PCAmu_32;PCAwt_32;vxt_32;vyt_32;vzt_32;vxt_avg_32;vyt_avg_32;vzt_avg_32;vavg_32;vv_32;vv_avg_32;vvt_32;vpvt_avg_32;axt_32;ayt_32;azt_32;aavg_32;axt_avg_32;ayt_avg_32;azt_avg_32;curvature_32;curveRadius_32;turnRate_32;vxp_32;vxp_avg_32;axp_32;axp_avg_32;thetaToR_32;psiToR_32;aa_32;xb__31-32;xb_avg__31-32;vxb__31-32;vxb_avg__31-32;axb__31-32;axb_avg__31-32;phi1to2__31-32;psi1to2__31-32;phi2to1__31-32;psi2to1__31-32;phiO1to2__31-32;phiO2to1__31-32;phi1to2__31-32;phi2to1__31-32;phiE1to2__31-32;phiE2to1__31-32;alpha1to2__31-32;alpha2to1__31-32;dphi1to2__31-32;dphi2to1__31-32;dpsi1to2__31-32;dpsi2to1__31-32;dphiO1to2__31-32;dphiO2to1__31-32;dphiE1to2__31-32;dphiE2to1__31-32;dalpha1to2__31-32;dalpha2to1__31-32;
200.154166667;-127.03308354679035;-203.81051182507093;8.59036427112288;-126.71360442468277;-202.65131492327137;8.651330218701924;0.0;0.0;66.62500226066298;20.704578126936156;65.65518612675783;20.70548444438453;nan;nan;nan;nan;[nan nan nan];[nan nan nan];[[nan nan nan] [nan nan nan] [nan nan nan]];;;;;;;;;;;;;;;;;;;;;;;;;;;;;-150.1746058740086;-169.1400145290794;5.5386366210057645;-148.96860365269703;-167.6234028568304;6.054274582364446;0.0;0.0;66.79177989550381;20.201668258182618;65.18635088646502;20.53120259174682;nan;nan;nan;nan;[nan nan nan];[nan nan nan];[[nan nan nan] [nan nan nan] [nan nan nan]];;;;;;;;;;;;;;;;;;;;;;;;;;;;;41.79577107822018;41.76001944974884;;;;;;;;;;;;;;;;;;;;;;;;;;;
200.158333333;-127.5254297957181;-204.74522228078126;8.215788463619148;-127.38126236549402;-203.90193559960633;8.374912053500257;1.4443774451500875;1.4443774451500875;67.695090772056;20.412183843794832;67.01720423259862;20.53821574821077;nan;nan;nan;nan;[nan nan nan];[nan nan nan];[[nan nan nan] [nan nan nan] [nan nan nan]];-180.92078994237428;-290.66051852916314;-54.551121526566135;-190.90560781783432;-280.06404801531585;-48.22356185803176;342.3541061610001;346.686737740025;343.35931718598647;346.01447348944237;343.1155990744054;-3044.996831730819;1867.027926216213;1785.2144243912342;3916.3484039173195;-2745.638032592288;2239.39622367683;1668.6405149793172;0.03309977211416165;30.21168836301905;11.357048138176873;333.61018360863795;332.39826281239283;639.4544809377147;166.71842603389962;144.8904374400024;101.67548410879238;3993.092726643906;-149.07487324359053;-166.05421644189477;6.35637207906781;-150.27433849640494;-167.84884158727652;6.014249623480432;1.3256576106188742;1.3256576106188742;64.86774433069873;20.820951153730256;66.50538369822412;20.666737421566815;nan;nan;nan;nan;[nan nan nan];[nan nan nan];[[nan nan nan] [nan nan nan] [nan nan nan]];-284.21621057669915;-30.588302582719333;-4.770100048839421;-271.18702180186347;-20.848101391314444;-2.4842936885740348;271.9985585265444;285.8972760694766;272.44578733718686;286.12448766775236;272.9058988121675;4208.490312790438;3333.079796436237;707.525783661714;4719.167918102452;3700.3901721136244;2859.3086241960978;634.0446395721261;0.035630475292471264;28.065861928350433;9.723766884796596;282.6298117701541;267.63706540815633;-4884.436434400038;-4278.813636961217;94.39591065816374;90.04023213533985;5414.924226321963;44.32640155741203;42.86242533667595;261.3324658440646;253.31885058283342;-986.1786259246196;-1480.628328312075;112.80024521341845;96.50445376937664;117.80948336932944;-87.11340743658938;44.64674034830008;nan;112.80024521341845;117.80948336932944;68.15350486511838;nan;257.6906826534208;212.20539402749318;;;;;;;;;;;
200.1625;-128.52350326685473;-206.06902905573867;7.895989745435074;-128.10769485937337;-205.12795295219178;8.13174664926411;2.8891505935171162;2.8900441186338863;69.37539324650022;20.246496277895858;68.40009763834341;20.411269221895427;nan;nan;nan;nan;[0.86921721 1.07273446 0.25271695];[-128.17720324 -205.14940535    8.24211834];[[ 0.5618987   0.60956049  0.55920109] [-0.69765693 -0.01401077  0.71629498] [-0.44445996  0.79261574 -0.41739147]];-192.92508583967103;-281.99694793741577;-47.3756174190749;-193.61460097291666;-272.6295915468869;-46.02081063286331;337.5372911371868;344.9446571815551;340.1687191067893;343.804058619132;339.9370171275986;-2719.3353430210905;2286.864422075953;1659.7471344881546;3890.1241949749597;-2627.145132937491;2367.3689392988726;1620.721755285392;0.03369923447268831;29.67426458338258;11.455617246129206;335.1625982943305;328.74851427771864;111.01600106671427;-1.7514801158935143;143.87203022393325;100.86770044696945;3921.644316253331;-153.12448980469452;-170.35685860766154;5.131444657540541;-151.4967824725389;-168.00680132470202;5.987989509150877;2.55794375254702;2.558544526373265;69.98738157603303;20.20455998593723;67.7274098383807;20.80393866539082;nan;nan;nan;nan;[1.5322329  1.68857761 0.58009098];[-151.39954973 -167.75194889    6.01737877];[[ 0.31870787  0.68483722  0.65530395] [-0.93670003  0.12181639  0.32825878] [-0.14497706  0.71844188 -0.68031089]];-267.85511458692315;-17.801209781736773;-1.9920812430462413;-268.3790818883905;-19.348362995196055;-1.8853745585822526;269.0822279212721;268.45337373135396;269.72611669918746;268.3387001069726;270.1724040272549;3649.455600308403;2809.334775890088;626.6008289629497;4457.323708531682;3507.5549833974233;2682.7676881555526;606.2591957826662;0.03441917693504352;29.053570975483165;9.299111777180151;263.67899261622006;264.53941877110003;-4217.5327913175;-4049.716981569726;94.12341423496872;90.02894368550848;4647.9583324837195;43.45354262071724;43.958165976144535;256.0428069799283;246.3760790920116;-1546.3882889769475;-1646.9640382356279;112.13719023865585;95.91552880006535;117.73751512099442;-87.41390360732797;44.87694404930789;nan;112.13719023865585;117.73751512099442;67.26024618934795;nan;256.0092204625891;211.86092935596315;-403.0032017591974;29.139203928747172;-186.2620768397019;-37.99559629732518;31.741791308069672;nan;-434.7449930672662;nan;-916.1277966156541;-118.64984194012433;
200.166666667;-128.24120840161518;-204.41809827856667;8.450773160242832;-128.88701158769277;-206.32159674300047;7.919580797424286;4.327831390892818;4.331270822196348;67.85489384058006;20.734345057612472;69.79413879057039;20.321519255580775;nan;nan;nan;nan;[1.66551016 2.13501196 0.45572623];[-129.09839241 -206.35675121    7.99873855];[[-0.57543453 -0.58321209 -0.57335745] [-0.66300566 -0.07781428  0.74455922] [-0.47885134  0.80858432 -0.34189589]];-203.60083566789783;-271.64182780980065;-40.71389884517355;-199.33968404953515;-259.0668309619929;-41.591748583748334;329.5175353329653;341.906718944935;334.88820979190075;340.1349968890975;334.67778610884864;-2407.2947185766934;2678.9717034334394;1538.5973682678593;3865.1801913868567;-2395.3091253693556;2620.9884492072515;1527.2627982550332;0.03481759522357934;28.72111050687312;11.652675687061556;334.5795788914544;322.64515268213444;-385.5538815761168;-334.47712539134193;141.8318433260813;99.31576780127817;3916.534068730296;-152.00049560572222;-166.72227947270517;6.412906221451323;-152.64612227798224;-168.1068550758366;5.974018710386976;3.710028341181309;3.7123157015682064;67.83978963836901;21.272013578196404;68.8645883318306;20.942828546815644;nan;nan;nan;nan;[1.82031265 1.80997388 0.68472425];[-152.01590767 -167.25901996    6.25853373];[[ 0.10388539  0.70834859  0.69817627] [ 0.98523731  0.0227462  -0.16967634] [-0.13607086  0.7054962  -0.69552846]];-253.76558192416334;-7.138762551580715;0.4572200745364294;-262.05079828030233;-15.579510023787222;-0.5976309791357963;262.51418852075824;253.86638523103775;263.2949712223332;253.3613523735819;263.7140986673855;3118.1399158216473;2313.249922438576;549.7413893205237;3943.2171187995773;3128.885270825847;2335.527394071813;551.6792542258878;0.032122306790027526;31.131014548134917;8.471105182249346;247.43723824403267;257.4713933438892;-3584.0853391604273;-3599.710332101143;93.40235101903453;90.00775634708788;3921.2418101201524;44.60528427834314;45.03684161637735;248.49980793498605;234.04091986055923;-2067.781912712483;-1977.3018565387358;110.51550951741494;95.09577212314409;118.0010484155592;-87.5841137328098;44.70076672170006;nan;110.51550951741494;118.0010484155592;65.81474279571488;nan;252.34735284349625;211.40339943459372;-430.6474847224798;-25.057298466245896;-167.20409331988395;-32.111039958616466;144.59409530841089;nan;-575.2415800308906;nan;-987.4595996409637;-133.3031640424994;
200.170833333;-129.5627911727633;-206.70416529349262;8.05767605317763;-129.7135587051621;-207.47557814397936;7.73623624641997;5.75418441534061;5.762517983096596;70.49412153843055;20.55308694449827;71.19015341011504;20.265952912787647;nan;nan;nan;nan;[2.24306079 2.79515392 0.59975543];[-129.98938918 -207.43550558    7.77182594];[[-0.57653429 -0.58024922 -0.57525565] [ 0.65124107  0.09885756 -0.75240431] [ 0.49345038 -0.80841699  0.32088735]];-213.00479302822035;-259.71069653999075;-34.547976122810134;-204.35498040738617;-244.0645982395006;-37.375231095671744;320.50802490821803;337.65996269096576;329.2850501166841;335.08935687493704;329.09731262077634;-2108.8749583956396;3043.3497702910677;1421.7651257295674;3862.029003168913;-2168.057686440545;2856.0886311531763;1434.4168224688085;0.0364161039317551;27.46037856971275;11.984441940059492;331.9939112217696;315.0849867450263;-850.25516699384;-647.6541502143109;139.59599193345207;97.92871162368662;3966.200636278971;-152.62328410732985;-166.4863753856353;6.647534290687801;-153.7320633764932;-168.15809563617583;5.970932280058547;4.794099586769758;4.7994694121865376;68.36232836864221;21.582961828532568;69.9284973668218;21.083428685843582;nan;nan;nan;nan;[3.21915458 2.31319088 0.74181952];[-153.5065193  -168.11936604    6.03810671];[[-0.49467752 -0.63379839 -0.5946375 ] [-0.84618508  0.19524993  0.49583089] [ 0.19815389 -0.74844978  0.63289649]];-241.8321166383654;1.5142898040287756;2.5947435499902003;-256.93604695427257;-12.97914799474242;0.531937339096607;257.2642094510822;241.85077714469466;258.1141258967956;240.96169548833922;258.5073256523806;2614.5432593268297;1844.8252360786016;476.94746473395344;3449.2028900478836;2763.4632251470985;2002.7950615293853;499.08268001181455;0.02913252440937133;34.32589589381141;7.53097097456928;233.76514785798466;251.85767824312163;-2984.094077924845;-3165.9894058841705;92.89183885272506;89.99401707632029;3235.2272703289295;46.38152066554158;46.08872639516864;238.86520220631854;220.09109851344581;-2550.3594971343878;-2280.6773476849157;108.77883022398747;94.36334482639728;117.98034182040125;-87.73053357647314;45.141458976875796;nan;108.77883022398747;117.98034182040125;63.63737124711167;nan;248.37482215743955;210.8721806731263;-463.13542758539995;-70.4431600145669;-150.30862201705787;-27.628654156720362;242.74321159326684;nan;-705.8786391786668;nan;-1062.6137803858614;-142.23161665518407;
200.175;-130.77308998919665;-208.80737225178945;7.611518933131407;-130.58191883983537;-208.58308973705678;7.579609701697753;7.162289698309054;7.178555809852048;72.92862722935834;20.30183528569624;72.57952049207998;20.241669930415327;nan;nan;nan;nan;[2.66246957 3.07733854 0.6104185 ];[-130.79184189 -208.25410095    7.6402219 ];[[-0.57631341 -0.58244958 -0.57324981] [ 0.63036146  0.12959756 -0.76540767] [-0.52010315  0.80246929 -0.29246495]];-221.1937115216158;-246.31909252190852;-28.859859570057026;-208.93504704426604;-228.41328746398887;-33.31346353573431;311.3459018940882;332.31407561511406;323.6756083463893;328.76098509498246;323.5105619517239;-1824.0760624819973;3379.998622643862;1309.2504068748701;3880.920493985181;-1945.6932418839483;3077.775447034005;1342.8030334922323;0.038406319778676916;26.037381497698128;12.424850094097378;327.5383811070959;306.808984780398;-1283.0878551801147;-946.0699149322768;137.19174236841567;96.67175836764217;4057.804923686727;-152.0063382007416;-164.53951317550656;7.400716216254963;-154.7638299987122;-168.16913558998107;5.977395852894098;5.821372944299772;5.831315341130896;67.27342189816326;22.21896455527249;70.93013429496095;21.225760098883374;nan;nan;nan;nan;[3.80857096 2.37625511 0.75394791];[-154.63513982 -168.3521563     5.97532849];[[-0.49147926 -0.63043278 -0.60083496] [-0.85742304  0.2294236   0.46064144] [-0.15255774  0.74156545 -0.65330453]];-231.93922277971092;8.273197981201912;4.437428829354071;-252.51974173303324;-11.026789672973212;1.5675690769504136;252.76524153494842;232.12914432080285;253.66764982872658;230.9160197141858;254.0354907956662;2138.6656308308175;1404.0607168165523;408.21905520423167;2972.42757318205;2409.464015931149;1681.9472295020555;448.17669608786014;0.025700657290361504;38.909510706367385;6.528879088528201;222.52332066273888;247.07547933320132;-2417.559007618935;-2746.1672413265883;92.50030213923016;89.9844853227417;2590.7373417689846;49.097236323403784;47.10476833989096;227.3007232912111;205.41022346763486;-2994.121042236076;-2564.8848096910915;106.92678047805197;93.70240467880824;117.79223759500663;-87.8517057324656;45.905717515939834;nan;106.92678047805197;117.79223759500663;61.02106296211213;nan;244.11852284646764;210.29253973423678;-502.79680911146187;-121.69681371601241;-133.9403000869233;-25.76310295087536;372.5227596104318;nan;-875.3195687218937;nan;-1147.2911854218987;-146.20221461837667;
200.179166667;-132.02964067906953;-209.94285949550294;7.169059201418989;-131.48691109308638;-209.6378055141124;7.447672825715706;8.546595722638736;8.574565726743131;74.63031837946755;20.04573653499074;73.95417230579653;20.245882718741985;nan;nan;nan;nan;[3.43702686 3.78181719 0.64541363];[-131.81844267 -209.32329707    7.50452713];[[ 0.57740403  0.583567    0.57101151] [ 0.57517806  0.20562454 -0.79176306] [ 0.57946077 -0.78560048  0.21692649]];-228.22434474925828;-231.58255414923718;-23.631559504858934;-212.88961412898905;-211.94429851609928;-29.486383404912775;301.8473459942505;325.998898045905;318.09170627667834;321.25380845413616;317.9491298742545;-1552.898030833687;3688.918260494404;1201.0532117029577;3914.5305077494886;-1731.290074854442;3279.518969309426;1253.3710953869997;0.040880925887663226;24.461285508745615;12.998054814436408;321.34577436920625;297.58792251140227;-1684.051946138221;-1222.270967272538;134.60033899345277;95.55469928346396;4178.772432679027;-155.10726684398043;-167.5138821040362;6.322125993414758;-155.75016514213362;-168.14810731027916;5.992145645480578;6.802113715844274;6.817984870444908;71.03425723167071;21.602758158407344;71.87991563118628;21.369843198746263;nan;nan;nan;nan;[4.23667179 2.48788197 0.78224643];[-155.62289712 -168.18280093    6.00468776];[[-0.41965076 -0.64767097 -0.63593675] [ 0.90607639 -0.2572062  -0.33596212] [-0.05402604  0.71719403 -0.69477616]];-223.97140439813128;13.253212676231936;6.002215558711724;-249.08904184397963;-9.977071684941567;2.4686922556962494;249.3009971251853;224.44345440650733;250.2600242612518;223.010734266341;250.6034326579778;1690.507030330084;990.95636464914;343.55616073084815;2522.105013038206;2073.2596617580084;1379.3804424271414;399.89707021810017;0.02191404518157598;45.63283463706373;5.491734945924959;213.57235586267092;243.46403770727704;-1884.48012823849;-2347.943455872048;92.29360171405379;89.97727600491162;1989.4319218837823;48.30644105863932;48.076589367467534;213.96810468675824;189.79882111104297;-3399.066548020972;-2820.7528137049717;104.91936832744598;93.11077297625627;117.39331548694706;-87.96077236111226;47.16431907348451;nan;104.91936832744598;117.39331548694706;57.75504925396147;nan;239.51970732089876;209.68691720100085;-529.5038016548228;-119.4012401289041;-119.7274608665143;-19.3970612970759;350.11340988076125;nan;-879.617211535584;nan;-1201.3758114804718;-146.32021503641687;
200.183333333;-132.4531425955161;-210.2754266947391;7.26192085777366;-132.42359103964466;-210.6338808770228;7.338472237937002;9.901964574098082;9.946229030638348;75.14164797134414;20.198520535271374;75.30659439488214;20.275916361423757;nan;nan;nan;nan;[3.66052062 3.63403744 0.61460877];[-132.5158218  -209.66337329    7.54841919];[[-0.5722336  -0.60707408 -0.5513708 ] [ 0.6218807   0.11707262 -0.77431156] [ 0.5346149  -0.78597396  0.31053477]];-234.15344631225327;-215.6166198157362;-18.845086245204286;-216.1239438715594;-194.76876583137383;-25.95393267988511;292.0925159596279;318.8628238541743;312.7163499448539;312.68046604034294;312.5952921406454;-1295.3408634507084;3970.1086838426945;1097.17354021383;3954.981745461221;-1528.2016891885626;3455.986492460496;1167.3206791723132;0.04387106835797266;22.794065369923246;13.71388942988269;313.5488768298848;287.4597938179423;-2053.147439868157;-1469.8462655166236;131.82095589916693;94.57821606200419;4317.807393966728;-158.92523246278006;-172.10768423452816;5.001838116390118;-156.69933057114835;-168.10266295886294;6.013988456263671;7.745673108582904;7.7684885837965485;76.012736159896;20.865758326681252;72.78767705380871;21.51569779465189;nan;nan;nan;nan;[4.61390381 2.71134351 0.81607572];[-156.47292062 -167.98297798    6.04787574];[[ 0.37000874  0.65865866  0.65518112] [ 0.928884   -0.24985836 -0.2733959 ] [ 0.0163721  -0.70974613  0.70426727]];-217.8131655436463;16.569584585346412;7.306043384131221;-246.74426755441874;-9.894244920387406;3.218709382575455;246.9635393000365;218.56464601441292;247.99918506502019;217.04503080326708;248.3191704783845;1270.0674578246296;605.5121795763658;282.9587813138031;2107.062316172066;1761.0373540483145;1101.0591625291288;355.14470640790313;0.017986670455586176;55.596726613147396;4.466435087199225;206.77285266225817;241.13629996178938;-1384.8574397835139;-1978.7376695235905;92.29609046504397;89.97005772163817;1435.1940701393073;46.50436625143264;48.99648528441411;199.02907989011317;173.38180432132543;-3765.1960144890763;-3040.985444051377;102.7368070687936;92.58623551141822;116.77809748070744;-88.06639825705604;49.01007384602394;nan;102.7368070687936;116.77809748070744;53.72673322276965;nan;234.5577629679605;209.07418794575142;-564.6952672366886;-112.28940442634591;-106.13391345439358;-13.493325203022886;321.01638084605815;nan;-885.7116480827467;nan;-1268.8205743025492;-142.91056840247998;
200.1875;-133.76261313296845;-212.1468650103086;6.693342770250922;-133.38725072757202;-211.5659526376309;7.25012951483436;11.223710793087436;11.289807163008968;77.46716654631255;19.835479041727478;76.62982557720215;20.32920861549557;nan;nan;nan;nan;[3.75636358 3.48245758 0.54792744];[-133.35926996 -210.39404354    7.47260731];[[ 0.57526106  0.62182042  0.53142646] [ 0.58954232  0.13518094 -0.79634538] [-0.56702255  0.77140488 -0.28882512]];-239.03776981170623;-198.53682791516462;-14.482450109081475;-219.93326164327144;-179.0186642854716;-22.27669302129839;284.4548695163562;311.0718064954328;307.75839875687575;303.1611937770818;307.65732127347513;-1051.40456033306;4223.569892688733;997.6113924074864;4026.4350640842317;-1323.607604061491;3645.564673921472;1081.711811904363;0.04685638664907035;21.341807841254877;14.415710401007209;304.2804743109152;278.7045707565848;-2390.3743363699245;-1730.591801392987;129.00140557824415;93.64737455015037;4465.335673628252;-158.52208759638387;-170.15347036501652;5.531386208877464;-157.6191068170151;-168.03997448629102;6.041801665547661;8.660536501395425;8.690818113663624;75.0501493726193;21.3081179251204;73.6626734044842;21.663343092224405;nan;nan;nan;nan;[4.71249772 2.70350947 0.80811372];[-157.44055707 -167.96197876    6.06426538];[[ 0.42095635  0.64096235  0.64184345] [ 0.90707172 -0.30063615 -0.29468424] [ 0.00407984  0.70624724 -0.70795352]];-213.34901026627563;18.337564404772912;8.365851951680625;-243.37060932322282;-8.794562827642126;4.099112380722713;243.5639557487846;214.29898256589092;244.6570318968793;212.83291957787628;244.95273017104105;877.3469133144517;247.72816159822742;226.4269169530962;1684.0616059274219;1441.4665321638595;813.9960288818577;309.2704224055532;0.014015223380907618;71.3509854835607;3.4330672311103294;201.98541026597792;237.56968022168925;-918.690942254003;-1600.3385953416373;92.06927692315807;89.96515613005523;939.3487089851766;48.76296660981861;49.85742578681085;182.6453823984289;158.5518416168252;-4092.509441640389;-3280.7063538837874;100.50683664699314;92.11304413570289;116.39830515254043;-88.12241453858775;50.081930822488204;nan;100.50683664699314;116.39830515254043;50.42490582450493;nan;229.50824222523727;208.4675820756985;-633.9653256513255;-142.77847822693528;-92.0996018388714;-12.448025516713367;421.47466944855717;nan;-1055.4399950998827;nan;-1401.6721435818197;-136.2520356380935;
200.191666667;-133.76266900379454;-211.35284495556442;7.003072418028566;-134.37341867826788;-212.4291390177536;7.180841189888872;12.507635124431904;12.60221671257145;76.81484169050128;20.130510157337444;77.9174579448793;20.40330991137086;nan;nan;nan;nan;[4.01665038 3.65243672 0.53858808];[-134.34002645 -211.29695977    7.37377211];[[-0.57789473 -0.6221958  -0.52811937] [ 0.57419378  0.14987488 -0.80488448] [-0.57994757  0.76838136 -0.27064906]];-242.93406884872263;-180.45871684128184;-10.525661414478927;-223.13880310690968;-162.41637121630518;-18.81960696403786;276.63004301293404;302.80868521165326;302.7043968186411;292.8228979983393;302.6234205117756;-821.0891214807436;4449.301887032519;902.3667682839272;4102.6022147521;-1126.0716196991625;3816.7216836863386;997.9695531805861;0.05039154096737925;19.844600518316074;15.249660492407578;293.6733526340815;268.9863388254797;-2695.732635643522;-1970.9317644746652;125.95324500695675;92.83487678673141;4613.538816555933;-160.98641273947283;-171.77377375003374;4.949502411366822;-158.51679317786758;-167.96673363188754;6.074533235495447;9.554381698608484;9.592081882426998;77.8993035097049;21.080053633015392;74.51357868822059;21.81279769349339;nan;nan;nan;nan;[4.4068826  2.67804867 0.81343726];[-158.43558765 -168.00453457    6.07583423];[[ 0.36262411  0.65561041  0.66232827] [-0.93139161  0.27923185  0.23353638] [-0.03183426 -0.70157292  0.71188624]];-210.4634426160391;18.672402830738942;9.198580907427992;-240.9640537512743;-8.588664493990269;4.8480566352587635;241.16580191058603;211.49026737885282;242.36049514852928;210.2044828820841;242.63273244849867;512.3453967995518;-82.3956892852733;173.96056764872753;1288.839767039321;1137.987574067081;543.5589647289405;265.77411129320626;0.009969219317458552;100.30875720115358;2.4188589233733255;199.07062787830756;235.1536715205079;-485.9806356499592;-1241.4926354566996;92.04091409857642;89.95894825121862;547.3108205865776;48.08172470128969;50.65305446030934;164.97874570885864;142.74791210863953;-4381.006829474911;-3494.182722059953;98.0310131751588;91.70178623263241;115.84235244382208;-88.17884263374779;51.685210353071994;nan;98.0310131751588;115.84235244382208;46.34580282208681;nan;223.98425818211555;207.8832665423985;-704.3084762661033;-167.20525643838658;-76.8841826800836;-11.830896801180838;516.3719668893597;nan;-1220.680443155463;nan;-1533.9737679348357;-127.01474094224473;
200.195833333;-135.0430892600773;-212.52271529970534;7.092934981373418;-135.3778598864699;-213.21903964918172;7.128878753590013;13.75005407456082;13.881101086958353;78.51061619215452;20.4057038420524;79.16363686429376;20.4958833528416;nan;nan;nan;nan;[4.16996465 3.62618252 0.52022923];[-135.2676093  -212.02506015    7.33476567];[[-0.58341087 -0.63433143 -0.5072035 ] [ 0.54928922  0.15184241 -0.8217209 ] [-0.59825839  0.75800232 -0.2598449 ]];-245.89909702440798;-161.49782498784708;-6.9567304793850635;-226.0645376076983;-144.93124281398153;-15.41000114657777;268.9752933686015;294.2725088964093;297.67530909235455;281.79836294247906;297.6142904467364;-604.394546893758;4647.304666874053;811.4396678431526;4186.4493639821;-928.7021489866837;3978.624507630682;913.4646259895119;0.05445726371167967;18.363023256078986;16.20725989922235;281.86029762116766;258.50538108438934;-2969.22233768895;-2202.3201631709653;122.6038487621625;92.10352475633051;4756.171545435853;-158.44145151494865;-167.02565128883856;6.4361506161031485;-159.3992077187146;-167.8891519237423;6.111201710128545;10.434144164542781;10.47865896332233;74.14597235167953;22.14712039712712;75.34848607337777;21.9640795968939;nan;nan;nan;nan;[4.48928069 2.60321718 0.773679  ];[-159.25798249 -167.83819921    6.14985967];[[-0.42008342 -0.63586668 -0.64745926] [ 0.90591365 -0.33581306 -0.25797295] [-0.05338887 -0.69491234  0.7171098 ]];-209.0409666429565;17.689350559472096;9.821169897441388;-239.03867495665446;-8.86638816567848;5.5442558262172215;239.26729767522374;210.01784266197947;240.5686499619016;209.00626168798965;240.8172130567923;175.06290827993024;-384.85937307413747;125.55973340069725;911.3691108955713;838.6498125084768;278.5047316846105;222.92434300310106;0.006049419354545602;165.30512126731446;1.4568043095734913;197.8891047037244;233.31861279493552;-86.72651997138263;-887.9323783703178;92.12366394473169;89.95075666270802;441.05442470300596;51.165394120651136;51.37768878013265;146.19090331855557;126.06069479715214;-4630.688177992641;-3693.69696515527;95.22379226657023;91.345547453713;115.20848450065039;-88.22614808456026;53.59421973455632;nan;95.22379226657023;115.20848450065039;41.62957253201391;nan;217.82764102873273;207.33214844538207;-765.9430424260374;-193.34618887096343;-59.39251507266344;-12.654172841967762;631.2183712781753;nan;-1397.1614137042127;nan;-1646.598616092164;-115.48899585347718;
200.2;-137.11811551022933;-215.10311818322674;6.755858189634736;-136.39657582025356;-213.93173557368013;7.0925886534356435;14.947825941082511;15.124899545676866;81.83879076772422;20.38354941676713;80.36306097608318;20.604704717078288;nan;nan;nan;nan;[3.89772558 3.06913548 0.66612501];[-136.07772854 -212.3986102     7.39186313];[[ 0.59687495  0.71413103  0.36572826] [ 0.53862581 -0.01880108 -0.8423353 ] [-0.59466169  0.69975952 -0.3958713 ]];-247.98960793987925;-141.7696907484828;-3.7576676217676788;-228.41416530536105;-126.99946281772333;-12.248125349995671;261.63316120615195;285.67745960619845;292.87781081996036;270.225543084048;292.8357228365222;-401.32083657076475;4817.578232214401;724.8300910845859;4266.944592549031;-741.5508853975961;4118.798956819216;832.1139306335375;0.05893035303645225;16.96918393449018;17.256912528440935;268.97409509386614;247.393945393145;-3210.843442507749;-2408.9115711065156;119.0393675763667;91.49101056672845;4888.302067007888;-162.47413376299738;-170.10625938254697;5.260520150006315;-160.2726872714401;-167.81296067871102;6.15089621532709;11.306085722624259;11.356353265794402;78.87437300198154;21.55892984835765;76.17490789166759;22.117206197266448;nan;nan;nan;nan;[4.14808082 2.87652783 0.89523849];[-160.01767385 -167.58126244    6.25290634];[[ 0.30291151  0.67116691  0.67659412] [-0.95259219  0.23446842  0.19388832] [-0.02850853 -0.70324928  0.71037154]];-208.9660863970514;15.503658287181153;10.250558567791181;-237.95293461322896;-9.875910722731025;6.122491189145331;238.23647412185255;209.79099750784673;239.6659832665713;209.10076805606576;239.8916685765569;-134.50055224643182;-659.6628897701453;81.2244142087166;590.6988469711008;560.5015771841097;34.72494389563838;183.18648437741882;0.003486583980669926;286.8136851267974;0.8364024487552023;198.3014399467137;232.4725388150775;279.0714047841104;-559.9772204063706;92.3758350610451;89.93888925604571;678.11719647716;51.6708912194843;52.026320111075336;126.44358872453518;108.87064524952231;-4841.553487194885;-3862.690577065485;92.1617758729266;91.06108471029678;114.44897530683204;-88.27743344042455;55.988310077160754;nan;92.1617758729266;114.44897530683204;36.17346579576584;nan;211.20114344929328;206.82481036787715;-828.283045088287;-212.86873747277616;-41.31897376972808;-13.292463059041932;750.8732522496745;nan;-1579.1562973379616;nan;-1758.560229055748;-102.04957059298253;
200.204166667;-137.81137832086773;-215.30463333797906;6.7605536161152315;-137.4258044210393;-214.56378924299187;7.070392293931896;16.09837376575402;16.332912803857838;82.42598087352222;20.48246169607021;81.51098219515026;20.727662454630824;nan;nan;nan;nan;[3.82893823 2.67681765 0.71060118];[-136.96567919 -212.87187863    7.42576333];[[ 0.6904346   0.72068969  0.0625015 ] [-0.36654923  0.27405255  0.8891214 ] [ 0.62365193 -0.63679005  0.45338361]];-249.2623551962137;-121.38985251721797;-0.9104831596587493;-230.23916096865136;-108.75077883204163;-9.320525983877296;254.80124674879502;277.25087374379785;288.41693148545073;258.2468946647087;288.3923044142426;-211.867990514535;4960.122583051243;642.5380380094095;4340.839654016445;-564.7512186866519;4237.385146412993;753.9974030672072;0.06366573914228743;15.70703510981136;18.360709223480317;255.1475308741376;235.78753411470288;-3420.59595009662;-2590.7892557435653;115.26505231492644;90.98985631364211;5006.052258475593;-159.6369908111476;-164.39643332862966;7.071807324918552;-161.14308743480908;-167.7434110024145;6.192776458830127;12.175863011947051;12.230531483700542;74.73861868925461;22.894824108015534;76.99977563815956;22.27219428585808;nan;nan;nan;nan;[3.75103486 3.08080153 0.99387605];[-160.78024165 -167.35444492    6.34348049];[[ 0.14064279  0.69989924  0.70025757] [ 0.99005357 -0.10205147 -0.09684744] [-0.00367887 -0.7069134   0.70729054]];-210.123305928344;12.230576710124156;10.503686564539667;-237.60167876291325;-11.510669661313413;6.597408361648778;237.97180308619937;210.74087912022378;239.55073376190228;210.36518819454014;239.7540464387813;-416.3449847753086;-906.8062393695467;40.9546100733906;385.9110043623398;303.63874505493936;-187.742465106623;146.57278937476707;0.0044955768968529914;222.44086197258093;1.0778327520972044;200.1682328117465;232.48818470011065;611.4131386115262;-257.7296126676019;92.7724738865457;89.92304928398052;998.6580907364416;55.39042397056577;52.594613707507015;105.89853542422101;91.3442953454208;-5013.6027570787655;-4001.4062346999167;88.84093357967062;90.85060982810623;113.597266260055;-88.33159952491026;58.85437282855427;nan;88.84093357967062;113.597266260055;29.98656075111635;nan;204.10598589459704;206.3697401466007;-889.7134025445113;-226.1944937325341;-22.597264431402753;-13.630020650920079;884.2769834167282;nan;-1773.9903859612393;nan;-1866.9011180732782;-86.93232073596113;
200.208333333;-137.08232699586637;-212.5407761602046;7.65615049568386;-138.46202010356444;-215.112244518821;7.06078603659368;17.199705466788544;17.50536255138475;79.7539362282994;21.23255014736741;82.6032057106318;20.862757689425067;nan;nan;nan;nan;[3.91796079 2.52009463 0.71515405];[-137.90289538 -213.32378627    7.43778755];[[-0.73051687 -0.67519275  0.10227341] [-0.25958227  0.41307541  0.87291795] [-0.6316345   0.61113293 -0.47702662]];-249.77409239453394;-100.47384868767979;1.6028125889763922;-231.554698536732;-90.25607842524995;-6.626315333135929;248.61143610468898;269.2297541317143;284.35454320330325;246.00870221464723;284.34560535994467;-36.03600872363555;5074.937719385832;564.5635086170172;4404.661616437469;-398.7490171256367;4333.662504509392;679.2734895962409;0.06847583996936335;14.603690884951659;19.470804168619317;240.51339078368156;223.7560161880565;-3598.479860457325;-2747.0897318655702;111.28705770997821;90.59522613929384;5106.370864403775;-159.21132440410685;-163.08458583688372;7.291149796982168;-162.01578257444376;-167.68527378924077;6.2360727302344445;13.048592123095831;13.106231951563343;74.08068092956047;23.036437179016556;77.82943997125827;22.429060050318107;nan;nan;nan;nan;[3.4189298  2.98814373 0.95729997];[-161.87883647 -167.53935711    6.29256437];[[ 0.14402367 -0.69746488 -0.70199709] [ 0.98853478  0.13390941  0.06976568] [ 0.04534491 -0.70399645  0.70875442]];-212.3971292868491;7.985356524517668;10.597493533758477;-237.94162514876643;-13.722714065050969;6.975128097302841;238.4390535791505;212.81121520567518;240.1825996180081;212.68940123877346;240.36392290494797;-670.470389308909;-1126.2894218743127;4.7503209944026;410.0985178471707;68.8888690667241;-388.09794505170987;113.20381224055079;0.007173347701135707;139.40492524036955;1.7242139938061687;203.35008250329759;233.31222864216696;910.2986815134765;17.817640459980492;93.2993281183759;89.90333712248065;1310.7558774674876;54.182474224609784;53.07890871335741;84.71747691463452;73.57725455083927;-5146.835987645856;-4108.85641837;85.25941716386382;90.7167599288827;112.67506916122719;-88.38820396591646;62.245587179235685;nan;85.25941716386382;112.67506916122719;23.01382998462813;nan;196.54647487384204;205.97439727960307;-947.3992794456523;-232.05455474992976;-3.217673483697552;-13.398986851522885;1040.8503099736556;nan;-1988.249589419308;nan;-1966.169494999018;-70.33463524170232;
200.2125;-137.01524533996852;-211.20696129327285;8.011284758046642;-139.5019337559253;-215.5746266728591;7.062341199943811;18.2504312212913;18.64343991223175;78.66188077458662;21.55560947068797;83.63608998594572;21.008104218767887;nan;nan;nan;nan;[4.18525866 2.53243441 0.7124903 ];[-138.89748565 -213.81582662    7.4471433 ];[[-0.67904076 -0.72783649 -0.0956958 ] [ 0.39922569 -0.25673569 -0.88017364] [-0.61605396  0.635878   -0.46490502]];-249.58157313594555;-79.13721765362756;3.8002093061493136;-232.39858213171087;-71.60346880453517;-4.154671789248865;243.21475904917443;261.8551173029496;280.7486895453252;233.66035571916646;280.7533935018863;126.17510880193228;5162.023641218168;490.9065029074095;4455.929128335236;-243.64466245817508;4407.527433053182;607.9832251679975;0.07310262119654716;13.679400049299911;20.52380897481354;225.2044606442818;211.39636764894746;-3744.495173589859;-2877.67490330186;107.12182135219412;90.30155617363673;5186.848506094355;-164.78482228394697;-170.2836717979173;5.366045375740967;-162.8956658228593;-167.64283972234213;6.28008590099631;13.928906246899958;13.988236679485125;81.13428762846304;21.97023849070931;78.66967071273722;22.587819074704488;nan;nan;nan;nan;[3.21112035 3.04906135 0.98854409];[-162.73067272 -167.37908804    6.35638493];[[ 0.264994   -0.67606385 -0.68754334] [-0.96197165 -0.23434401 -0.14033327] [ 0.06624741 -0.69858468  0.71245402]];-215.67206052258646;2.8832484265892426;10.548919121515668;-238.89359407395884;-16.43192636648967;7.267095496802761;239.56829542042246;215.94913870210252;241.48120049643236;215.97348192676722;241.6407654211374;-896.8767658472302;-1318.1124372844404;-27.388453028246843;589.9996773929831;-143.58674307123388;-566.1946628923946;83.10276920889729;0.009764216625812066;102.41477000381815;2.359432779199023;207.70758822584438;234.8488554456392;1175.7280334899585;266.4730924190437;93.93299199484943;89.880454857893;1594.5402026288943;49.52638002275069;53.476218162139624;63.0621466929289;55.6897332074915;-5241.253178896155;-4184.907499928732;81.42665522513977;90.66229929117804;111.71231214561892;-88.44518303033449;66.22334769035363;nan;81.42665522513977;111.71231214561892;15.203307534786134;nan;188.54847657733387;205.64530414046834;-1002.1982832926111;-234.7971576637819;16.352617381960023;-13.058892109281654;1314.1149783072772;nan;-2316.3132615998884;nan;-2058.23764578733;-52.37555387056307;
200.216666667;-139.68480586309965;-214.77056551859852;7.453186016633097;-140.54249273954906;-215.94894238676687;7.073704059513664;19.249777985242073;19.74933519057233;83.1381503095473;21.407439168187597;84.60654675875935;21.161928513343867;nan;nan;nan;nan;[4.96538451 3.53533863 0.87564167];[-140.2073777  -214.77484423    7.32368916];[[-0.55155018 -0.67847446 -0.48524717] [ 0.63999284  0.02889246 -0.76783747] [-0.5349781   0.73405561 -0.41828316]];-248.74155102155393;-57.49549780882056;5.699696673871615;-232.81715872191995;-52.88498497678029;-1.890777559894787;238.7555780942572;255.3636192081138;277.64053468110666;221.35353288054597;277.65663471154147;274.7653620621687;5221.380348548253;421.56702088058614;4492.85472694817;-99.37730938141547;4459.16425511791;540.1128527626007;0.07723620489161072;12.94729591392208;21.44514472809573;209.3535262777224;198.81349323793634;-3858.6418894942226;-2982.7451887698417;102.79730591370792;90.10307016070908;5245.572180562304;-164.6891526626843;-168.82502624831307;5.784481288131431;-163.78714907943984;-167.61991927363698;6.324187424430323;14.821003800083998;14.88110435618838;80.66721395229638;22.350397258714853;79.52565684771615;22.748486339479577;nan;nan;nan;nan;[4.12602997 3.14631383 0.9535031 ];[-163.74637992 -167.43771045    6.38605322];[[ 0.2472844   0.6990955   0.67090678] [-0.95467074  0.05738344  0.29208033] [ 0.16569311 -0.71272198  0.68159605]];-219.8326036855758;-2.9604968874335063;10.374902973879315;-240.3657602257122;-19.54727569687095;7.48663805763957;241.2754534250431;220.09719852082932;243.35189088378712;220.1248793515396;243.4897798842013;-1095.5641143902744;-1482.275285599931;-55.46171199455816;797.6447311196157;-333.9376980933134;-722.1903869522952;56.247452108670814;0.011924094395368588;83.86381110740014;2.9033951196467362;213.1013491838641;236.98737614003812;1407.7011945409754;488.4192636389727;94.64699411427657;89.85542125891027;1844.0381646097976;52.335404012792004;53.784228976934116;41.09427825625731;37.80767154141844;-5296.85433082966;-4229.824333948508;77.36442316849056;90.68994598318524;110.74128120497953;-88.49986218967905;70.9193397623416;74.92585501040485;77.36442316849056;110.74128120497953;6.445083406148967;35.815426194574684;180.16172908219846;205.38827531925608;-1051.8543389633662;-233.97098438419297;35.748617555921214;-12.514685182882218;nan;-1619.4029960048888;nan;1385.432011620696;-2138.716385196977;-33.167968566641015;
