dt;xt_36;yt_36;zt_36;xt_avg_36;yt_avg_36;zt_avg_36;xxt_36;xpt_36;xp_36;wd_36;xp_avg_36;wd_avg_36;disSTL_36;disSTL_avg_36;disSTLz_36;disSTLz_avg_36;PCAsigma_36;PCAmu_36;PCAwt_36;vxt_36;vyt_36;vzt_36;vxt_avg_36;vyt_avg_36;vzt_avg_36;vavg_36;vv_36;vv_avg_36;vvt_36;vpvt_avg_36;axt_36;ayt_36;azt_36;aavg_36;axt_avg_36;ayt_avg_36;azt_avg_36;curvature_36;curveRadius_36;turnRate_36;vxp_36;vxp_avg_36;axp_36;axp_avg_36;thetaToR_36;psiToR_36;aa_36;xt_37;yt_37;zt_37;xt_avg_37;yt_avg_37;zt_avg_37;xxt_37;xpt_37;xp_37;wd_37;xp_avg_37;wd_avg_37;disSTL_37;disSTL_avg_37;disSTLz_37;disSTLz_avg_37;PCAsigma_37;PCAmu_37;PCAwt_37;vxt_37;vyt_37;vzt_37;vxt_avg_37;vyt_avg_37;vzt_avg_37;vavg_37;vv_37;vv_avg_37;vvt_37;vpvt_avg_37;axt_37;ayt_37;azt_37;aavg_37;axt_avg_37;ayt_avg_37;azt_avg_37;curvature_37;curveRadius_37;turnRate_37;vxp_37;vxp_avg_37;axp_37;axp_avg_37;thetaToR_37;psiToR_37;aa_37;xb__36-37;xb_avg__36-37;vxb__36-37;vxb_avg__36-37;axb__36-37;axb_avg__36-37;phi1to2__36-37;psi1to2__36-37;phi2to1__36-37;psi2to1__36-37;phiO1to2__36-37;phiO2to1__36-37;phi1to2__36-37;phi2to1__36-37;phiE1to2__36-37;phiE2to1__36-37;alpha1to2__36-37;alpha2to1__36-37;dphi1to2__36-37;dphi2to1__36-37;dpsi1to2__36-37;dpsi2to1__36-37;dphiO1to2__36-37;dphiO2to1__36-37;dphiE1to2__36-37;dphiE2to1__36-37;dalpha1to2__36-37;dalpha2to1__36-37;
273.591666667;-85.68729875301459;-150.349906199516;14.694411229817959;-88.01048231615621;-150.09204812892435;13.386425013384661;0.0;0.0;1.2473656338927372;20.508208946922714;3.4065836903785494;21.097701705486273;nan;nan;nan;nan;[nan nan nan];[nan nan nan];[[nan nan nan] [nan nan nan] [nan nan nan]];;;;;;;;;;;;;;;;;;;;;;;;;;;;;-121.17422432341088;-295.7801468588678;19.816991308640368;-111.40758931665292;-297.2770438442913;20.885039420408543;0.0;0.0;148.6835402583094;32.448734705714664;141.96388566795096;31.756248459351472;nan;nan;nan;nan;[nan nan nan];[nan nan nan];[[nan nan nan] [nan nan nan] [nan nan nan]];;;;;;;;;;;;;;;;;;;;;;;;;;;;;149.78490448419618;139.6116826973997;;;;;;;;;;;;;;;;;;;;;;;;;;;
273.595833333;-86.69962438993076;-151.9143255575562;14.297676291094291;-87.50926693490486;-150.0241312736204;13.610440461414083;0.5531839464347642;0.5531839464347642;0.6680427659390368;20.271767713789668;2.9516412908238507;21.081637298254954;nan;nan;nan;nan;[nan nan nan];[nan nan nan];[[nan nan nan] [nan nan nan] [nan nan nan]];109.02774093833628;10.21234889037812;49.04820619198822;101.91824506170784;6.33032559991141;46.183981872154995;112.07302030474047;119.98777810522023;112.25884019505884;119.97529922366722;112.29238227436839;-1786.7972755492874;-968.5981573637338;-739.7489174127004;2137.8796434710675;-1767.6462065945348;-961.8024197085242;-721.7287327817548;0.06811517719355874;14.681015908662486;7.648815516105437;-96.71803492426943;-88.8184985682832;1980.0176103138215;1961.5092305179323;86.76198684841988;-91.46619823017681;2162.881262384054;-120.59769963345829;-292.50898686562726;20.239998045632703;-112.86684610067596;-295.25405510744133;20.655930780492035;2.504876156624024;2.504876156624024;145.38704480683066;32.742812827948974;140.85308744504437;31.731342852182692;nan;nan;nan;nan;[nan nan nan];[nan nan nan];[[nan nan nan] [nan nan nan] [nan nan nan]];-346.6672215106413;466.21238681669564;-52.39139313277694;-344.3758867050976;454.0512506870335;-50.75176738495398;572.1302574476183;583.3326753796854;572.2098661570103;583.3329296540307;572.2380124878016;567.3376845230877;-3060.563455404737;411.7806872392824;3104.932021656682;565.6009221235314;-3025.664519673077;407.4956078211762;0.004237962371418473;235.96245373582533;2.4251231644185975;-249.65382797644352;-239.04216916111636;2681.001345666284;2645.1546772648007;37.47535081808293;83.32913229937546;3139.822295484612;144.74546445875785;139.0709914518324;-127.40918985816757;-125.9959674564731;368.36300330392015;357.72824714927333;101.92494055062636;81.58688235161557;47.901439693676814;88.90006604889598;nan;11.049666052763788;101.92494055062636;47.901439693676814;nan;36.851773640913024;188.68692739904623;85.37679051175974;;;;;;;;;;;
273.6;-86.19426492270522;-151.0531138429218;14.59888165509777;-87.03941693650356;-149.97315164213893;13.821284065165223;1.0706104525201325;1.0706904382456963;0.3988534786850472;20.490834314477933;2.531406503497677;21.06517987392946;nan;nan;nan;nan;[0.48390559 0.81640618 0.24043752];[ -85.92992453 -150.61590826   14.68355955];[[ 0.57667815  0.58000396  0.57535877] [-0.64374121 -0.11103163  0.75714545] [-0.50303038  0.80701139 -0.30934294]];101.62394288099846;6.191064839098504;46.00503282543585;98.66761892888759;4.527907673952771;44.9508905429831;108.5190468701567;111.72384748025726;109.25531757937026;111.64834137113233;109.29348343495356;-1767.039845182674;-961.619271731735;-721.0060610714851;2126.2000883588867;-1758.648832390094;-958.5675583131448;-713.4629186018516;0.07491570343001176;13.348336252815493;8.187798191845884;-88.50771528971137;-85.18584966153867;1960.9465520313238;1952.783079520752;87.60866705595542;-91.08899577818542;2137.0519830670705;-120.53091462033592;-289.33650943804406;20.363119497374;-114.31622275822876;-293.2848312806849;20.43404627136189;4.959970208676385;4.960027457606535;142.29721176456394;32.80820669791948;139.789482748271;31.71212075949486;nan;nan;nan;nan;[0.41183934 3.57819903 0.23955883];[-121.04605245 -290.29861963   20.07726146];[[-0.70197542 -0.02299817 -0.71182976] [ 0.31831588 -0.90422549 -0.28469503] [-0.63710715 -0.42643563  0.64206475]];-344.3069946203011;453.53526359061243;-50.68471073113943;-343.2947649952219;448.50628919099825;-50.00190177374513;567.0179691138502;571.6734048095727;567.2289366736319;571.6375463972942;567.2570830481098;565.5696114473782;-3024.489802590971;407.4223972167068;3088.6156291768957;564.753800194107;-3009.360451626947;405.4001999823921;0.004324025607313743;231.2659754624441;2.4528341530301256;-238.56034080320615;-234.24417381277885;2643.9119357730465;2628.4554035275987;37.72175246229413;83.42791703363896;3103.7719892291248;142.59919160948007;138.53688992731304;-125.89745580898635;-125.40048208259739;357.2895704174308;352.86615374779757;101.9151081782545;81.70922418197692;49.03139559629507;88.86322936861364;nan;10.793044876953294;101.9151081782545;49.03139559629507;nan;38.238350719341774;189.52377523420992;86.7531480585892;-274.9995287121601;333.88827338271295;153.4763327165641;6.0375615128564615;nan;-114.01785939103912;nan;447.90613277375206;197.0261563041784;455.2617525153104;
273.604166667;-85.79543909351052;-150.27155228201337;14.796815376990665;-86.60058784612565;-149.93898796030325;14.019284530050385;1.5529781066310817;1.5533314143482355;1.27989154635292;20.622758014881764;2.1455471151157215;21.048399237375943;nan;nan;nan;nan;[0.56800263 0.98861389 0.27355062];[ -85.69304498 -150.18318174   14.78039831];[[ 0.57928127  0.57917577  0.57357532] [ 0.39971089  0.41142002 -0.81912439] [ 0.71039737 -0.70376772 -0.00682504]];94.30229178510584;2.1988459219584597;43.03955766191699;92.37903464224311;1.045598135049866;42.5518115137278;101.71349949732627;103.6829816461951;103.69218274195298;103.49959828841968;103.7374532774883;-1747.3667340555821;-954.646892976728;-702.4537799565744;2103.6798012297245;-1741.2812299840805;-952.3292336221077;-697.4793294397984;0.09065125487638961;11.031286895736653;9.403930317285152;-80.37672417607583;-78.16168967602026;1941.9399202709853;1935.9433310902568;89.41099991096965;-90.27130180857971;2111.417179651968;-121.55416690641802;-288.5941526610059;19.76714721822367;-115.7557498171908;-291.36874253222925;20.219310693708703;7.3659839037365265;7.36621648047076;141.80351743666273;32.34092413832151;138.7724235560948;31.698483284209374;nan;nan;nan;nan;[0.91405856 4.4730561  0.34878564];[-121.41153755 -288.32404879   20.02537717];[[ 0.72208763 -0.18569109  0.66641448] [-0.11527067  0.91754133  0.38056612] [-0.68213058 -0.35162013  0.64114052]];-341.9541548435328;441.00802088287537;-48.99624372539715;-341.2086835482637;437.7759457464363;-48.551996324027435;557.1610545883249;560.19759942094;557.5820623498477;560.1096604858116;557.6102076722873;563.7918700086142;-2988.620806598526;403.03729720955994;3057.1142683820854;563.1229798547103;-2977.8758708606174;401.3669857512021;0.004497867911256096;222.32756046425013;2.5080570600780288;-227.62089985935023;-224.9525175706924;2607.059155563126;2596.200931995108;38.21212317174622;83.62058528328713;3067.9235096826355;142.95640100749614;138.00918376943184;-124.43160818707744;-124.23946742641472;346.3375182132016;343.4620261094709;100.93856814426806;82.26909087922355;50.408189209362696;88.88355004478709;nan;10.325489067035823;100.93856814426806;50.408189209362696;nan;40.08270014232687;190.3495680552377;88.62031238110892;-359.35376534153363;339.75653011367774;194.19592002199846;8.069369795198845;nan;-116.66386890847947;nan;456.420399022157;194.63233828372233;467.5631976566337;
273.608333333;-85.27299547288183;-149.49064343865751;15.030013203718497;-86.19243665282733;-149.92151906690464;14.20476725288105;2.0010132972787225;2.00199208712455;2.2458313184968275;20.773379587665055;1.7937320309161382;21.031364394815434;nan;nan;nan;nan;[0.53331523 0.99221641 0.26845113];[ -85.6201463  -149.98591187   14.82900202];[[-0.57779093 -0.57894116 -0.57531276] [ 0.51406632  0.28936267 -0.8074683 ] [-0.63395067  0.76229678 -0.13042302]];87.06243632049365;-1.7643349730294835;40.15098663798873;85.90958565373633;-2.5528327180597024;40.127324938473535;94.85344521313337;95.89099240262881;98.67154811999525;95.53746905650482;98.72311800783842;-1727.7779421680118;-947.6810210987134;-684.0920740679684;2080.3998224746397;-1723.271720908698;-945.8353082978701;-681.0239106271969;0.11132170839765426;8.982973890661848;10.9900261549758;-72.32479313952047;-70.92340610241376;1922.9977150328066;1918.4629429897614;91.54221443108801;-89.27977752351543;2085.976486203918;-121.3732567695605;-285.2733023444138;20.1990512490206;-117.18545797327528;-289.50516258337996;20.011648382775142;9.723616428649503;9.724206996293471;138.56282888608146;32.69512596613509;137.80126595514972;31.690332241204725;nan;nan;nan;nan;[1.72633263 4.48954468 0.49679526];[-122.22634292 -287.26209114   19.81714004];[[-0.66625878  0.43224243 -0.60767237] [ 0.12579602  0.868347    0.47973831] [-0.73503374 -0.2431871   0.63291819]];-339.60874246518233;428.6298059567289;-47.326103823819174;-339.0429333510231;426.74521335168737;-47.06114848209683;547.0615499834524;548.9056099334643;547.7267919201746;548.7486565987642;547.7549407346313;562.0044602067953;-2952.9564674274025;398.62538721784193;3024.4981073678373;561.4133724737301;-2945.282147324227;397.13587011562424;0.004686554991149188;213.3763504084672;2.567083651426514;-216.83451918786196;-215.42433260763045;2570.4430050365236;2562.838584264728;38.733198121731526;83.82020393796704;3032.27688563367;140.59473062501033;137.48768073109014;-123.01114123959806;-123.07391968667639;335.50684669123274;333.79003289479135;99.62344543898858;82.98819362128046;51.813797874481814;88.91354238122074;nan;9.842896048695499;99.62344543898858;51.813797874481814;nan;41.970901825786314;191.16565987007658;90.54699599621334;-456.4381053872599;344.47795194410827;242.71778553675026;9.733948903358723;nan;-118.17404609340639;nan;462.65199803751483;191.79640431778742;477.77494043712886;
273.6125;-85.33063645782711;-149.4419476285584;14.834548393288387;-85.81462180954037;-149.9206239137007;14.37805432187102;2.4154747590337946;2.417652122954722;2.210793622891113;20.586486384150128;1.4756312746530875;21.014143553823644;nan;nan;nan;nan;[0.49594184 0.91971189 0.27147934];[ -85.6725563  -150.07589829   14.77245617];[[-0.57999602 -0.58020556 -0.57180952] [ 0.41232349  0.39628726 -0.82033271] [-0.70256242  0.7115602  -0.00938735]];79.90402515699725;-5.698504957852796;37.33852569020814;79.39010078294459;-6.188386305555705;37.70930467703013;88.1083190545477;88.3815121830525;94.04395642646688;87.77173117400537;94.10109302285281;-1708.2734695199629;-940.7216560976902;-665.9209434056669;2056.8951756616507;-1705.039670665619;-939.2464936905291;-664.4347290793103;0.13824331115727262;7.2336230348414405;13.008846682997696;-64.35165373620288;-63.62209502310384;1904.1199363167866;1900.7558794915456;94.02755077450925;-88.08924976892375;2060.7295270809427;-121.17138196011018;-281.41166630325273;20.404345170305263;-118.60537809004879;-287.693468708512;19.810983208352756;12.03356440778071;12.034764146956086;134.78999849394273;32.81379786406505;136.8753701402237;31.68757015731604;nan;nan;nan;nan;[1.89347462 5.42901437 0.5076952 ];[-122.71985144 -285.56413063   19.71291397];[[-0.63593522  0.50471002 -0.58382719] [-0.14985406 -0.8228631  -0.54812414] [ 0.7570536   0.26108258 -0.59892047]];-337.2707977700957;416.3997660754174;-45.674402734674516;-336.84894907234315;415.63383010300515;-45.55935921624498;536.9304893833378;537.7978312352221;537.8370066610711;537.5539186458872;537.865161529919;560.2073820419217;-2917.4967850775997;394.18666724155264;2991.5107836117772;559.6718095618869;-2912.31756791178;392.8239016145648;0.0048877635566427075;204.59254798464045;2.6289577349136812;-206.20021283172738;-205.84021725424762;2534.063484193237;2529.1132711529094;39.277178734603226;84.02306671943869;2996.8321491974484;136.8633929192706;136.9721906724927;-121.63554921370543;-121.91604908809094;324.7975558515241;324.04515792677904;97.94395343309134;83.88739021273874;53.2394936269741;88.95079479308035;nan;9.353290159466045;97.94395343309134;53.2394936269741;nan;43.886203467508054;191.9715042076006;92.51667236157732;-571.8129087155182;348.55941877409305;301.6363887308373;11.165408955604827;nan;-118.98336368945557;nan;467.5427824635495;188.1796286397793;486.8967268971454;
273.616666667;-84.87105574162118;-148.76078323357666;15.210442042401027;-85.46680323307228;-149.93618156541572;14.539464516636414;2.797158872748872;2.8014138376128863;3.095894528388962;20.88832277723589;1.1909159885967404;20.996804123330925;nan;nan;nan;nan;[0.51113527 0.93117511 0.271378  ];[ -85.76624546 -150.21942557   14.73561096];[[-0.57874118 -0.58064765 -0.57263161] [-0.48555151 -0.31880823  0.8140031 ] [-0.65520865  0.74913925 -0.09742689]];72.82670696445203;-9.603691144498928;34.601380755132254;72.83223554380567;-9.85827744939414;35.31212275994495;81.53935358090008;81.19861871390873;89.96592301987857;80.21377167947713;90.02783543113517;-1688.8533161114356;-933.7687979736593;-647.9403879696699;2033.1734566629466;-1686.584311909079;-932.5566439628221;-647.7389671015106;0.17350099120199716;5.763655833157506;15.619918683072232;-56.45703752228087;-56.267992836751894;1885.3065841229266;1882.8171185782069;96.94416867862515;-86.64525349686728;2035.675916685181;-123.47911866747815;-285.3635770632795;19.386987666591367;-120.01554119893152;-285.9330417350703;19.617238574781965;14.296521900301713;14.298654626973278;139.16447842166232;32.16866364921323;135.99410041425895;31.690100271335073;nan;nan;nan;nan;[2.56593202 5.63512018 0.64883794];[-123.51440663 -284.4509963    19.52399326];[[-0.61649945  0.52659467 -0.58534305] [-0.20681875 -0.82563053 -0.52493831] [ 0.75970681  0.20256426 -0.61791042]];-334.9403610431192;404.31704850218586;-44.041252166232226;-334.62605465906313;404.4634986955449;-44.049580359372;526.7880824046499;526.8747033760338;527.9474309888329;526.524829525271;527.9755953776026;558.4006355139937;-2882.2417595491183;389.7211372806922;2958.1614199039127;557.893877888966;-2878.993528639083;388.41945017754546;0.005102002036666467;196.00148977074446;2.6937325629267193;-195.7169948339329;-196.22438382280765;2497.920593033269;2495.0433246201737;39.844006359172354;84.22867368868634;2961.5893359942033;142.01531374580057;136.46252556114774;-120.30432635655691;-120.77457658039177;314.2096456940759;314.24567851311093;95.81979456076488;85.01084183408487;54.68444747401344;88.99465862208199;nan;8.858112331251341;95.81979456076488;54.68444747401344;nan;45.8263351427621;192.76396323939002;94.5284538331858;-689.2929834741914;350.23681150910755;363.3624273250566;12.060635261970729;nan;-117.90156933302876;nan;468.13838084213586;184.88753590111162;491.42263073065993;
273.620833333;-85.10611923811211;-148.66574379924788;15.157815076365779;-85.14864230410635;-149.9680711997408;14.689313308195672;3.1469058521498408;3.1545398573701746;3.053744343907752;20.865655060270107;0.9392584335332802;20.979412713622327;nan;nan;nan;nan;[0.47689626 0.87072246 0.25306155];[ -85.77757431 -150.23653483   14.7298991 ];[[-0.57907415 -0.58039262 -0.57255353] [ 0.46096887  0.34615955 -0.81711766] [-0.67244393  0.73710106 -0.06709088]];65.83013041269322;-13.479920644955365;31.938757769318155;66.28896028199134;-13.534959720340582;32.96064279595548;75.25839065128378;74.40025926429068;86.58114512226688;72.87685779597402;86.64673651132107;-1669.5174819424294;-926.8224467266201;-630.1504077599777;2009.4067176159213;-1668.035441279431;-925.8092964638515;-631.0707329743892;0.21939521162531822;4.557984618678888;19.009879093544473;-48.64067605391202;-48.918908903685484;1866.5576584512255;1864.77026394643;100.36082191913097;-84.88994751723692;2010.8152592090044;-124.90437678529888;-285.25143897764696;19.044923819103204;-121.4159784991972;-284.2232660435699;19.430337420952064;16.513180396492363;16.51664686963871;139.4312845728704;32.0154547324132;135.15682518835206;31.697826534010296;nan;nan;nan;nan;[3.23387427 5.88701794 0.74143815];[-124.36646139 -283.40693214   19.35574154];[[ 0.60468211 -0.54147085  0.58409662] [ 0.23831538  0.82276493  0.51600741] [-0.75997719 -0.17282125  0.62655207]];-332.61747256909877;392.38080050027816;-42.42676382676138;-332.38956778966184;393.3253421832791;-42.54432738709057;516.7181720936585;516.1367124593115;518.1493020104513;515.6607708683342;518.1774796497449;556.5842206230111;-2847.191390841958;385.2287973352604;2924.690923651115;556.0894841451322;-2845.552048724469;383.94664018635575;0.005328350563260552;187.67533932453478;2.7610312655606513;-185.3838792374645;-186.65837565712198;2462.0143315566174;2460.8801802828793;40.4299896356276;84.43524027234119;2926.548485336858;142.3188780363892;135.9584994718672;-119.01696691530964;-119.66235947690987;303.7431162188879;304.4716991595342;93.17884586046635;86.40102678549343;56.1441554500889;89.0438398677103;nan;8.361762128721484;93.17884586046635;56.1441554500889;nan;47.78239332136742;193.53966777959732;96.57414508571651;-833.8371683667192;352.63874898334575;438.28580401783444;13.007217406342768;nan;-117.36323930089539;nan;470.0019882842406;180.8407587804489;497.5572687522612;
273.625;-85.6238826073835;-149.92519081869625;14.840414900876155;-84.85980186720134;-150.0161721073335;14.827912858969567;3.46560697007724;3.4785033287329825;1.6619336815887562;20.6381756125681;0.7203319887648936;20.96203513633753;nan;nan;nan;nan;[0.47633554 0.8703417  0.2533643 ];[ -85.78586698 -150.23270594   14.73660254];[[-0.57979988 -0.58029976 -0.57191283] [ 0.42371427  0.38479765 -0.81999816] [ 0.69591545 -0.71776247  0.02277565]];58.9139441715562;-17.32722057120956;29.3498626693229;59.96374999951852;-17.077241143089164;30.654984190106426;69.47669778249143;68.06247004980574;82.84554092320585;65.77645261734108;82.91490425034985;-1650.265967012945;-919.8826023565729;-612.55100277659;1986.5977684580496;-1650.2102349455372;-919.3431339267071;-614.9675407900139;0.2769210439648674;3.6111376213317636;22.9608818452539;-40.90230088725403;-41.82373986402551;1847.8731593016837;1847.4405652360635;104.22900634007938;-82.83785585434866;1986.1471483759901;-125.25194664789676;-281.8390397295538;19.131696359286494;-122.80672135797299;-282.563529567595;19.25020222030124;18.684228813008314;18.689511237111013;136.2583728573588;32.095720934592805;134.36291698175359;31.710653608046776;nan;nan;nan;nan;[3.37038502 5.6769758  0.76345664];[-124.93563565 -281.74363793   19.26403896];[[ 0.59853953 -0.55117911  0.58133641] [ 0.23445699  0.81443011  0.53078575] [-0.76601589 -0.18139787  0.61669641]];-330.3021726328804;380.5901693329393;-40.831049424530995;-330.24220421786356;382.5521529433639;-41.08881484630554;507.04472571337334;505.5843914085808;508.62770959764435;504.96112277185387;508.6558965986746;554.7581373689737;-2812.3456789561183;380.7096474052574;2892.5023070921557;554.3687572706315;-2813.3761639115746;379.6833388889382;0.005561070691639297;179.82148680530784;2.828671398704398;-175.19988008530848;-177.38824304124174;2426.344699763284;2427.9894797947054;41.020554852684214;84.6372552690985;2891.709640428596;137.80443421976983;135.4599285867664;-117.77296513712089;-118.56566037020016;293.3979674259603;295.0218997755162;90.07568636515184;88.03886206179092;57.603087569920014;89.09516391593165;nan;7.875599253476995;90.07568636515184;57.603087569920014;nan;49.727488316443015;194.30469270523122;98.62364242260423;-1045.0908069089594;359.7006425464022;543.0364647959572;14.647726044343266;nan;-120.2667948418312;nan;479.9674373882339;174.4000206188679;513.114456241729;
273.629166667;-85.83858686202058;-150.33369807591794;14.561842610933198;-84.59994623079187;-150.0803636918178;14.955572022781167;3.754213000449072;3.7750541226915466;1.1529024165287023;20.39646988771058;0.5338111521097834;20.94473640447091;nan;nan;nan;nan;[0.41204223 0.74618936 0.22506484];[ -85.70717495 -150.1029808    14.76397344];[[ 0.57999411  0.5828233   0.56914307] [ 0.47360032  0.32720796 -0.81770269] [-0.66280432  0.74380908 -0.08624662]];52.07779691087627;-21.145618035248987;26.83390139170356;53.58788170571325;-20.660098693951017;28.36403712925895;64.0548151665376;62.283965489384116;79.55326130170316;58.930581194970294;79.62601341098552;-1631.0987713229824;-912.9492648635176;-595.1421730195069;1963.536286977051;-1632.13303074176;-912.7666212662716;-598.7266616240632;0.35067074839008017;2.8516778333835164;27.922513714148852;-33.24164357846453;-34.662491825940485;1829.2530866743011;1829.8520731996337;108.81647131201635;-80.31191774558769;1961.6711671767418;-124.41152213185576;-278.1470330945237;19.439251079253097;-124.18780131023966;-280.95322379380025;19.076754980816546;20.810353487057906;20.818020213966545;132.49392134532573;32.234292229516974;133.6117524218686;31.728486868106273;nan;nan;nan;nan;[3.80498    4.9723637  0.88237685];[-125.8100676  -280.73949466   19.05706915];[[-0.60659299  0.53560887 -0.58751006] [ 0.25770382  0.8315632   0.49202782] [-0.75208622 -0.14705704  0.64244887]];-327.9945015193102;368.9443022634133;-39.25422066781013;-328.0625689075719;371.6988485506088;-39.62236989482631;497.3479821293801;495.21832058171555;499.0843721519113;494.4252635168401;499.11257165265556;552.9223857518817;-2777.7046238916;376.1636874906832;2859.8984449335717;552.6096998454021;-2780.7866536379934;375.3228236052872;0.005809404916228244;172.13467031822083;2.899547027510259;-165.1640114204509;-168.06723600741142;2390.911697653267;2394.697533018017;41.63764396703414;84.84223213856833;2857.072848570879;133.59606677322535;134.96663119526409;-116.57181526914792;-117.48213906832294;283.17419931529287;285.4988088021282;86.23020279075001;90.05340848563873;59.08281169161411;89.1522333460964;nan;7.383735134548245;86.23020279075001;59.08281169161411;nan;51.699076557065865;195.04667410276636;100.72045565864825;-1282.099817600505;366.0413767300453;652.7969585295491;16.02685476603804;nan;-122.38462563677001;nan;488.42600236681506;165.98616437658825;527.4058283160348;
273.633333333;-85.97821578446758;-150.62797635211297;14.474157144112212;-84.36874116718819;-150.16052546978477;15.072596344855885;4.0137440752212505;4.0463037937325534;0.8209462795576913;20.3323680679876;0.37937153990215894;20.927580732371492;nan;nan;nan;nan;[0.48431026 0.90157549 0.24254812];[ -85.74878612 -150.18642323   14.74887676];[[ 0.58139187  0.58230741  0.5682443 ] [ 0.42344211  0.37981765 -0.82245688] [-0.69475195  0.71878831 -0.02575059]];45.32133730048884;-24.935140149061105;24.3900798730172;47.010706756085675;-24.36478786148969;26.02412255459221;58.99918975696624;57.189691598837626;76.55830057099648;52.36025151929373;76.6339334119695;-1612.015894872541;-906.0224342474543;-577.9239184887283;1939.714923183895;-1613.4063378596693;-905.9400000233218;-581.9679445934269;0.4448632278594027;2.2478819047638754;34.091618981211276;-25.65843568370129;-27.268532614866352;1810.6974405690783;1811.621577045875;114.39142990280205;-77.12288007622497;1937.3868875995747;-125.46975739682041;-277.6995836349239;19.048542287682906;-125.55925005883148;-279.3917437619098;18.90991724503391;22.892238169436602;22.90294860364511;132.35969310019385;31.979516551456104;132.9027122442561;31.751232400807183;nan;nan;nan;nan;[3.86824879 4.88240511 0.86345444];[-126.60770668 -279.56527747   18.88413546];[[-0.60875735  0.53495756 -0.58586253] [ 0.23662566  0.82727983  0.50952565] [-0.75724684 -0.17154737  0.63019736]];-325.6944995132343;357.4423465549452;-37.69638926486784;-325.80328547028114;360.50701731622337;-38.110445371023566;487.40691050070996;485.03912820255044;489.28161844363245;484.052569273602;489.3098328069039;551.076965771735;-2743.2682256484027;371.5909175915378;2826.154810718218;550.7772189735703;-2747.0563599357465;370.7786732567448;0.0060812398105382056;164.4401521984211;2.975610434953137;-155.2752872858781;-158.46838959693324;2355.7153252265675;2360.2559787081905;42.29900330014412;85.05515172110574;2822.6381613825106;133.1454101191582;134.47842769408263;-115.41301155854804;-116.37986761635048;273.07181188688594;275.67758589602204;81.3665963075851;92.56416593508645;60.60059292447064;89.2172282996344;nan;6.873375963129313;81.3665963075851;60.60059292447064;nan;53.72721696134133;195.75802621038713;102.89959622461475;-1513.4051621235712;369.5008161887524;742.6295070054057;16.821880457719608;nan;-122.04924253618279;nan;491.5500587249349;154.6570562729104;536.1315822152277;
273.6375;-86.45933704424654;-151.50614694474035;14.375449388068361;-84.16585391257624;-150.2565370707917;15.17928806182145;4.245301177073378;4.294828617605235;0.19477276674770894;20.311081863000474;0.2566898869922389;20.910631535742965;nan;nan;nan;nan;[0.58834792 1.01345469 0.29293389];[ -85.65611001 -150.05648504   14.7894857 ];[[ 0.58084248  0.57915303  0.5720173 ] [-0.33658988 -0.46894445  0.81657722] [ 0.74116751 -0.66683797 -0.07744581]];38.64421401022911;-28.6958140246334;22.017604049820907;40.47136522392119;-28.060581449676363;23.731042751890676;54.66708355559131;52.930141763454834;74.13063501950799;46.08993285824564;74.20829074645684;-1593.0173376616208;-899.1021105083828;-560.8962391842545;1915.9640550606116;-1594.6753138094289;-899.0922665887667;-565.2981513956823;0.553962327970909;1.8051769037487948;41.108597496649296;-18.152408759121855;-19.907687426105817;1792.2062209860146;1793.3726293315858;120.88385449514782;-73.24918119565838;1913.29387035609;-127.17201669006484;-278.3286316982541;18.69189684378935;-126.92109947443628;-277.8784880647177;18.74961009003817;24.93056401636116;24.94507372709135;133.4584146893189;31.859482363248382;132.2351812926296;31.778797004724577;nan;nan;nan;nan;[3.83784754 5.06909422 0.84545428];[-127.3056654  -278.17966627   18.7788622 ];[[-0.61397763  0.53050232 -0.58446451] [-0.20903519 -0.82330701 -0.52770244] [ 0.76114109  0.20182384 -0.61638574]];-323.4022068994986;346.083449470779;-36.15766692397316;-323.5415771971949;349.3855322975178;-36.60831920336896;477.5872395583492;475.0474905758837;479.59435063266477;473.8424137928427;479.6225825524278;549.2218774285337;-2709.0364842265267;366.99133770782106;2792.4451571686054;548.9298688830072;-2713.360814405795;366.19536546712754;0.0063682021641172926;157.03019066113643;3.0543335681698953;-145.5327217245761;-148.9482629086011;2320.7555824831857;2325.872200824416;42.9823477302495;85.26810141527275;2788.40563503037;133.26701257864326;133.99514058724796;-114.29604825247837;-115.30602153118717;263.0908051407391;265.91629239097955;75.54603764408886;95.49338314004669;62.13315649769505;89.28579046914659;nan;6.363863254242756;75.54603764408886;62.13315649769505;nan;55.76929324345229;196.42989213923667;105.11550422794454;-1732.511561773026;372.80382062217427;797.7954321608908;17.500151067174556;nan;-121.4603213130712;nan;494.2641419352457;138.2418625500311;544.6973140918735;
273.641666667;-86.10373456980136;-150.51150421950877;14.690475229540198;-83.99095316701762;-150.36827823736252;15.27594610170791;4.4500795045483015;4.5237808741528855;0.9122698032057934;20.561539235487782;0.16544404674625418;20.893951431643682;nan;nan;nan;nan;[0.59734945 1.0321303  0.28858062];[ -85.7223498  -150.16295007   14.7616117 ];[[ 0.58094808  0.57967609  0.57137987] [-0.35821205 -0.44826792  0.81898718] [-0.73087856  0.68046418  0.05277342]];32.04607570993248;-32.42766677395331;19.715679858671695;33.97967964300266;-31.74157770429745;21.48713165066371;51.22346347497401;49.67104360791016;72.26777841735023;40.14809002933709;72.34643158258788;-1574.1030996902223;-892.1882936463031;-544.0591351060849;1892.3230327068088;-1575.9708227504477;-892.2350373833244;-548.7431676272143;0.6665294119113838;1.5003088867936583;48.22102449662947;-10.723294360883948;-12.591276141482563;1773.77942792511;1775.1355425690517;128.29194838942675;-68.60232180396449;1889.3916646016646;-128.5969036886363;-278.32888319900195;18.27796183191863;-128.27338159559537;-276.4128588480876;18.595754127463014;26.926009580046284;26.94517562276225;133.8880223742648;31.63668191626266;131.60854851885654;31.811088190390144;nan;nan;nan;nan;[3.86096674 5.18453465 0.81098324];[-128.16789735 -277.08878466   18.59860398];[[ 0.61499175 -0.53121622  0.58274736] [-0.19483558 -0.81848115 -0.5404884 ] [ 0.76408393  0.21885599 -0.60685897]];-321.1176639629494;334.86675827415945;-34.638165353395124;-321.28123557039595;338.35079167594455;-35.11838309694259;467.90617797665624;465.2441320480197;470.0372046570503;463.7941680826241;470.0654564539235;547.3571207222777;-2675.009399625971;362.3649478395331;2758.8246352260776;547.0709398376806;-2679.754813658386;361.58110209208496;0.0066706862665858145;149.9096134994547;3.1356591847635795;-135.93532877953118;-139.5203721622049;2286.032469423121;2291.601734599513;43.68759301703015;85.48062828529001;2754.375330472488;134.7435410365615;133.5165944860893;-113.22041959809626;-114.261475693735;253.23117907685267;256.22995204661214;68.75488662323347;98.75274516012587;63.67976639270744;89.35741063678194;nan;5.856298941995382;68.75488662323347;63.67976639270744;nan;57.82346745071206;197.0468350126602;107.36735940973759;-1904.1320506912932;376.0263210206535;793.1849695504877;18.07563038872213;nan;-120.67136769356698;nan;496.6976887142205;112.52349236184276;553.2473150854953;
273.645833333;-85.81538782859471;-150.15841595908017;14.689381506412744;-83.84370909444968;-150.49562882498805;15.362866083947639;4.629383950891742;4.736980481065084;1.3377630864531913;20.51718873883431;0.10531299104644203;20.877602238486684;nan;nan;nan;nan;[0.58985816 1.01415706 0.29059501];[ -85.73818073 -150.21947406   14.7669127 ];[[ 0.58156644  0.5784672   0.57197568] [-0.28213957 -0.5160384   0.8087655 ] [ 0.76300573 -0.63172784 -0.13690213]];25.52657106943431;-36.13072550900831;17.483513236126672;27.54225645179327;-35.404285987156484;19.29523698574102;48.829760669622594;47.56793448793;70.9725680417173;34.56776546649003;71.05122777389612;-1555.2731809583452;-885.2809836612156;-527.4126062542202;1868.813435096744;-1557.3092786326647;-885.3737766311149;-532.3201494745983;0.7610546077806795;1.3139661592958645;54.07386428579823;-3.3708240451452816;-5.326548965197954;1755.4170613863646;1756.9259173372104;136.47346636449245;-63.071661902209705;1865.6798076509078;-129.4086767120816;-277.23831314395653;18.34268715410309;-129.6161286287035;-274.9942618109533;18.448269503491;28.87925079796459;28.904037247021378;133.1157682184084;31.7911980949283;131.02220698295886;31.848014180292285;nan;nan;nan;nan;[3.78719112 5.47279699 0.68574162];[-129.12530308 -276.21895514   18.4126419 ];[[ 0.60967856 -0.54231919  0.57808473] [-0.1718624  -0.80240148 -0.57150256] [-0.77379284 -0.24908183  0.58241126]];-318.8409109884324;323.791420228331;-33.13799626140281;-319.02421375347853;327.41404720397725;-33.642297145688765;458.3756226336128;455.62982467089864;460.6224302502987;453.90720007069433;460.65070401110665;545.482695652967;-2641.186971846737;357.71174798667397;2725.3238508219356;545.2016539634695;-2646.2690535173674;356.9388529856314;0.006989130756287909;143.0793091258638;3.2195480033097033;-126.4821224937295;-130.1947080479842;2251.5459860463725;2257.4765158778255;44.414793509162344;85.69234494814935;2720.5473137141807;134.39874161000665;133.0426161092397;-112.18561984255894;-113.24766401400817;243.49293369522653;246.62882683355502;61.10844129599344;102.14167840804807;65.23985500287701;89.43162506137291;nan;5.351693909968083;61.10844129599344;65.23985500287701;nan;59.88816109290892;197.58190766048588;109.65464851203936;-1991.507003598175;379.2545347571569;714.8965761245472;18.560504360071928;nan;-119.74386392618587;nan;498.9983986833425;67.94705718051509;561.9462321384082;
273.65;-85.8870359509028;-150.53707408434246;14.696162516779296;-83.72379332268535;-150.63846880212543;15.440340319375313;4.78464692145914;4.938934209779226;0.9889088913438251;20.539049267701706;0.07597681029105308;20.86164497603965;nan;nan;nan;nan;[0.54301108 0.94172923 0.26983826];[ -85.79337845 -150.3508214    14.74837556];[[ 0.58655379  0.5763781   0.56898413] [-0.16242182 -0.60454381  0.77983712] [ 0.79345687 -0.54983186 -0.26098108]];19.08534875856986;-39.80501734178588;15.320310118742885;21.16171133725038;-39.04713247475071;17.155871281541522;47.611138409522034;46.72688567570681;70.22903098338928;29.387190067513735;70.30679595496741;-1536.52758146599;-878.3801805531199;-510.95665262866004;1845.445557539899;-1538.6986549241042;-878.5113598694645;-516.0363802667462;0.8114411548394262;1.2323752548610714;57.04982770275866;3.905270631936531;1.8834794874250964;1737.119121369779;1738.7514931629555;145.0974112481876;-56.38090470279549;1842.1578246881402;-130.40095795856845;-276.0027171396816;18.181523626985197;-130.9493729480092;-273.62210620531823;18.30707589885361;30.790960980731302;30.822444673775944;132.26949313036658;31.743378615716754;130.47555385311253;31.889483908876013;nan;nan;nan;nan;[3.96804486 5.18366165 0.65642562];[-130.04127446 -275.1112672    18.29795561];[[ 0.61215408 -0.54231966  0.57546221] [-0.14656878 -0.79296195 -0.59137885] [ 0.77703602  0.27767018 -0.56490203]];-316.57198826079406;312.8565825965382;-31.657271356265237;-316.7714990470417;316.5795797659823;-32.18079992923397;449.0015777448908;446.2053875236168;451.3550224517876;444.18087425185195;451.3833198949863;543.5986022206017;-2607.5692008888236;353.0317381492436;2691.957357436052;543.3227684908529;-2612.9179634589505;352.27049227412937;0.007324137434138729;136.5348491876837;3.305993470388686;-117.17211691015723;-120.97479211660892;2217.296132352943;2223.5113139121213;45.164434634235825;85.9029887761329;2686.9216560779823;133.17381342389666;132.57303428263543;-111.19114323302364;-112.2647453191379;233.87606899586072;237.11719749822927;52.8871195341538;105.36261990637392;66.8133190678767;89.50804089002115;nan;4.850704211216572;52.8871195341538;66.8133190678767;nan;61.96261485666013;197.98453078234138;111.97775370211252;-1972.7427854356804;382.49377455185544;571.2500859353497;18.95557506765605;nan;-118.64638960391248;nan;501.1401641557686;-20.67553453189872;570.797391551864;
273.654166667;-85.81168868544714;-150.29247285119243;14.794962700334821;-83.63087894341342;-150.79667825019857;15.508657810227952;4.91744866311223;5.134716208163897;1.2543425886431203;20.623375332772714;0.07711671339434502;20.846139865424938;nan;nan;nan;nan;[0.5238458  0.82931612 0.2529571 ];[ -85.81165687 -150.48751053   14.73412737];[[ 0.5931262   0.56959306  0.56900357] [-0.0075195  -0.70279063  0.711357  ] [ 0.80507439 -0.4262031  -0.41256048]];12.72205744708819;-43.45056938432302;13.225276443049273;14.838810127367832;-42.66943689311932;15.068485530992648;47.62279272543454;47.16683858924568;70.00848258489003;24.65038707468893;70.08456437998119;-1517.866301212902;-871.4858843219221;-494.69127422918376;1822.2244695128252;-1520.142986201229;-871.6494545818624;-499.8945359989935;0.8007785748583842;1.2487846595756482;56.12221758377201;11.105258114301538;9.037761664536989;1718.8856078751041;1720.6163410822264;153.63558353774965;-47.70232550356504;1818.8252284726514;-129.71183819394082;-270.8307337149545;18.441452504394633;-132.27314709561426;-272.2958048362557;18.172092528831158;32.66181079855027;32.70118729202554;127.17750467316152;31.83232719879604;129.96799040564784;31.93540702254302;nan;nan;nan;nan;[4.31532131 4.56021321 0.67565346];[-130.99138003 -274.08581638   18.17621768];[[-0.61300856  0.53777873 -0.57880441] [ 0.17166317  0.80575053  0.5668314 ] [ 0.77120183  0.24811309 -0.58624878]];-314.3109360648495;302.0613926418791;-30.196102346231665;-314.52362658326985;305.84844749407205;-30.734196015340096;439.78742060038013;436.9716856406344;442.2365746405648;434.6145513206895;442.2648970261428;541.704840425156;-2574.156086751778;348.3249183271775;2658.732224473859;541.4348236991231;-2579.7083819971176;347.57738274437014;0.0076763900624107415;130.2695657554892;3.3949978604845925;-108.0043260716764;-111.86116204319913;2183.2829083423676;2189.7128868790983;45.93722432068177;86.1123485384912;2653.4984344877435;128.33546800015793;132.10767993951643;-110.23648401663486;-111.31230137990005;224.38058497862644;227.69655354908994;44.51254959924387;108.09914987578784;68.40030945920533;89.5862959310411;nan;4.3538283772439685;44.51254959924387;68.40030945920533;nan;64.04648108196136;198.14813313699352;114.33753377988711;-1853.3064716216702;385.76376773304173;387.0243374896206;19.261171841258612;nan;-117.36945489209627;nan;503.13322262513907;-223.87300491579379;579.8327892360816;
273.658333333;-85.51924393891737;-149.968448414703;14.708239848735204;-83.56464051219746;-150.9701373636004;15.568104250145636;5.029540172023202;5.329676391306478;1.6497526373174871;20.494049222768666;0.10841502778721702;20.83114632911937;nan;nan;nan;nan;[0.52826669 0.97081057 0.25361219];[ -85.84769955 -150.66841253   14.73555435];[[-0.61734332 -0.55279391 -0.55973754] [ 0.02634337 -0.72563328  0.68757717] [ 0.78625266 -0.4097258  -0.46252732]];6.4363458049982665;-47.06740874850771;11.197618145660076;8.573415647629442;-46.27323738351632;13.038249209552811;48.83351202062651;48.80731672358802;70.36846712307072;20.407708691810434;70.44209149819191;-1499.2893401995905;-864.5980949678103;-478.6164710562354;1799.1300492852813;-1501.6240462539995;-864.7782631618903;-483.893287322452;0.7329267622366858;1.3643928036524167;51.62889404695017;18.229406845595562;16.137940063032314;1700.7165209028378;1702.5004197165047;161.3646383391486;-34.758374887127474;1795.6815190407276;-133.71417892540956;-277.4468376895707;17.135450988543212;-133.58748378149204;-271.0147740618916;18.043238143251138;34.492468266185284;34.54105799981867;134.73321916865766;31.16425327251171;129.4989220250432;31.98569387965236;nan;nan;nan;nan;[4.45210186 4.43512047 0.65553064];[-131.90505066 -273.05628242   18.05558137];[[ 0.61657009 -0.53747596  0.57529203] [-0.1410184  -0.79429189 -0.59094348] [ 0.77456771  0.28323131 -0.56553062]];-312.0577946855063;291.4049976278927;-28.75460093961101;-312.27810057487267;295.22131580343626;-29.30268051290439;430.7341227353643;427.9296284924544;433.2768522950091;425.2075877882486;433.3052009913121;539.8014102666813;-2540.947629436509;343.59128852060434;2625.621195999231;539.5337040363333;-2546.614349422606;342.8489498367225;0.008046480805391701;124.27793269946416;3.4865819826529862;-98.97776402152338;-102.85729218457638;2149.5063140155744;2156.05832702495;46.73363144257849;86.32015947543336;2620.277731770463;136.30620985261135;131.6463861204199;-109.32113644057588;-110.39376118250948;215.00648164378285;218.3673778682013;36.44759632209261;110.12303728919665;70.00076718916101;89.66600401558588;nan;3.8619842978447894;36.44759632209261;70.00076718916101;nan;66.13878289131623;197.8122346612412;116.73439863173951;-1660.745153782178;388.81896872558804;185.76697009970715;19.448472543788352;nan;-115.73589563602127;nan;504.5548643616094;-684.4029798433468;588.5561667824297;
