dt;xt_36;yt_36;zt_36;xt_avg_36;yt_avg_36;zt_avg_36;xxt_36;xpt_36;xp_36;wd_36;xp_avg_36;wd_avg_36;disSTL_36;disSTL_avg_36;disSTLz_36;disSTLz_avg_36;PCAsigma_36;PCAmu_36;PCAwt_36;vxt_36;vyt_36;vzt_36;vxt_avg_36;vyt_avg_36;vzt_avg_36;vavg_36;vv_36;vv_avg_36;vvt_36;vpvt_avg_36;axt_36;ayt_36;azt_36;aavg_36;axt_avg_36;ayt_avg_36;azt_avg_36;curvature_36;curveRadius_36;turnRate_36;vxp_36;vxp_avg_36;axp_36;axp_avg_36;thetaToR_36;psiToR_36;aa_36;xt_37;yt_37;zt_37;xt_avg_37;yt_avg_37;zt_avg_37;xxt_37;xpt_37;xp_37;wd_37;xp_avg_37;wd_avg_37;disSTL_37;disSTL_avg_37;disSTLz_37;disSTLz_avg_37;PCAsigma_37;PCAmu_37;PCAwt_37;vxt_37;vyt_37;vzt_37;vxt_avg_37;vyt_avg_37;vzt_avg_37;vavg_37;vv_37;vv_avg_37;vvt_37;vpvt_avg_37;axt_37;ayt_37;azt_37;aavg_37;axt_avg_37;ayt_avg_37;azt_avg_37;curvature_37;curveRadius_37;turnRate_37;vxp_37;vxp_avg_37;axp_37;axp_avg_37;thetaToR_37;psiToR_37;aa_37;xb__36-37;xb_avg__36-37;vxb__36-37;vxb_avg__36-37;axb__36-37;axb_avg__36-37;phi1to2__36-37;psi1to2__36-37;phi2to1__36-37;psi2to1__36-37;phiO1to2__36-37;phiO2to1__36-37;phi1to2__36-37;phi2to1__36-37;phiE1to2__36-37;phiE2to1__36-37;alpha1to2__36-37;alpha2to1__36-37;dphi1to2__36-37;dphi2to1__36-37;dpsi1to2__36-37;dpsi2to1__36-37;dphiO1to2__36-37;dphiO2to1__36-37;dphiE1to2__36-37;dphiE2to1__36-37;dalpha1to2__36-37;dalpha2to1__36-37;
276.275;-66.11207811949555;-154.03624384836633;10.515187671642892;-68.20196955647037;-156.5428093642408;10.445893261418249;0.0;0.0;20.85181381634538;13.845730106761593;19.117199857153796;14.089841295340166;nan;nan;nan;nan;[nan nan nan];[nan nan nan];[[nan nan nan] [nan nan nan] [nan nan nan]];;;;;;;;;;;;;;;;;;;;;;;;;;;;;-138.31318155758754;-336.97797598632;21.730319447514347;-135.5031020689343;-333.8875201214509;22.517739596827166;0.0;0.0;192.91620548881554;37.22177813942379;189.39586230474097;37.58589773860976;nan;nan;nan;nan;[nan nan nan];[nan nan nan];[[nan nan nan] [nan nan nan] [nan nan nan]];;;;;;;;;;;;;;;;;;;;;;;;;;;;;196.9935427268189;190.5359276127955;;;;;;;;;;;;;;;;;;;;;;;;;;;
276.279166667;-67.10273310020983;-154.4665131732142;10.355960641648593;-68.46150952253828;-156.8295860267587;10.115227914346914;0.5088628694503442;0.5088628694503442;19.983381116357638;13.824744987250773;19.184538661988444;13.800564558296227;nan;nan;nan;nan;[nan nan nan];[nan nan nan];[[nan nan nan] [nan nan nan] [nan nan nan]];-59.93535926569606;-51.37300955813102;-64.50435847592112;-58.28760008691768;-42.12722184630579;-56.147430958853604;91.23969063767994;101.94236442106892;92.22861803792122;101.87611001939739;92.42131235874923;385.0876644952345;2636.1859219545026;2280.136584228982;3293.730876246036;395.8467320679583;2450.3828248765094;2165.0848624009677;0.22372143951743798;4.469844294569967;20.67662904299016;3.6428439232675274;-2.8487268648074444;-1880.7613810390453;-1734.7056695009169;117.49817634305192;113.97793026682871;3506.6781385232543;-135.31622892914612;-339.8513140661942;21.395773703057486;-134.35340352505256;-333.9087457836336;22.199584904252134;1.193096676278345;1.193096676278345;194.89735796384704;36.539188195139864;189.08555020927025;37.11959031281203;nan;nan;nan;nan;[nan nan nan];[nan nan nan];[[nan nan nan] [nan nan nan] [nan nan nan]];287.55943156711976;8.771578660428018;-68.65032088289156;294.6421818908347;16.477542573506668;-64.17068261047581;301.99900871583645;295.77057634714964;302.3966377214516;295.57808732646834;302.41325148554427;1826.5075920322183;2121.9365910141737;1193.7711773872018;2918.2905991513194;1783.136986144243;2005.4621632212525;1146.7188066947044;0.026720394713405655;37.42459685665866;8.080601446258152;-88.40812585321284;-95.5325615622495;-2085.6968134659737;-1914.3277619325722;86.87230016499424;-89.31918379870618;3043.6547938287304;197.8445927685794;189.68531581037547;-197.57804888835034;-193.7157689107467;1020.5071859136245;984.5932234382029;52.277199877309236;-45.040003190644214;66.53337034979326;-88.68442933716919;nan;13.825772300784825;52.277199877309236;66.53337034979326;nan;52.70759804900843;169.77537622036115;153.40567051478752;;;;;;;;;;;
276.283333333;-67.86298944308803;-155.28335062000576;10.145698059419047;-68.71455159593911;-157.06710187551923;9.826309280709086;0.9599517142648238;0.960435727565814;19.444839659423316;13.72868961794809;19.216495308541727;13.551068725271696;nan;nan;nan;nan;[1.01670818 1.17892305 0.33264997];[ -67.69982951 -155.45986677   10.10833688];[[ 0.57362821  0.57976085  0.57864326] [ 0.81590664 -0.34194604 -0.46622877] [ 0.07243642 -0.73956085  0.66918062]];-58.3081324646289;-40.79983131837529;-55.25806714380792;-57.415989856522785;-39.06231301977844;-52.993258787044624;87.35413937833835;90.09949240473097;90.08699378193504;89.64538356951293;90.27333739852354;395.99656162644175;2439.665208010041;2158.523397137621;3201.2400086202492;401.15267232883946;2369.4553928709697;2114.8747640153733;0.24361034130143303;4.104916050187881;21.991518534073737;-3.8718609644619204;-4.880304532063936;-1726.8036050773908;-1670.4021218690384;116.56237970356169;112.42723343433218;3281.4635240979255;-132.88481899262206;-335.6901673122946;21.60419099082975;-133.17122297249028;-333.89097481153715;21.903033821037813;2.4115420888106;2.4120344151564552;190.27440094250056;36.36307918969957;188.73581926353899;36.6698340093494;nan;nan;nan;nan;[3.68734087 5.23976486 0.59256247];[-132.91619583 -333.4898971    22.05264859];[[-0.56050213 -0.59307543 -0.57801289] [-0.79864792  0.20245586  0.56672138] [ 0.21908642 -0.77927733  0.5871354 ]];295.0772422774471;17.35783312744036;-63.779862456177895;297.6920025808862;19.29771635175473;-62.375647819756615;304.7681933830127;302.39005297111254;305.5500140335136;301.9606661957901;305.5642192068269;1782.0397423698137;1999.7925541715501;1144.2078514495631;2861.713327268886;1762.3977253410915;1953.3502469504754;1125.957476070665;0.025436604609370424;39.31342313005159;7.772516226735048;-96.72053306265158;-97.68344394772367;-1904.8751552246842;-1839.1178794474465;86.36964272689272;-89.23988297087486;2912.7388331987936;192.10870591223332;188.85310272783488;-193.40583637435526;-192.1293476265001;982.3196780208509;969.2165652328297;53.00142792500442;-47.464914985352365;66.41028541881052;-88.86547720493677;nan;13.233089123910206;53.00142792500442;66.41028541881052;nan;53.17719629490031;169.5638076285661;152.77992814570325;393.689094122964;-126.79625366779298;-1162.5595853576885;-67.01605291756677;nan;-261.31840805647926;nan;134.52215438868606;-164.50164643260518;-350.22239936975916;
276.2875;-68.37843337711985;-156.23623625959846;9.969446457026777;-68.96090798625832;-157.25884430918254;9.576980172339349;1.3578304529503413;1.3599624928753307;19.215530386840687;13.63618582170318;19.215795449868004;13.33924350762817;nan;nan;nan;nan;[1.21237205 1.33473613 0.44048713];[ -68.24032427 -156.01873103    9.89491235];[[ 0.57759552  0.57716723  0.57728797] [-0.11244627  0.75669255 -0.64402812] [ 0.80854143 -0.30707388 -0.50196253]];-56.635259905405995;-31.036419700756003;-46.51299565022211;-55.74573531590522;-32.89701741098095;-46.75418558290585;79.84832264969721;79.58813213508623;85.24696432469338;78.48536962771195;85.42263873662259;406.9976284100125;2247.49794332867;2039.5510617356192;3022.1950048472595;411.35944286664613;2212.3478616613766;2017.414928836035;0.2921504287132687;3.422894172718983;24.95626052872296;-10.751408119056142;-8.993381974822018;-1575.885669133863;-1545.6714045236315;114.33014861913908;109.06213118339967;3062.1336692288382;-130.246061433465;-329.36260975719773;22.7615994925916;-131.95733223437534;-333.8363618239629;21.62720931194906;3.656247404013476;3.6580650978874525;183.55074254707378;37.06763981507432;188.3498729520563;36.23589357563862;nan;nan;nan;nan;[3.99471931 4.91544094 0.59443249];[-131.33561831 -332.29873069   21.91769398];[[-0.5711409  -0.65670849 -0.49247541] [-0.5976257  -0.07860976  0.79791229] [ 0.56270915 -0.75003631  0.34756863]];302.40974769886805;25.43924162030951;-59.113930587386605;303.617879491874;24.885179919125466;-58.85199623136676;310.26866807198917;309.18160894044115;311.4858402738728;308.47728447083637;311.49472415142435;1737.5610533569948;1879.6105234252175;1095.5984295843737;2752.599481817626;1722.4158004932426;1852.3925005312817;1085.6932078121104;0.023055312856073526;43.373950561532595;7.18160831832741;-104.28722304804107;-102.06234224310914;-1727.7525459220087;-1693.1962530425444;85.39963714177843;-89.10931605318255;2784.3114144832352;184.29320058275027;188.03860821500228;-189.39067776139248;-189.01925070700568;945.1213134180426;939.3250109921728;54.54165984494243;-52.295743510860504;65.8338507117649;-89.13661804245612;nan;12.100261341615633;54.54165984494243;65.8338507117649;nan;53.73358937014926;168.8718084640815;151.23348785354332;456.8457897290611;-105.40478766740515;-1176.5922574470076;-69.71035041600119;nan;-239.2021179634505;nan;133.79733029604557;-162.5775158982072;-311.6137504861812;
276.291666667;-69.04291352651508;-157.27698995078617;9.555391569640094;-69.20038930292425;-157.40822514570277;9.365129249179821;1.7069965773434188;1.7128743076323283;18.996506220078796;13.328908960122979;19.185111964022823;13.163022710307606;nan;nan;nan;nan;[1.29467313 1.25642698 0.45025085];[ -68.6295375  -156.24787589    9.7846908 ];[[ 0.57518763  0.57834835  0.57850876] [ 0.81782714 -0.42198184 -0.39126729] [-0.0178314  -0.69817227  0.71570771]];-54.91635754780915;-22.064635333343574;-38.258140446458;-53.954132441536075;-27.181606260651936;-40.69341034784223;72.84120929917214;70.47226240963997;81.06986769455506;68.37763685365248;81.23294204156974;418.090864845947;2059.6841279103896;1923.2195780229788;2841.6556688799037;422.0926411679832;2053.2133945937203;1918.6348008440955;0.35004628428635703;2.8567650761918824;28.435289523300487;-17.00846354059067;-12.710848058357538;-1428.0075732084642;-1418.893088208028;111.91079019893618;105.7191237532457;2848.836994867291;-127.82068826022406;-325.5674183899543;22.771359299390696;-130.71250332197062;-333.7470273771061;21.37125090257304;4.927880973773229;4.932072308182685;179.29666277720906;36.70093790186895;187.93085053971774;35.81704968496812;nan;nan;nan;nan;[3.97559007 5.08242238 0.9174406 ];[-130.37038581 -333.12014753   21.52863331];[[-0.40168976 -0.74285827 -0.53554357] [-0.77093832 -0.04132188  0.63556795] [ 0.49426658 -0.6681722   0.55609933]];309.55690266742226;33.02397916443666;-54.64855067621579;309.5976429919299;30.24079438418567;-55.364033693315214;315.95946325112595;316.0736042125505;317.5304598341599;315.0778386914693;317.5344848234968;1693.0715249937618;1761.3904987751764;1047.9429117916336;2641.2597744398163;1680.7404016294943;1749.2527128396541;1044.7391277382628;0.020808483807252195;48.05732168008699;6.607411185693901;-111.12360851329217;-105.9621063875207;-1554.3289855579492;-1545.029431804223;84.50775817937806;-89.01944611699011;2658.4153220094286;178.74886547869113;187.2411692942987;-185.5284516190871;-185.91111040927387;908.9120921052;909.2171260204212;56.28217037602614;-57.15291152999096;65.35364997157987;-89.42394431258265;nan;11.055435723441526;56.28217037602614;65.35364997157987;nan;54.29821424813834;168.1929605749623;149.8614081509579;529.8414845589467;-84.28595773005944;-1170.7151682121942;-70.52019864734395;nan;-215.96158039373623;nan;131.6756226636768;-157.59437668901577;-273.197312762805;
276.295833333;-69.5279643440933;-157.58260078807126;9.423788279339249;-69.43280455519407;-157.5185806223139;9.188691019296433;2.011875199847346;2.024844866612007;18.688925471946053;13.266897211580345;19.127064954060753;13.02038423184646;nan;nan;nan;nan;[1.66886507 1.69672243 0.6474765 ];[ -69.18555248 -156.83495648    9.54871044];[[ 0.57608907  0.57815667  0.57780296] [-0.81469855  0.34885587  0.46321254] [ 0.06623946 -0.73758691  0.67199545]];-53.15104135162022;-13.866338844208517;-30.482497983809967;-52.105230500184256;-21.778707863899005;-34.78884846137426;66.32896153994007;62.821104996943724;77.22546956946904;59.301208047708535;77.37552224212082;429.2762709342451;1876.2237617551996;1809.5289459996984;2662.382117293882;433.04574706700095;1894.3238184149013;1819.9690080931118;0.4200037283341273;2.380931245459007;32.49800782349094;-22.655693229141036;-16.163204564180802;-1283.1693173011934;-1292.0473133073124;109.16828773891653;102.3649919074877;2641.7586429068087;-127.42367101651061;-327.44666364522226;22.02700396140709;-129.43750843473825;-333.625057964556;21.134314679335695;6.226891441268108;6.234618765683713;181.00031964148616;35.93924834324213;187.4818270718236;35.41259893652281;nan;nan;nan;nan;[4.19024984 4.83786604 0.96774675];[-129.38343124 -333.69699985   21.30912952];[[-0.015131    0.70317585  0.71085496] [ 0.88631385  0.3385182  -0.31599555] [ 0.46283778 -0.62525927  0.62835661]];316.5186620191499;40.12022078522303;-50.379748122363644;315.5546551268604;35.412157010481316;-51.92711168972563;321.75330016148087;323.0043568485117;323.57372133253364;321.71731636866974;323.57316742669957;1648.571157280115;1645.132480221427;1001.2412980713431;2529.9041259543856;1638.4238085232716;1645.744869943115;1003.7460501745659;0.018721835669898493;53.41356572250171;6.057883667751221;-117.24510216231585;-109.54642689437424;-1384.6044741325038;-1396.8734658626852;83.68122911829019;-88.96241552497729;2535.0999733854655;179.90151124147192;186.46014016078286;-181.81503651706444;-182.82991886680327;873.6920140823229;879.256983550949;58.34870809268114;-62.10067898957665;64.95547748120399;-89.7175376292556;nan;10.106910358588692;58.34870809268114;64.95547748120399;nan;54.84856712261529;167.51699583159768;148.63670659949418;588.5532090802369;-60.8134180344378;-1111.170326858935;-69.77833443196383;nan;-192.75956591951785;nan;131.94614788507982;-144.19714356655544;-229.70071744511046;
276.3;-69.6551579506544;-157.24918259882713;9.298913774417201;-69.65796115215754;-157.59317139553363;9.045645838874744;2.2768102177900045;2.3018307872786785;18.498314073298587;13.154829186508906;19.04422174803606;12.90935006437203;nan;nan;nan;nan;[1.99103754 1.84534482 0.78119895];[ -69.72190655 -157.2308449     9.33439553];[[-0.57811306 -0.5753428  -0.57858962] [ 0.45465318 -0.81595044  0.35709293] [-0.67755131 -0.05661752  0.73329304]];-51.33892727662096;-6.423390861421285;-23.17506471357234;-50.18480249952453;-16.838822135468316;-29.131159397637564;60.42089688739144;56.692407150790764;73.8659655164863;51.23163111274606;74.00235513940956;440.55384667490677;1697.1168448631001;1698.479165665778;2485.5791238446436;444.2541965871818;1736.558572311745;1721.9483484232555;0.5009865156650198;1.9960617077139877;37.07418205229817;-27.70576318478274;-19.22791175211316;-1141.3709014120502;-1165.7294815176413;106.18215802187504;99.1893851602814;2441.1318590233627;-127.34467796951768;-331.19496570143514;21.133610995599028;-128.1331199603234;-333.4725060172963;20.9155732894976;7.553529629533085;7.565989932724413;184.5974937256692;35.099873123485956;187.0058133740748;35.021853855377785;nan;nan;nan;nan;[4.91089503 4.6356274  0.99360131];[-128.08589307 -333.21620114   21.12095255];[[ 0.53446476 -0.3031638  -0.78894812] [ 0.62112619  0.77393781  0.12337964] [-0.57319254  0.5559784  -0.60194545]];323.2949805900907;46.73614150806982;-46.30354832552823;321.45043231571674;40.3003958446229;-48.578195474516754;327.58868023293303;329.92109660545196;329.58586738265063;328.3554629588472;329.5811491833758;1604.0599502160537;1530.8364677639695;955.4935884235019;2418.881305229538;1595.4136616541846;1542.2278466979644;962.8994162764361;0.016801517347551524;59.51843391964414;5.537463395430456;-122.66711669902284;-112.67212158838174;-1218.5790116456737;-1249.4601527831028;82.93349688743992;-88.93492601910816;2414.4226250682823;183.64442882239425;185.69489218214062;-178.24631102494942;-179.80109857305413;839.4610793494111;849.6516134229707;60.69751608068001;-66.9088712650837;64.65126699049668;-90.01161263464331;nan;9.255755886828695;60.69751608068001;64.65126699049668;nan;55.395511103667985;166.87967410255504;147.5847638779366;739.455936623995;-47.41554938108769;-1098.9176874692353;-67.78589027575404;nan;-167.3461666280178;nan;119.93061724693001;-138.32877705573955;-206.07742424673785;
276.304166667;-69.88032508797605;-157.25341792113414;9.194412057991414;-69.87566490273662;-157.6351825411632;8.934019912219899;2.506051933577801;2.550064964770133;18.32531383374288;13.080939056521997;18.939096899002674;12.827986293602414;nan;nan;nan;nan;[2.24636045 2.262946   0.89560912];[ -70.21753172 -157.79595116    9.13220008];[[-0.57763919 -0.57555612 -0.57885069] [ 0.53198884 -0.80327756  0.26783023] [ 0.6191291   0.15323287 -0.77019403]];-49.47963128259326;0.2823479869476514;-16.324837087039455;-48.19756782078792;-12.47185970064398;-23.805417540265353;55.18379048686645;52.10387642167801;71.00698922542799;44.13990458965593;71.12965340433428;451.92359206793213;1522.3633772340904;1590.070237021218;2313.324137534192;455.66009371319547;1581.557579900269;1625.582377412968;0.5901343089912556;1.6945295075443878;41.97604886055432;-32.17133940759132;-21.820491433350956;-1002.6123255410351;-1041.1875388032981;103.06203480019882;96.36940575011161;2247.2535558035906;-126.21888162856952;-331.4073847454484;20.575410139064658;-126.80011047455437;-333.2913899037043;20.71421594115386;8.90786907767125;8.926233336488936;184.53891067864774;34.40166319323449;186.50575605257228;34.64414289249836;nan;nan;nan;nan;[5.74621737 4.33295017 1.08455096];[-126.73020365 -333.0640658    20.89891565];[[-0.71229565 -0.01917574  0.70161756] [ 0.32612237  0.87612628  0.35503091] [ 0.62151356 -0.48170016  0.6178073 ]];329.88581321628476;52.879916358378246;-42.41597668540773;327.22028901912915;44.81860535580462;-45.35975243087821;333.37566208767004;336.7789340110448;335.49176628277195;334.95643792706824;335.4833532624405;1559.5379038015783;1418.502461402803;910.6997828481097;2309.203418796105;1551.9821796391793;1439.647078169866;922.5985225324226;0.015056206591199765;66.41779215386777;5.051106674627756;-127.40506482732415;-115.24420324568243;-1056.2525980974585;-1104.267974911228;82.27383495653586;-88.93235555644732;2296.4498254652167;183.39346834345923;184.9448138986838;-174.81815371236735;-176.85782642612187;806.2192879064648;820.7338954790719;63.253318168345324;-71.36043171339269;64.44869899758413;-90.29902374952144;nan;8.500580642594171;63.253318168345324;64.44869899758413;nan;55.94811835498996;166.31535296854415;146.72253395412;918.5585275878357;-37.0024351967005;-1051.4701524095485;-65.59401800875887;nan;-142.97434685973738;nan;105.97191166303676;-128.06594702332683;-188.17846154995271;
276.308333333;-70.10324252500384;-156.84634787880992;9.603418732695573;-70.08572001568588;-157.64772355428767;8.85188529175667;2.7037404770625;2.7759554766668355;17.88115214498648;13.509533427871158;18.814152185014237;12.774403098846566;nan;nan;nan;nan;[2.07268633 2.16851427 0.85571021];[ -70.69081888 -158.26999775    8.96436947];[[-0.57798584 -0.5748826  -0.57917386] [ 0.49980179 -0.81042113  0.30563991] [ 0.64508181  0.11281659 -0.75573929]];-47.572769329318895;6.269017072827787;-9.920811555505681;-46.33032366552652;-7.776418505216407;-18.386450090085265;50.44832130642124;48.99889242258284;67.56812465871351;37.99129539879589;67.67926828716712;463.3855071133211;1351.9633588681731;1484.302160066019;2146.447289075188;466.5140574442936;1429.894240676665;1531.3402820616946;0.6974211881879985;1.4338537700555747;47.200955704530415;-36.06508789764228;-24.71357363380766;-866.8935896881486;-919.6675587045769;98.8672854078839;93.50063976321323;2060.505752067058;-127.76526248224137;-340.5828281559845;19.75843176295048;-125.43925274144279;-333.08369392955234;20.529448403234216;10.289825154187657;10.315193534089083;193.80317664924203;33.93375981725802;185.98453749381773;34.27881042474004;nan;nan;nan;nan;[5.6518976  4.27938918 1.12832143];[-125.12327982 -332.57187991   20.73732811];[[ 0.71023694  0.01329901 -0.70383708] [-0.30951341 -0.8920983  -0.32918396] [-0.63226968  0.45164562 -0.62948494]];336.29111473377196;58.559720361549495;-38.71305860170026;332.8833858295749;49.48064255805722;-42.145082102352234;339.169412675633;343.53988939278145;341.22655149648847;341.48847044953874;341.21405206888784;1515.0050180366895;1308.1304611379292;866.8598813451675;2203.86226723337;1510.3997862481629;1339.957721585746;883.2976185857461;0.013461351922684842;74.28674368989766;4.593202435864609;-131.4743592511306;-118.18647223786105;-897.6252334878588;-962.4836008659428;81.61131459689403;-88.94185285176262;2181.259168901999;192.83964068582492;184.20931102335135;-171.52644314894334;-173.94262471658786;773.9666397534844;792.3074722220475;66.85964888587436;-76.06651866065233;64.25613741232131;-90.57649505360742;nan;7.861204498263148;66.85964888587436;64.25613741232131;nan;56.39493291405816;165.72693429375826;145.86745200921536;1051.6344533476897;-22.27119156099072;-888.8574967297036;-64.17299613080483;nan;-123.39041923924084;nan;101.11922767825024;-102.11510939180322;-161.45068844143015;
276.3125;-71.33580049339163;-159.0300477365434;8.610204926050514;-70.28792909959222;-157.63382834927546;8.79735987802942;2.8738844718245993;2.9858473799854246;17.901644830456508;12.720187140337588;18.671796609124044;12.74675475300425;nan;nan;nan;nan;[1.94187741 2.07555064 0.7905726 ];[ -71.11496618 -158.75527989    8.8178469 ];[[ 0.57942784  0.57419256  0.57841705] [-0.33839261  0.81511921 -0.47018201] [ 0.74145386 -0.07670449 -0.66660528]];-45.6179573765797;11.554755768148672;-3.95198457026533;-44.39131575856866;-3.514727101956008;-13.192564528296213;46.443363144925556;47.2242374011124;64.64030892523748;32.74411957563191;64.73917562151568;474.9395918110737;1185.916789765345;1381.1749348001802;1982.4786152466684;477.6343249755777;1278.9462180451742;1437.4920809741589;0.8037255120778835;1.2442058700049041;52.03252707790272;-39.39967465501115;-27.24206442756878;-734.2146938533899;-798.3681356897949;94.34016417844707;91.28839522473751;1881.3852472678989;-126.09871615274021;-338.35483909603255;19.908087984231372;-124.05131971318328;-332.85136833800595;20.36049300550299;11.699172727060947;11.732542890403012;191.279536267485;33.829207833845565;185.4449758647129;33.925216754848556;nan;nan;nan;nan;[5.72369107 3.82302702 1.14704858];[-123.62812798 -331.97291971   20.61780042];[[ 0.62999764 -0.25558841 -0.73333317] [-0.48336802 -0.86813447 -0.11268495] [ 0.60783083 -0.42546106  0.67046593]];342.51083997859234;63.78372854298478;-35.190819474103954;338.5015868576966;53.88264079374849;-39.00772764371963;344.97574711856697;350.1720053130247;346.9660446865182;347.92352257098077;346.94989804175276;1470.461292921386;1199.7204669693463;823.9738839146747;2098.882569272523;1468.066325958231;1240.0311366425283;844.0450712731928;0.011994292526585466;83.37298742576857;4.161418569181785;-134.89041267435314;-120.69613434056689;-742.6969178168737;-821.0763273770523;81.01403473692656;-88.96884167583771;2068.9414139164537;187.84035745609506;183.48780644170827;-168.36705790430258;-171.07178866286634;742.7031348904692;764.1513051826163;70.90797256490366;-80.12268298346429;64.14034537094524;-90.8456405662606;nan;7.309127752097443;70.90797256490366;64.14034537094524;nan;56.831217618847795;165.24813674335073;145.15438010787182;1159.7613335314127;-7.534806872061527;-666.996674362215;-61.82392116632736;nan;-103.87299753149304;nan;96.33819065943194;-66.32011309475962;-134.45312326729726;
276.316666667;-72.03943926231946;-159.92359048505523;8.363392627406313;-70.48209316287503;-157.59645525977882;8.768607419702123;3.020334605385511;3.185655125453109;17.811240905891086;12.58161143781175;18.514386399385103;12.743239622566055;nan;nan;nan;nan;[1.77011981 1.86600519 0.70692167];[ -71.43898689 -159.05333612    8.72994545];[[ 0.57922641  0.5760717   0.57674792] [-0.08216437  0.74517691 -0.66178575] [-0.81101528  0.33593566  0.47895872]];-43.61481138415749;16.157703444839836;1.592647417387234;-42.348949601660806;0.5621869602025455;-8.015803761866096;43.10455540300787;46.53879756163811;61.86720544935814;28.34859509165551;61.95334836849153;486.5858461611899;1024.223669925607;1280.6885612237013;1817.670453823081;489.2365139815534;1124.6621685806667;1341.5321534171346;0.8993195650022595;1.1119517899040565;55.71585830518525;-42.18776567977347;-29.58438581615143;-604.5756380367588;-674.1256742391814;89.25270571839687;89.85855777632274;1710.5446800857071;-123.7855551882453;-334.230831541864;20.73463698362015;-122.6370845301537;-332.59632930962556;20.20658863855908;13.135562407931225;13.177808476058575;186.79866862624215;34.28190465373241;184.8898251125601;33.58273811145984;nan;nan;nan;nan;[5.97555515 3.75013608 1.17427326];[-122.16216997 -331.53113518   20.44998789];[[ 0.62786513 -0.26931373 -0.73024345] [ 0.48437298  0.86960558  0.09575462] [ 0.60923575 -0.41383118  0.67644332]];348.5449437867857;68.56011592808535;-31.845284702316935;344.23035830111655;58.217115755862324;-35.84130850736397;350.9535176324161;356.6485517889814;352.81893115959014;354.2369653651019;352.79925060838974;1425.9067284556688;1093.272478897055;782.0417905566309;1991.9292480536692;1424.0927428691912;1137.3699424339923;803.8231167406528;0.010609469259245701;94.25542179016566;3.743012804014631;-137.66863780090256;-122.97291035911832;-591.4676510845036;-676.3269699202847;80.45148545622477;-89.01050282220451;1959.6030397878753;182.24632365339212;182.7797402119464;-165.33587654807013;-168.15409977783756;712.4287733174194;735.4741680004151;75.62326933043047;-83.47366446672646;64.07054414931322;-91.11127002136364;nan;6.832951004603743;75.62326933043047;64.07054414931322;nan;57.23759314470948;164.87597504882734;144.522029605538;1189.933977223124;10.19750786337813;-383.45035417807907;-57.76824943194323;nan;-84.2618911275331;nan;94.45939899091123;-17.681187643588764;-101.12722174596672;
276.320833333;-72.26567210264295;-158.57297552880294;8.293488829759298;-70.66801161378605;-157.53848703873354;8.763837513558366;3.146752134954617;3.380459481269215;17.035616610848102;12.521717309703677;18.344225008850096;12.762100167613406;nan;nan;nan;nan;[1.58832873 1.70737104 0.63218767];[ -71.72225881 -159.25486606    8.66768186];[[ 0.57700843  0.58127025  0.57374747] [-0.59968468 -0.17538741  0.78078008] [ 0.55447232 -0.79458426  0.24737885]];-41.56294731183407;20.095999474830812;6.724087956157689;-40.25862891537825;4.1566223257624655;-3.129347571859269;40.59344192761509;46.65341512666399;59.48484665441926;24.74591319372479;59.55844818904439;498.3242701636698;866.8839993489602;1182.843039336583;1659.5449589905768;500.9578002397003;973.29189434786;1247.3306064098601;0.9615850869797944;1.0399495723679135;57.27051558224383;-44.44202697200475;-31.531652216772535;-477.9764222382559;-551.8540327049166;84.12281878990491;89.54397199040613;1548.8487990337878;-120.97825564988999;-328.9325029486901;20.100788990248915;-121.19732052091513;-332.3204589623653;20.066990753835988;14.598535415149817;14.650395458282505;181.03588738490444;33.20433699977506;184.32177496506193;33.250766649100015;nan;nan;nan;nan;[6.29812557 3.72779759 1.03667841];[-120.79975899 -331.57620945   20.2104865 ];[[ 0.67058046 -0.13697281 -0.72908182] [-0.40204695 -0.89305715 -0.20200788] [ 0.62344214 -0.42858766  0.65393617]];354.3933809943921;72.89705754225237;-28.672479686037335;349.8314826971525;62.231009740568155;-32.79367314150564;356.8335604417425;362.94732480389087;358.555333625972;360.40727181474693;358.53249934890795;1381.3413246395373;988.7864969210552;741.0636012710366;1887.1504708338075;1379.940639629501;1035.8940141661096;764.2148402654906;0.009359060523229329;106.84833135954031;3.3555273609511094;-139.82444733468984;-124.78865649018034;-443.93743329074846;-534.0006663646071;79.95638210030057;-89.06339694719877;1853.3693244410629;177.58011351402698;182.08456956488422;-162.4287776498712;-165.31663455111095;683.1435550343352;707.4836910162128;80.5726503443233;-85.68098860314436;64.07755531367812;-91.36083990931286;nan;6.443519439335788;80.5726503443233;64.07755531367812;nan;57.63403587434233;164.69546913422823;144.0339374139787;1162.4041276668065;26.812992586694634;-94.47564946812471;-53.359235178908975;nan;-67.2567935355629;nan;94.06978612225743;34.73685639601602;-69.82609531491205;
276.325;-73.0780358619533;-160.2434869202409;8.017838250471726;-70.84548226040947;-157.46273085835898;8.781305604501336;3.256572897815759;3.574211806362537;17.27290250694504;12.380583485026193;18.163563115571378;12.801622941818545;nan;nan;nan;nan;[1.42385223 1.63572642 0.61145671];[ -71.948839   -159.34274872    8.65095363];[[ 0.5719911   0.59066527  0.5691579 ] [ 0.68161128  0.04374806 -0.73040548] [-0.4563247   0.80572989 -0.37758061]];-39.4619811193913;23.387783230051117;11.453340594751689;-38.12429959293669;7.2854447679391825;1.472546344387925;38.84209466101249;47.28017945251945;57.40518744056417;21.867701430131625;57.4669639807117;510.15486381851326;713.8977780354039;1087.6383691388248;1509.1969829214959;512.7768851729514;825.0345309167877;1155.012303868053;0.979715438491313;1.0207045441071376;56.30127181512745;-46.17512453178049;-33.097556906130045;-354.4170464578812;-431.7205942415117;79.18924601118343;90.41508512870847;1397.4495499246243;-120.92061071178915;-332.2111134464545;20.071169374495383;-119.73280120221173;-332.02560535157386;19.940971363601808;16.08753711930439;16.14960737571353;184.2419171386412;33.21684998189668;183.74345093032136;32.92871044818541;nan;nan;nan;nan;[6.76806123 3.37953287 0.8108199 ];[-119.46754888 -331.91932878   19.96711614];[[-0.72334203 -0.29783965  0.62295092] [ 0.06202555  0.8705122   0.48822263] [ 0.68769844 -0.39179082  0.61120439]];360.0561064374514;76.80272841088706;-25.668429824963297;355.29789340191985;65.92974739255048;-29.864618286688223;362.5951186550877;369.05003341543386;364.15744257795103;366.4157286854342;364.1317902131987;1336.7650814729918;886.2625210413472;701.0393160578916;1784.8551052799867;1335.6856383562192;935.7499468464525;725.2748853433661;0.00823255510442786;121.4689713357828;2.9977350282041235;-141.37325397962573;-126.16060995948442;-300.1062644356084;-394.29005399464006;79.52377937614776;-89.12438768528195;1750.3880318109398;178.90516854609533;181.40176890396654;-159.64163977933092;-162.55938406332012;654.8474800412165;680.2141756662204;85.53938580728082;-86.66908408487421;64.15552338150796;-91.59267209996273;nan;6.1307685785416055;85.53938580728082;64.15552338150796;nan;58.024754802966356;164.72863181846424;143.6793027576557;1077.9079579014858;42.464563203031354;175.14268563870885;-48.739342969495844;nan;-52.95574581053062;nan;95.42030901356166;87.29582897661412;-40.26946248445735;
276.329166667;-73.1176043550368;-160.62983964876491;8.054688232564118;-71.01430131066196;-157.37191831015838;8.819312985553829;3.3529680782354694;3.769637883571569;17.43205036879327;12.428143189928946;17.97459862260102;12.860138592444551;nan;nan;nan;nan;[1.26977922 1.59007923 0.6087094 ];[ -72.13779609 -159.39574837    8.64874052];[[ 0.5660641   0.60106656  0.56417234] [ 0.69796068  0.01472102 -0.71598476] [ 0.43865969 -0.79906338  0.41118778]];-37.31152876661094;26.051194082430275;15.791408881874874;-35.94626561628259;9.94279922709133;5.784002934003919;37.74185949535546;48.1682829930302;55.59735998740091;19.63605578543819;55.64821402331232;522.0776271257204;565.2650059849382;995.0745506304274;1368.0065062315841;524.6866944283631;680.1037223135946;1064.7086928718934;0.9539995231538833;1.0482185532903006;53.088369642605194;-47.39972435917625;-34.27691054081483;-233.89751069563442;-313.8874173742587;74.72559152932357;92.42729797168268;1257.8803349479322;-119.05202013551131;-332.1116988132083;19.418206541437144;-118.24430027897087;-331.7135824699937;19.827819040959223;17.601929346936643;17.67466367803089;183.78437184819626;32.322273242042066;183.15741429684175;32.615993515022616;nan;nan;nan;nan;[7.13738238 3.21339796 0.62265801];[-118.06872129 -332.08444129   19.77117017];[[ 0.66630843  0.47942913 -0.57112239] [-0.06569165  0.80067471  0.59548687] [-0.74277701  0.35925995 -0.5649908 ]];365.5330749520036;80.28530355939063;-22.829160518792943;360.6211139893732;69.30574387932188;-27.057780590903562;368.2159658136895;374.94176804069645;369.61161093992894;372.24616855645655;369.58346365463797;1292.1779989560325;785.700551257931;661.9689349171963;1685.3276242334302;1291.3618061714337;837.0598656508848;687.0550690319324;0.007220965924800363;138.4856278805452;2.668749597419834;-142.33047043962125;-127.0834858919883;-159.9741445190835;-257.38731477842623;79.15105636778793;-89.19090302010525;1650.8337917635563;177.8907758259084;180.7308298052648;-156.97034150607442;-159.8846547014976;627.5405483380636;653.7091892821696;90.25935140820455;-86.46828568204468;64.30099691856704;-91.80550020247003;nan;5.883046159873274;90.25935140820455;64.30099691856704;nan;58.41795075869376;164.9849429375281;143.45205328635495;951.651836997979;56.99355858260798;407.11790580885827;-44.06508706781523;nan;-41.0974902534209;nan;98.0910488360291;136.0665308604369;-12.803110108855256;
276.333333333;-73.76058620472885;-162.30844397786103;7.581171026404704;-71.17426337229254;-157.2687054049183;8.876206797858249;3.43880374306669;3.9683277696949744;18.097003462669228;12.06872081938363;17.779476657990763;12.936021860345328;nan;nan;nan;nan;[1.08821825 1.59130532 0.63660139];[ -72.28569326 -159.39484246    8.67040079];[[ 0.55789027  0.60571783  0.56733091] [ 0.74199269 -0.05782348 -0.66790965] [-0.37175973  0.79357568 -0.48169736]];-35.111206213274855;28.104371403897826;19.74929636623292;-33.72505051058873;12.138954510593587;9.810102988293101;37.16142313196494;49.119112377165784;54.01554723835656;17.964290240425132;54.05655551047169;534.092560085291;420.9856831975625;905.15158381139;1237.5647337810847;536.6824734091979;538.5698568676088;976.4634669600475;0.8953219931312325;1.1169166039389633;48.39802302144462;-48.128492454267516;-35.07700575883958;-116.4178149515156;-198.41058653966718;70.93414493681699;95.42788616207113;1132.1586451871692;-116.78442464402045;-332.03867343850453;19.493145040240307;-116.73259164430307;-331.38617024776175;19.7268389198455;19.141001525013564;19.224714885009607;183.32537034551908;32.0970833664012;182.5661621335269;32.312055781808326;nan;nan;nan;nan;[7.36293064 3.31642561 0.51855867];[-116.58602772 -331.91974225   19.64246937];[[ 0.64282054  0.52403972 -0.5587165 ] [-0.05490822  0.75902476  0.64874225] [-0.76404636  0.38634671 -0.51669079]];370.8242413740885;83.35295801316425;-20.150697167224397;365.7984680586162;72.36239874413448;-24.37189949982699;373.68278722904165;380.61054136287106;374.90834064666996;377.88472234277043;374.8779920984573;1247.5800770886588;687.1005875708059;623.85245784895;1588.8141972092112;1246.9875980829386;739.8694071500375;649.5735091922594;0.006315563462725082;158.3389995052814;2.367565749876759;-142.71150941858718;-127.56643414042931;-23.541073541173454;-123.35799235066925;78.83432916208598;-89.26081184455056;1554.9132308115672;175.50298171746044;180.07126101747713;-154.4107613997269;-157.29091510239064;601.2227599248757;627.982046137147;94.52195212311837;-85.20956170455297;64.5093947415329;-91.99883329137482;nan;5.689470696787585;94.52195212311837;64.5093947415329;nan;58.81992404474531;165.45609705993536;143.34372390361887;787.963491423592;71.30328406320896;585.6345842233051;-39.29966700117307;nan;-32.23848841761632;nan;103.5417724808256;177.51223631664166;14.377031158320777;
276.3375;-73.21138549872967;-161.14694270104457;7.99772862018618;-71.32516145288267;-157.15567257270905;8.950380030676607;3.5166018764473055;4.17093162047219;17.663945240009834;12.391825202192832;17.580289574792005;13.027691579965595;nan;nan;nan;nan;[0.9474301  1.85091546 0.7206481 ];[ -72.3623828  -159.25245829    8.73069031];[[ 0.55940102  0.59756422  0.57444538] [ 0.77696907 -0.13657939 -0.61454465] [-0.2887725   0.7901032  -0.54069157]];-32.86062941916483;29.565454566383295;23.338006596531493;-31.46129390929683;13.891058941648373;13.560648788554653;36.96844233307695;49.98599425279349;52.6154819336937;16.75848447230361;52.647870477400765;546.1996626972254;281.05980967327724;817.869468681713;1119.859304171856;548.7605500716144;400.43647024964446;890.2793680184768;0.8193769885465652;1.220439448481253;43.13845356516225;-48.37409481712984;-35.5105097762111;-1.9779592255247032;-85.29673159948189;67.92904731151688;99.1997483350069;1022.8583264293492;-114.20932406905762;-329.5951876644444;19.306506437125748;-115.19844937950204;-331.04511455240885;19.637352695032508;20.70398075157096;20.798855685704634;180.49751405994584;31.536402152136525;181.97212728968083;32.01635310662952;nan;nan;nan;nan;[7.55249372 3.51177601 0.46158514];[-115.07614798 -331.64550592   19.55457105];[[-0.62807545 -0.55639647  0.54400753] [ 0.03201836  0.68003097  0.73248393] [-0.77749344  0.4774734  -0.40929586]];375.92956053974626;86.01386679760921;-17.629065169955787;370.82998749298554;75.10794690468252;-21.803570417174697;378.98743909953157;386.0468931462215;380.0417400196101;383.3195920369975;380.0094511751747;1202.9713158708712;590.4626299799725;586.6898848531533;1495.5692226364304;1202.5741834451924;644.1885132320999;612.8325973936786;0.0055090671318662205;181.51893525052137;2.0934975772676765;-142.53178362043445;-127.6247927565916;109.19294849812212;7.791467542818676;78.56941746202627;-89.33240076385901;1462.8708504854308;173.7340802893285;179.422588461928;-151.9587780299134;-154.77498949236022;575.8941148016535;603.0319424102049;98.1897833831805;-83.07563646697395;64.77594324008834;-92.17270926136815;nan;5.540567074428411;98.1897833831805;64.77594324008834;nan;59.23537616565993;166.11883069469738;143.3453607021146;602.9571454694861;85.4791068306355;707.0201077874913;-34.5058005920118;nan;-26.168646738128647;nan;111.64775356876383;209.4062936416686;41.42576898882747;
276.341666667;-73.46494267429426;-161.74574530471023;8.15812205810748;-71.46678695984625;-157.03532466288456;9.040271521390514;3.5885061617367633;4.377382301567172;17.761875941669032;12.59320108439871;17.379076951055875;13.13361067934091;nan;nan;nan;nan;[0.87933839 2.35443766 0.81313936];[ -72.39277471 -158.99913304    8.78675439];[[ 0.56853507  0.59135921  0.57189349] [-0.73315397  0.04888107  0.67830369] [-0.37316637  0.80492542 -0.46134795]];-30.55941434403098;30.45258294182446;26.568543121517887;-29.14524514160747;15.129639543573656;16.99641070018085;36.97606365977973;50.666804679975826;51.47426382240249;15.919809521979074;51.4991478278084;558.3989349616904;145.48738541026404;733.2282052402599;1017.6634103845735;560.9510102248423;266.0295583404401;806.3504542396439;0.7438239525021523;1.3444041384202488;38.30629968777308;-48.149197447832485;-35.51905110655951;109.42205648383654;25.252263981055428;65.84705114422898;103.42066885948356;933.0592429421175;-112.88895140374726;-330.86691103961897;19.602858344317994;-113.64264775404462;-330.69212718886007;19.558698622126695;22.29004087786712;22.396136262117476;181.56474667809857;31.675594343947726;181.3776783950079;31.72835727346338;nan;nan;nan;nan;[7.34676191 2.76613165 0.46332088];[-113.39354068 -330.73663379   19.5219345 ];[[-0.61569605 -0.55853105  0.555843  ] [ 0.01087657  0.69930807  0.71473766] [ 0.78790867 -0.44610682  0.42448631]];380.8489872850825;88.27620493815482;-15.26028992665398;375.7004154331309;77.49676501670736;-19.367997702422723;384.09851611231585;391.24355064716605;385.001526186391;388.54084297788444;384.96761826329;1158.351715302061;495.786678484153;550.4812159293185;1405.8853402660466;1158.0515857330968;550.1124472843762;576.8937598022985;0.004798557041166167;208.39598058773424;1.8472890752382791;-141.8067057490604;-127.19017485420976;238.22792160053706;135.80536654368728;78.3599437212091;-89.40407740219388;1374.995525809665;174.03218998936765;178.78435523256866;-149.6102699662278;-152.34605268315872;551.5546129680716;578.942891619314;101.08831455168712;-80.32927350266324;65.10358877539649;-92.32633051638653;nan;5.420816626639194;101.08831455168712;65.10358877539649;nan;59.682772148757294;166.93536569591612;143.46353249660558;416.879182968558;99.00179090671168;777.8843123833022;-29.783073995387582;nan;-21.966928946191132;nan;120.96871985290281;231.19386674754986;67.28343149146875;
