dt;xt_40;yt_40;zt_40;xt_avg_40;yt_avg_40;zt_avg_40;xxt_40;xpt_40;xp_40;wd_40;xp_avg_40;wd_avg_40;disSTL_40;disSTL_avg_40;disSTLz_40;disSTLz_avg_40;PCAsigma_40;PCAmu_40;PCAwt_40;vxt_40;vyt_40;vzt_40;vxt_avg_40;vyt_avg_40;vzt_avg_40;vavg_40;vv_40;vv_avg_40;vvt_40;vpvt_avg_40;axt_40;ayt_40;azt_40;aavg_40;axt_avg_40;ayt_avg_40;azt_avg_40;curvature_40;curveRadius_40;turnRate_40;vxp_40;vxp_avg_40;axp_40;axp_avg_40;thetaToR_40;psiToR_40;aa_40;xt_41;yt_41;zt_41;xt_avg_41;yt_avg_41;zt_avg_41;xxt_41;xpt_41;xp_41;wd_41;xp_avg_41;wd_avg_41;disSTL_41;disSTL_avg_41;disSTLz_41;disSTLz_avg_41;PCAsigma_41;PCAmu_41;PCAwt_41;vxt_41;vyt_41;vzt_41;vxt_avg_41;vyt_avg_41;vzt_avg_41;vavg_41;vv_41;vv_avg_41;vvt_41;vpvt_avg_41;axt_41;ayt_41;azt_41;aavg_41;axt_avg_41;ayt_avg_41;azt_avg_41;curvature_41;curveRadius_41;turnRate_41;vxp_41;vxp_avg_41;axp_41;axp_avg_41;thetaToR_41;psiToR_41;aa_41;xb__40-41;xb_avg__40-41;vxb__40-41;vxb_avg__40-41;axb__40-41;axb_avg__40-41;phi1to2__40-41;psi1to2__40-41;phi2to1__40-41;psi2to1__40-41;phiO1to2__40-41;phiO2to1__40-41;phi1to2__40-41;phi2to1__40-41;phiE1to2__40-41;phiE2to1__40-41;alpha1to2__40-41;alpha2to1__40-41;dphi1to2__40-41;dphi2to1__40-41;dpsi1to2__40-41;dpsi2to1__40-41;dphiO1to2__40-41;dphiO2to1__40-41;dphiE1to2__40-41;dphiE2to1__40-41;dalpha1to2__40-41;dalpha2to1__40-41;
300.525;-85.85511553256265;-150.7463387521529;14.779652470727612;-86.57184437727555;-150.62466281110216;14.690946703711134;0.0;0.0;0.88671408977262;20.620760391098386;0.13200473528166146;20.779122733187467;nan;nan;nan;nan;[nan nan nan];[nan nan nan];[[nan nan nan] [nan nan nan] [nan nan nan]];;;;;;;;;;;;;;;;;;;;;;;;;;;;;-188.0076329898223;-291.27168871456325;-5.638281750061637;-158.1487781345304;-234.08135304614174;4.3062593844726536;0.0;0.0;174.0955516117741;15.943525056634634;102.88508352393532;27.787703022090952;nan;nan;nan;nan;[nan nan nan];[nan nan nan];[[nan nan nan] [nan nan nan] [nan nan nan]];;;;;;;;;;;;;;;;;;;;;;;;;;;;;174.92684997666345;104.31826257461864;;;;;;;;;;;;;;;;;;;;;;;;;;;
300.529166667;-85.61956516030918;-150.24505606844014;14.581323809784337;-86.28101201921542;-150.67322036954428;14.68466181946335;0.2949250697154851;0.2949250697154851;1.3489596515393145;20.385623813380654;0.4463890437039179;20.676542055539098;nan;nan;nan;nan;[nan nan nan];[nan nan nan];[[nan nan nan] [nan nan nan] [nan nan nan]];53.59186695111503;-6.334823857613442;-2.3542392505242202;45.07165762252406;-3.855866904836847;-2.589861602403147;45.3103676165781;54.016299753516186;45.581455484126494;54.125670151936426;45.738430079914394;-2443.4810925480147;777.5508497673013;-110.68130990626574;2369.5139715565747;-2264.783605583374;691.5685675689099;-84.17005187873475;0.26358562004573904;3.7938336690236505;12.055992452532918;57.73774477496502;48.47284253527448;-2666.912549552328;-2467.6015773696863;94.8817193097308;-90.28016832475684;2566.599993371787;-144.6137701928117;-197.7736496144741;17.766573442243057;-155.10457703247943;-226.0254928871559;9.172746807344051;9.891751264959566;9.891751264959566;74.54059193287823;32.02212967430647;98.14196163835173;28.026899417933354;nan;nan;nan;nan;[nan nan nan];[nan nan nan];[[nan nan nan] [nan nan nan] [nan nan nan]];683.4538571249353;1569.2739917378685;687.0959268053953;657.5159357973371;1388.0969166307905;522.8647011640703;1622.506626029844;1844.4052831729855;1637.6805529581225;1845.0526338982988;1645.7260518382432;-7191.471248648818;-53964.57751251178;-64258.0727049275;72516.45910755788;-6776.58260772384;-49218.70351997286;-52822.665527894555;0.014364281815932176;69.61712481099109;23.63967280042593;-1070.9961186907624;-1029.4186839785823;10614.613359881465;10417.434755408798;31.18208552943372;-124.22843071702592;84219.90734129184;75.82499091396006;99.33900815649255;-1111.8504987424874;-1062.236263751291;12977.998846093722;12582.334331365219;129.02152925960797;94.24427700691196;25.424894420274697;131.56123180792005;nan;1.2431920770769056;129.02152925960797;25.424894420274697;nan;24.18170234319779;223.90324856933876;56.60697994970842;;;;;;;;;;;
300.533333333;-85.72644200838084;-150.5495339300283;14.599739629920293;-86.03594777139091;-150.70663626737462;14.675903444048174;0.5423385652830004;0.5424120732722707;1.0521995945805072;20.422533022467466;0.71073233179902;20.587506531268172;nan;nan;nan;nan;[0.1078595  0.23169149 0.09047472];[ -85.77225728 -150.61882059   14.65555191];[[-0.69116686 -0.694165    0.20105551] [ 0.15776936  0.12656229  0.97933182] [-0.70526392  0.7086021   0.02204231]];43.8048944595348;-3.287126375547005;-2.752763430267534;42.30732331206379;-3.2865346742333457;-2.5318162021511714;42.51024593292668;44.01422139403147;43.96370269732586;44.0561432453373;44.11850099618031;-2254.910552154597;685.7806495077323;-80.92316324196126;2283.6721726498026;-2186.3787902842387;655.2089238371384;-74.88420163478028;0.2913797833281543;3.431947091791855;12.855239261029977;47.06587013481267;45.50012388915572;-2456.337268572059;-2380.484671760129;94.4340540038594;-90.26508385813453;2358.2759074812434;-142.5186524829844;-195.90809746370218;17.750225151402518;-152.19312239690635;-219.0026502059627;12.639040346094747;18.2283392869973;18.247113514232403;71.74169932617616;31.70211197425093;93.58673683946394;28.214420580671877;nan;nan;nan;nan;[17.81494304 37.15903295  9.13410512];[-152.40273956 -217.03099537   12.58869427];[[-0.5771114  -0.5776558  -0.57728348] [ 0.76231479 -0.12747742 -0.63452791] [ 0.29294811 -0.80626502  0.51392423]];654.4139862072083;1355.4356713339787;449.8716507939559;648.1047409284993;1333.199652744432;501.11639890734085;1564.7935054011862;1570.9385814398604;1589.8918094242968;1560.0148427572906;1597.6244946549687;-6749.652385681369;-48723.35591462255;-49926.78016218083;69525.07585621197;-6599.823132198879;-47443.33869859566;-50391.54810646382;0.014827291935349788;67.44319895772047;23.688444785314896;-1027.1977413724278;-1011.028948971352;10409.017431188693;10327.66053389312;31.570437907872495;-123.37555963808948;70087.1357402573;72.75080766184709;94.59242250625653;-1058.6443006252555;-1041.4479414516873;12562.194357862967;12406.468615203867;131.11506982509735;92.70907962798196;27.03869011111391;132.125077780206;nan;1.1727614513077143;131.11506982509735;27.03869011111391;nan;25.865928659806197;225.54912382895674;58.60912801898641;610.2114644317251;-74.99205816583155;-128.28873230645016;-43.9411100280235;nan;-26.556825490658063;nan;-48.43523267517355;315.8524613509618;62.3697555422193;
300.5375;-85.73209821896484;-150.60649485966422;14.750404793932262;-85.83331066796092;-150.72654922764013;14.66522080225564;0.7459723209842885;0.7463052818612307;1.0477486583124849;20.573474442672726;0.9287685444566631;20.511210558103002;nan;nan;nan;nan;[0.11239266 0.2701177  0.09557259];[ -85.75906683 -150.54776758   14.65274862];[[-0.67840237 -0.67520982 -0.28958922] [ 0.1924471   0.21708602 -0.95699413] [-0.70903761  0.7049577   0.01732951]];34.79557194367867;-0.6163458793724391;-3.031206168133804;36.73562516928224;-2.062105172517536;-2.4734601752426753;36.87650253968017;34.93279147111593;40.25705656105722;34.85155791771698;40.40367329281246;-2070.2091042000966;596.630696539037;-53.04221780523273;2117.3045413009063;-2034.255172056203;584.4574352776293;-56.51479385723235;0.3738136475721425;2.675129724382279;15.103444488899383;37.262017613161625;39.49623809828466;-2250.2619326713075;-2211.407624597455;93.20560887244919;-90.2157258815403;2155.121203096318;-143.5202802961088;-199.1005479310396;16.967244213758576;-149.4065369288312;-212.91708786044512;14.986988869241243;25.26718988086962;25.34020803633028;74.50184590358366;31.105977774902875;89.21579707881646;28.353230535662405;nan;nan;nan;nan;[16.19559347 32.73193708  7.92134503];[-148.63043132 -211.19675533   13.70993615];[[-0.57634379 -0.57874403 -0.5769603 ] [ 0.75250502 -0.10052005 -0.65087012] [-0.31869112  0.80929047 -0.49344189]];627.1902072959051;1162.8665288399336;268.39608894165355;629.3584094401753;1218.6231916642257;430.2677091161867;1437.4507964807224;1348.2071727235739;1474.7328683390012;1323.6581793874786;1481.7472694279854;-6319.74708556445;-43755.37211577723;-37498.68990851739;62911.923857869944;-6256.075426298878;-43952.18774550596;-44575.51879835703;0.016141807249711756;61.95093179655314;23.918078815893253;-984.25089277885;-975.3314437184175;10205.879571997699;10153.967790263085;32.03039211001635;-120.09594124233685;57970.88525346823;75.47225681059109;90.0711599099046;-1007.1553948632086;-1000.849590303828;12153.698515603934;12065.588631528535;133.76756017728806;91.96435786040995;26.916294590766537;131.9251640834963;nan;1.0615314180833202;133.76756017728806;26.916294590766537;nan;25.854763172683217;226.97316904973724;58.94668670078289;572.5058653957399;-179.16941158933136;-22.7662529354276;-36.93253856668269;nan;-26.579788411641402;nan;-152.58962317769;261.80736591970054;10.386226523004677;
300.541666667;-85.92806547776172;-150.94667935738067;14.566638842031978;-85.66982691481773;-150.73455248298458;14.653130528576346;0.909473092327144;0.9104307349619907;0.6361468627261047;20.422243899564567;1.104153502531131;20.446862111474488;nan;nan;nan;nan;[0.15416198 0.40837669 0.11719544];[ -85.82203338 -150.72505046   14.61052016];[[ 0.60732729  0.60855756  0.51069684] [-0.36690428 -0.3553148   0.85972824] [ 0.70465226 -0.70951328  0.00749   ]];26.547778185051175;1.6884353279555517;-3.1973891359045905;31.620902451557797;-1.0967723929861741;-2.3479673299637334;31.726918099864783;26.792884087118505;37.161370062256104;26.491245543021808;37.297458971448734;-1889.3767486845124;510.1009908612158;-27.03847359608017;1949.0722257702116;-1879.8044343095987;513.487601026077;-39.34861638356113;0.4795082432815926;2.085469882970807;17.88443903026666;28.307437438847273;34.005533443667474;-2048.6865418500724;-2039.9542860855015;91.98106231152192;-90.14707289171488;1957.2119451918484;-143.35336183508377;-201.10099310798967;16.09771028370028;-146.73715016184235;-207.67781241998173;16.465399539039705;31.228462976629565;31.4033203527394;75.65023874553891;30.252316615297932;85.0255729825838;28.446216759571577;nan;nan;nan;nan;[15.15420553 29.61722463  7.0547548 ];[-145.92867187 -207.65695594   14.23506841];[[-0.57514122 -0.58061652 -0.57627861] [ 0.744022   -0.07842685 -0.66353635] [ 0.34006445 -0.81039107  0.47709798]];601.7328805458153;990.428073426384;134.7392317106487;611.3434058634306;1112.6617857195365;370.2694170659368;1322.4433638185174;1166.6982852147503;1370.3972310605195;1128.0762791007378;1376.7635894747418;-5901.7553482980575;-39060.62611597582;-26973.801943937167;56918.07856029719;-5910.406898868319;-40595.48326915558;-39455.56355483573;0.01754873174286106;56.98417496220527;24.160454905030733;-942.1453309537717;-938.9476660155747;10005.199782308478;9975.555182607333;32.71511968877188;-117.00282091446753;47834.60274815675;76.25918980214965;85.7680015394497;-957.3533287647982;-960.1106472313227;11752.511319316629;11718.061091182244;136.20016536202377;91.64000685876252;26.413756293065884;131.75890186330614;nan;0.9514545722190983;136.20016536202377;26.413756293065884;nan;25.462301720846785;228.1812276735457;59.128875981837766;531.3786151401258;-278.97425576100466;71.0793548777802;-3.6441395582698024;nan;-26.207628763288195;nan;-252.7666269977166;204.30334404852653;-37.88406724351666;
300.545833333;-85.60944677354206;-150.0926544432682;14.752681841775058;-85.54228988960102;-150.73219377564712;14.640116667201905;1.0364019702983325;1.0386517039542147;1.5090948324928142;20.551842071625014;1.2404649028262493;20.39368274452119;nan;nan;nan;nan;[0.1413443  0.37663291 0.1064077 ];[ -85.83269264 -150.75969042   14.60853091];[[-6.08370590e-01 -6.08510293e-01 -5.09510008e-01] [-3.60929153e-01 -3.59626619e-01  8.60464317e-01] [ 7.06834756e-01 -7.07378200e-01  8.42845820e-04]];19.045391965156895;3.638134943482257;-3.2591340053614535;26.818916121827428;-0.289518859357932;-2.1886745687371962;26.909633581440236;19.66176328405855;34.346614226184926;18.95426333258398;34.47187476045902;-1712.413485607847;426.1915324742691;-2.911930614503552;1781.4970047775087;-1725.3730786697904;443.04291613182016;-23.07145201709731;0.6281655347023268;1.591937068743953;21.654043641095388;20.183379840704998;28.863208880160446;-1851.6110961083557;-1868.6480462635989;90.61645471015119;-90.05030890050688;1764.6551072048853;-139.50734839721918;-196.5161698002359;16.705211203967153;-144.17749846225726;-203.19857416584273;17.290037811282502;36.297674709088575;36.62782228503674;69.76212245414537;30.279253394873894;81.01253785182168;28.49619018036591;nan;nan;nan;nan;[14.62410425 27.42073094  6.41015089];[-143.53547258 -204.90289385   14.5210464 ];[[-0.57333776 -0.58377273 -0.57488538] [ 0.73346776 -0.05302035 -0.67765322] [ 0.36511484 -0.81018408  0.45857705]];577.9923661117291;836.9818142639815;40.97106956310173;593.9024007253724;1012.1339997770043;315.9525234487873;1215.3029631189147;1017.9844602120436;1272.407581975182;966.242607867189;1278.164442244496;-5495.677173882199;-34639.11791521832;-18352.11626844016;51290.445872896504;-5566.776073202067;-37344.13121061889;-34715.07894439289;0.01908883068184026;52.386655666202124;24.398664621553976;-900.870813940936;-902.4771385970657;9806.97806212104;9795.932409587178;33.610022427617714;-113.89610399068312;39583.72303200237;71.16135853428048;81.67585545318597;-909.2076496384761;-919.6414515284473;11358.632769001057;11369.720962718879;138.5384423889149;91.77463908594822;25.4232161608568;131.61739292877422;nan;0.8400331813198433;138.5384423889149;25.4232161608568;nan;24.583182979536957;229.1548970990661;59.03323858847452;444.84301177107665;-350.210987663515;123.15180749535617;74.35742838332372;nan;-24.304459624167542;nan;-325.90652803934773;145.19707742744248;-61.92235376470596;
300.55;-85.8427346517731;-150.6476156265059;14.538798959051107;-85.44756014169425;-150.72097535746246;14.626630672024827;1.130233471852125;1.1349919868630887;0.8934872107929368;20.378910306327644;1.341202318099326;20.35090758808802;nan;nan;nan;nan;[0.14104456 0.36781662 0.10407168];[ -85.80992686 -150.71527841   14.6180251 ];[[ 0.60284336  0.60651435  0.51838232] [ 0.38509329  0.3478408  -0.85481573] [-0.69877253  0.71494554 -0.02387109]];12.272292065500281;5.243670664252991;-3.2242624482859523;22.47761877862812;0.2932517116338905;-1.9838621278417;22.566901680691487;13.729570383355608;31.96793658384659;12.219258334304223;32.082001634894915;-1539.3193149700983;344.9023213781959;19.337411139497057;1615.5589581713564;-1571.7271718121444;373.6822814251854;-8.123870012788537;0.8252362589632702;1.2117741908920512;26.4752310092342;12.871095047570126;24.232941193285868;-1659.0355954461556;-1698.3896335223992;89.25543505242773;-89.93428839009205;1577.604354773927;-138.89197305539744;-196.70614067930933;16.32087052662824;-141.72032502908178;-199.3978670910873;17.643627435354396;40.62909863579383;41.16743693509798;69.40732820694687;29.82019388526172;77.17320766240363;28.505885177314735;nan;nan;nan;nan;[14.34990991 25.7306861   5.90939247];[-141.41683136 -202.74525119   14.68710257];[[-0.57117796 -0.58752561 -0.57320973] [ 0.72912151 -0.04240891 -0.68306904] [-0.37701135  0.80809352 -0.45260059]];555.9190241484353;701.3892605233777;-20.838407038826745;577.3462026934714;919.6382669936418;270.00465534007554;1118.912728405997;895.2246061160266;1183.8035090101716;832.0964912833982;1189.009898659629;-5101.512562316869;-30490.847513504723;-11633.632882026366;46184.901032405134;-5227.696709196676;-34252.51701996137;-30536.557570999514;0.020711876486771492;48.281477568615855;24.626626162586923;-860.417099784085;-866.0621418744244;9611.214411435376;9615.490417111365;34.724204593082455;-111.02554143678216;33031.17658438826;70.27649112125803;77.7877565956224;-862.6879047926926;-879.7454123117756;10972.062864657206;11021.948823854776;140.62832048818746;92.23233481607681;24.08897082839296;131.72853403365392;nan;0.733057665858562;140.62832048818746;24.08897082839296;nan;23.355913162534396;229.8837555406152;58.813175421475414;531.1016767791294;-518.6996299780141;279.5167872729196;93.5295882835724;nan;-26.518154505942388;nan;-492.1814754720715;80.91158474882232;-167.38342845301094;
300.554166667;-86.05941178129557;-151.35497946468985;14.420875792947172;-85.38256539222454;-150.70235398986085;14.61309140663855;1.1943541647363887;1.203944031772474;0.3606061364887734;20.301206262851668;1.409787197061147;20.317785350726183;nan;nan;nan;nan;[0.13180733 0.35084344 0.09814683];[ -85.81109509 -150.70991865   14.61548823];[[ 0.60152496  0.60549749  0.52109548] [ 0.389134    0.34759078 -0.8530858 ] [-0.6976693   0.71592837 -0.02653513]];6.212357267585907;6.515960187313046;-3.100596136459644;18.702845211545334;0.6167314942033589;-1.7344470257747786;18.79321907572477;9.52180741163171;30.043268849158427;6.264272861306535;30.1463123420675;-1370.0942367712673;266.2333575729971;39.70955166592174;1453.0542536992232;-1420.409698594476;306.2297955307438;5.124905984989746;1.059945520870205;0.9434447151387645;31.95344873772863;6.351833288278051;20.22983720750097;-1470.960039863473;-1530.919890667789;88.11940525728987;-89.82563240156568;1396.2862410021598;-137.1184208275961;-195.62915131867362;16.125833270534358;-139.35857989401;-196.19892890056343;17.675850454232478;44.34969644130783;45.14387805157047;67.35780004594925;29.37726752868232;73.50414106502073;28.47795958099012;nan;nan;nan;nan;[14.26520285 24.33811247  5.5044235 ];[-139.45516817 -201.05680863   14.75284411];[[-0.56827885 -0.59233019 -0.57114279] [-0.7281161   0.03866832  0.68436226] [ 0.3832833  -0.80476686  0.45325954]];535.4632148107237;582.5119213752238;-58.61920763297631;561.9365450275737;836.5549385662764;232.3283234586991;1034.2017674314247;793.3959947360512;1105.4422480930637;720.5440629245433;1110.1608554385455;-4719.26151360207;-26615.81491083503;-6818.351784695793;41643.964944820495;-4897.066732356059;-31368.74562783706;-26948.846941573276;0.022364451823979847;44.71381672443988;24.828138968323604;-820.7739465269616;-830.0363640361666;9417.908830251494;9435.73676632301;36.01242771010561;-108.49143713362932;27877.642541317196;67.60274830320637;74.09686679748259;-817.7636415358994;-840.8604765440217;10592.801606285086;10678.025628816658;142.24546748700382;92.80090414840859;22.504791263663495;132.23703816530136;nan;0.637496017785298;142.24546748700382;22.504791263663495;nan;21.867295245878196;230.36487274429368;58.517218973769104;704.3901682821064;-678.3890551550533;499.72541080859037;217.66970407476734;nan;-29.870896373506298;nan;-648.5181587815471;12.135770337747214;-243.63200550109912;
300.558333333;-86.02542085880472;-151.33610167471215;14.50456533901496;-85.34430053406277;-150.67774094386832;14.5998851443374;1.232060624637901;1.2513192021377377;0.40604315722244744;20.379401350018462;1.4495628643759826;20.29357831869327;nan;nan;nan;nan;[0.13208014 0.35664959 0.08867921];[ -85.80407406 -150.68999144   14.60042203];[[ 0.59900618  0.59271838  0.53840182] [-0.33777966 -0.42259032  0.84102457] [-0.72601412  0.6856401   0.052926  ]];0.8494663529182899;7.465921209707717;-2.895956741664092;14.588579685086787;1.1535912836034943;-1.5469490513159014;14.715654298912435;8.052834162199886;27.55674402673417;1.0664674376990408;27.65136853068459;-1204.7382510113532;190.18464105867218;58.204490964770486;1295.1510986601543;-1272.6334074066283;239.6908569157596;19.206036139416533;1.6502493876031437;0.6059690174782738;45.63165398415108;0.6068447916641203;15.842523422247023;-1287.3844293603079;-1367.2075611383582;85.50385095217861;-89.52373723964448;1221.045541293599;-135.82660678824016;-194.90616484028055;16.02022935746173;-137.08541992142457;-193.52974101090828;17.503347204486218;47.563236063149176;48.65408853278372;65.90785897691777;29.091713045635885;70.00193938518204;28.414994673266964;nan;nan;nan;nan;[6.56822763 3.56755069 0.84367318];[-135.22992383 -194.26225958   16.11952607];[[ 0.60570233  0.57039849 -0.55477045] [ 0.09451875  0.64070338  0.76194842] [ 0.79005753 -0.51395014  0.33416217]];516.5752982533837;479.2113059901712;-80.30134175718646;546.0715644586129;746.7264613305579;183.67370981619712;943.1492953075768;709.1839112969092;1017.1824666963529;627.4118336998883;1021.3506819468494;-4348.924027737799;-23014.020107209246;-3906.2729764484307;36667.07857862801;-4571.6052826014975;-28407.806034746813;-22728.21226853476;0.024382383695310653;41.01321726769172;24.902964214695277;-781.9311122133082;-794.9549065844947;9227.061318569387;9261.777484297607;37.65183960578815;-104.91204513477196;23744.835865101235;66.18765565909274;70.59647477570512;-774.4044071765476;-802.4959022446276;10220.848993884692;10343.253951805946;145.05416779467618;94.56164137668236;19.76647391191344;132.50794726934964;nan;0.5120730449759098;145.05416779467618;19.76647391191344;nan;19.25440086693753;230.55801874685477;57.41831351770159;894.6249107245065;-770.3295109439646;804.9856059890897;558.8610816514109;nan;-30.50736583252448;nan;-739.82214511144;-65.75283863778691;-243.2533184012952;
300.5625;-85.89168001409502;-150.91134127868423;14.580346940677586;-85.32982763182353;-150.64850200010648;14.587365568116642;1.2465564385805623;1.2862637370506795;0.6883503260974093;20.430510640158694;1.46379452066158;20.27756235595317;nan;nan;nan;nan;[0.12839335 0.34892078 0.09020553];[ -85.80700154 -150.69686224   14.59716413];[[ 0.60185578  0.59525945  0.5323869 ] [ 0.33595627  0.41606798 -0.84499753] [-0.7245019   0.68742536  0.05043177]];-3.8325018969980604;8.10447142848231;-2.6181659356808513;10.906448428825383;1.475377328528075;-1.3130732417386162;11.08384035117487;9.339449705006146;25.551740518747447;-3.3982709400576816;25.637763825828632;-1043.2513576903566;116.75617183522131;74.82222903604321;1139.089391915453;-1125.2609419479184;174.02430831309476;32.06236761296533;2.748708228245152;0.36380725670488007;70.47073238186107;-4.382620213436302;11.936262837512121;-1108.3087639366595;-1204.1105932488365;82.35061860775878;-89.08187210292472;1052.4275580496314;-133.80355543113458;-193.13846925049336;15.897423773963482;-134.89420880839643;-191.32302855054778;17.209716316277447;50.35423029900689;51.77774106196789;63.21917196443867;28.677134341758503;66.66324662321414;28.31949518732292;nan;nan;nan;nan;[6.92931106 4.10739519 0.73014172];[-133.66668081 -193.41240025   15.96904754];[[ 0.60994754  0.57662669 -0.54356753] [ 0.1588084   0.5830787   0.79674282] [ 0.77636582 -0.57229441  0.26407426]];499.20563463120476;390.3489235388716;-92.67967571003163;531.0252419537977;664.8287080360567;145.83458248655035;863.2802233747789;640.4436509523819;939.8500716024973;549.6424835374569;943.531394005937;-3990.5001047240594;-19685.463102627375;-2080.0933250126213;32227.695426076898;-4249.700951077183;-25588.4324068637;-19125.807728348605;0.02635456965056005;37.94408382527883;24.866363840819485;-743.8783548868676;-759.8493347942937;9038.671876389057;9086.644833837307;39.63540312388527;-101.94188153806904;20193.274546033106;63.878109193292836;67.2799961334432;-732.5797490230881;-764.5966071688524;9856.205027456024;10008.251792132181;148.11538555601604;96.96528257180972;16.851549137376526;134.05095236592277;nan;0.38857188133963855;148.11538555601604;16.851549137376526;nan;16.462977256036886;230.4660041637748;56.48695226126179;1311.7511080551167;-858.9638602087864;1586.4608837699668;1221.654093881221;nan;-30.375663689848867;nan;-828.5881965189373;-179.84585951017593;-245.77381847570635;
300.566666667;-85.86963855517625;-150.91979917329485;14.61881162096303;-85.33627592186517;-150.6159574487925;14.575853770672428;1.2409478532853848;1.321381392796552;0.7113333798424911;20.465863887580472;1.4556692424891688;20.269026904176116;nan;nan;nan;nan;[0.16007931 0.40436761 0.09780446];[ -85.78656406 -150.65176077   14.60708374];[[ 0.59610652  0.59155815  0.54287749] [-0.34977218 -0.41728353  0.83876926] [ 0.72271463 -0.68987927 -0.04183484]];-7.849668700658615;8.44252854068211;-2.275045390291485;7.425765818291361;1.6625509218925898;-1.0506002823314669;7.681785893216839;11.750294396236125;23.74840760446914;-7.155876769905037;23.82476830476096;-885.6335568082769;45.94794990264451;89.56276587974;981.3081333244484;-974.4134166204653;107.32196107056845;44.34120781747294;5.562865491699943;0.17976346929330703;132.5339814503013;-8.635311498187857;8.257985591068213;-933.7330435925286;-1037.2924829051406;77.50070304083344;-88.24613724700407;891.3357953527753;-131.7285960718794;-191.88075967399294;15.718470932544335;-132.7785170846848;-189.51626035969696;16.84669715423463;52.79166801064349;54.58351113046289;60.829285899152765;28.207765940082616;63.48474945426147;28.193889307638425;nan;nan;nan;nan;[7.16501365 4.35459669 0.58156139];[-132.23622841 -192.80846776   15.79422064];[[-0.59702988 -0.57956728  0.55466845] [-0.21677851 -0.54914051 -0.80712563] [ 0.77237452 -0.60211832  0.20221556]];483.3045840989765;314.7862831919763;-98.00850283302539;516.1252423338304;585.1519567210813;109.87038606110328;787.9464321652084;585.046486806369;864.4779759171171;485.3040596909463;867.6898799589295;-3643.9897445608494;-16630.14389708941;-522.5096981166963;27951.422587433066;-3922.186428222262;-22793.053509514524;-15696.343204579216;0.0284072258692074;35.20231101073374;24.64866240441877;-706.6054325913819;-723.8115494797086;8852.740503710504;8906.158616659824;42.0441412103064;-98.98340359261104;17032.714512989136;61.49840258299463;64.14097336006489;-692.2592143839723;-726.0255567275801;9498.869706999085;9664.500042086996;152.50937538404028;101.26985475991867;13.347061320719574;137.16512294977383;nan;0.25784499637177033;152.50937538404028;13.347061320719574;nan;13.089216324347804;230.0100784248737;55.391202531025975;2093.3471068079502;-851.1824107027754;7002.768769200531;3010.488988142609;nan;-26.62957299154754;nan;-824.5528377112279;-770.2158821706055;-172.06863573291588;
300.570833333;-85.65472349498526;-150.30167022779995;14.740272815462916;-85.36084181228979;-150.58138208973938;14.565638254401827;1.2182375140801074;1.3650081643787113;1.3150229947702368;20.54865271540211;1.4282959823834602;20.267274982738698;nan;nan;nan;nan;[0.19027415 0.46088828 0.09928865];[ -85.76269176 -150.59580235   14.60805791];[[-5.87260074e-01 -5.87277628e-01 -5.56983476e-01] [ 3.94048704e-01  3.93644855e-01 -8.30523538e-01] [-7.07001573e-01  7.07211931e-01 -2.44081849e-04]];-11.218155276558816;8.49101024335243;-1.8744167772775497;4.421169821337149;1.6396284453704508;-0.7569587123246938;4.775783759775409;14.193579570236674;22.323721821544243;-10.23485994781268;22.39058995689017;-731.8848483651157;-22.24002473905812;102.42610149586085;829.030372251907;-826.102478111555;42.474348087631036;55.154179611469125;14.629006122681153;0.06835734373298105;327.55207756978945;-12.169978833755176;5.1054868893538226;-763.6572683279155;-873.4578490976219;69.9206438780593;-86.63597833425658;739.3518487394635;-131.08952279457952;-192.13573264281104;15.529754212982624;-130.73212211273744;-188.0516489903597;16.44717666706935;54.934584328481534;57.131536927833906;60.52259475220071;27.940469526581463;60.463177228286206;28.04052866999673;nan;nan;nan;nan;[7.08225979 4.24153837 0.53661859];[-130.67827624 -191.99492868   15.65186066];[[ 0.59832479  0.57887995 -0.55399048] [ 0.20352949  0.5589243   0.80385283] [ 0.77497303 -0.59371847  0.21659913]];468.8225068114886;251.3848941201365;-97.40697322841629;502.2087591665049;513.1334775881824;80.32462311813592;722.4760540560308;540.8114517263127;797.3383538619566;432.9580463754051;800.1306585367619;-3309.3929472481705;-13848.062490595348;766.477904239345;24126.69529372715;-3603.0113070175985;-20174.949716506027;-12731.344754357742;0.030235104547517162;33.07413733028146;24.19203411253275;-670.1021033705947;-688.2337997068952;8669.267200533734;8726.957076636434;44.74532013832295;-96.48091445741392;14258.625628033611;61.765953780496936;61.17307583115308;-653.4123505676516;-688.4304720934228;9148.843032513876;9325.312818380322;159.04664478979873;110.18578993654742;9.693516968976484;144.23140314825702;nan;0.1354413505911282;159.04664478979873;9.693516968976484;nan;9.558075618385356;228.96728866785804;54.438837107299435;-4697.543308835394;-605.1159591819758;-24306.221108368492;-35610.41930593014;nan;-6.338769430779196;nan;-598.7771897511966;-11561.224883736371;128.03073177078025;
300.575;-85.71470664652699;-150.64035446485178;14.600213413042198;-85.40078888294317;-150.5460052323557;14.556974931402825;1.1813155468695637;1.4190668700376223;0.9961963328893036;20.422828502323494;1.3847055688226457;20.271623188723833;nan;nan;nan;nan;[0.18510266 0.45126176 0.10223941];[ -85.74994565 -150.57170612   14.60385901];[[-0.58917707 -0.59021652 -0.55182862] [ 0.40003711  0.38030274 -0.83387058] [-0.70202613  0.71204935 -0.01204285]];-13.954082843194183;8.260834233538564;-1.4241017684206057;1.8765525125319489;1.4189856521464428;-0.43943521977543154;2.3933392834419687;16.27838677742815;21.19162245276666;-12.667316707767126;21.25007385600846;-582.0052323608712;-87.8077520898868;113.4122358844057;683.8848958740256;-680.5286652401302;-20.4435622240984;64.50850606472815;69.13794398651291;0.014463837689403595;1469.1864159659751;-15.005371991302908;2.459946601384113;-598.0814381428189;-712.8251278498385;53.6376781327005;-82.09570777774462;599.4185741790212;-128.43908656922267;-189.62070037010938;15.671068837762462;-128.7490080876904;-186.87615070632864;16.03819623719294;56.835868508064365;59.47286186131069;56.8731503066798;27.693860797867302;57.59530197006824;27.86168836148384;nan;nan;nan;nan;[6.81961891 3.62253024 0.57922818];[-129.02532853 -191.06998763   15.55360402];[[-0.59339045 -0.57576159  0.56248232] [ 0.15660227  0.60287505  0.78231541] [ 0.78953373 -0.5523045   0.26757473]];455.70976292353015;199.00626549400374;-91.9942369984528;489.2420886125865;448.00976929852067;55.81297846593056;665.7219113279643;505.70527125057487;737.2380746782716;391.21511307617334;739.6528295467099;-2986.7097127860197;-11339.218883145197;1786.8694820555017;20691.340611933618;-3292.558039164866;-17727.927103925947;-10149.44522994592;0.0316749629000326;31.57067628322213;23.42847593479617;-634.3581252682476;-653.1585102306599;8488.251966858737;8549.312879873334;47.70342266838342;-94.39013359316857;11861.33307576464;57.84450482122763;58.37009980850539;-616.0087048825767;-651.8320882378655;8806.12500400039;8991.169842121135;169.953934607424;159.62626116987002;6.253874564869563;162.25253118427275;nan;0.03593188810907598;169.953934607424;6.253874564869563;nan;6.2179426767604875;223.5916127401245;53.95729723325298;-13819.408867842872;74.20326409636611;-30536.719447440166;-32726.032520100864;nan;14.048800512314493;nan;60.154463584051605;-10905.105209427848;846.7241477613278;
300.579166667;-85.84908705722461;-150.88100259990063;14.559866576654287;-85.45344788541483;-150.51101069564552;14.550087123474308;1.1329470145150793;1.4826674206557555;0.7342088958060471;20.404148726401793;1.3278507062383973;20.28140169692075;nan;nan;nan;nan;[0.1813296  0.4327302  0.09679299];[ -85.75858166 -150.60678722   14.5872646 ];[[ 0.5931164   0.59235572  0.54527759] [-0.37956139 -0.39155535  0.83822286] [ 0.71003246 -0.70413004 -0.00740254]];-16.07357261906016;7.7629182082858;-0.9319220355022163;-0.2017511899356324;1.0012339303169309;-0.10199084024461783;1.0264380436013347;17.874314379270338;20.339539366177743;-14.490231317462763;20.39077084231102;-435.9947087955434;-150.75523214984156;122.52116904537459;548.7960355010908;-537.8925608918636;-81.32358530969674;72.35437783081186;520.5701714567508;0.0019209706103629114;10614.827073517163;-17.160240741995683;0.3276633913394446;-437.0055530372394;-555.6208794373761;12.723297420603188;63.751420642999165;477.3153705701384;-127.08472220965336;-189.68674261182298;15.388525660502367;-126.82336603736815;-185.94146548318582;15.642134121590713;58.542568048273296;61.64969418644421;55.91949570075145;27.236597615766733;54.87793837920517;27.659566920488544;nan;nan;nan;nan;[6.87106646 3.57009533 0.52274252];[-127.49502081 -190.32828181   15.42317779];[[-0.59448312 -0.57525237  0.56184921] [ 0.14730871  0.60898791  0.77938044] [-0.79049982  0.5460938  -0.27729335]];443.9167125898908;156.51190648422957;-82.88944424538346;477.2356026395264;389.55748909459413;35.843848481790566;617.0847909407445;477.9421351536737;683.8024193919533;358.7200699974315;685.879458889262;-2675.940041174399;-9103.613074738952;2538.6650353317746;17621.740678052003;-2991.337415598988;-15452.542600940495;-7924.428822108848;0.032542118460980075;30.72940691304591;22.319970601127277;-599.3632563280836;-618.6237518210559;8309.694802685515;8373.419486667332;50.85487589625703;-92.71460264488118;9822.486766605212;56.629936784128354;55.7259684401342;-580.0178246371988;-616.2726507619601;8470.71562145863;8662.495877537984;119.90045054953939;-92.36605263300581;4.650883975797939;-152.52209106755762;nan;0.0826182720013496;119.90045054953939;4.650883975797939;nan;4.568265703796589;132.62374797014257;55.505759872054966;-9898.22022929461;756.0662441616736;-1512.9742293003776;6999.9299754620015;nan;13.954797855756361;nan;742.1114463059172;253.83889992844965;1554.8022324640542;
300.583333333;-85.78829018989043;-150.4691578649494;14.638130607220134;-85.51621674303806;-150.47753680820878;14.545165562116082;1.0757545743049337;1.55397416923999;1.0826615214552655;20.467511260098224;1.2606059750158665;20.29595425982505;nan;nan;nan;nan;[0.18236362 0.43446943 0.10043723];[ -85.76050755 -150.61465226   14.58276881];[[ 0.59431025  0.5921859   0.544161  ] [-0.36841009 -0.40098749  0.83873896] [ 0.71489114 -0.69894556 -0.02014371]];-17.592745822652212;7.008179864639459;-0.4056992503039334;-1.8228530838035693;0.3936476545454958;0.24980460084178074;1.8815297445597488;18.941591339623024;19.74611253050466;-15.747043138979112;19.791388117963102;-293.8532776691339;-211.0824649189221;129.75290097876754;429.4670382006291;-398.26248823658955;-140.13434227847094;78.6847728509228;63.02038579951855;0.015867881278626504;1247.260914702042;-18.65333485699813;-1.3021623403295697;-280.42961301117816;-401.92094457191365;77.92354195280363;91.6422884238938;384.37139735618587;-126.323992554727;-190.47712144820724;14.971802548057397;-124.94959382228346;-185.20403700830187;15.276705451821947;60.095994450362845;63.69624278891668;55.91352721694894;26.735372344825322;52.307943830112386;27.436286336702445;nan;nan;nan;nan;[6.94804857 3.60236502 0.46561941];[-125.82147958 -189.39936172   15.35018247];[[ 0.60607552  0.58154501 -0.54265815] [-0.2108226  -0.54039027 -0.81457485] [ 0.76695912 -0.60809848  0.20491448]];433.39371596536034;122.76332626146532;-71.21174507145678;466.16225858621124;337.2315094714451;19.531345475591795;575.685518114425;456.03953770387557;636.2392165348159;334.1651253616514;638.0135159811763;-2377.083932413309;-7141.245065376617;3021.8645640681625;14878.856084499655;-2699.5022872044024;-13342.385227298228;-6006.147037078322;0.03266957184654838;30.609522668282303;20.843628399415984;-565.1072545938455;-584.6384017386566;8133.595708014074;8199.355856978227;54.14109669891891;-91.4059627903884;8110.460809909279;56.95517231344317;53.23473176026677;-545.4092571399694;-581.7487048214235;8142.614884888603;8339.444683359341;54.792194042171474;-94.84640089189992;6.872235099005385;-110.46440648298643;nan;0.15300522571159028;54.792194042171474;6.872235099005385;nan;6.719229873293795;132.7157359949751;61.013331797924295;-3272.1354206391275;1023.3244517665196;-2885.607316919277;2653.6203712341485;nan;6.7513686783640825;nan;1016.5730830881555;591.1993479045586;1817.8877651233063;
300.5875;-85.74979997221479;-150.4474305602168;14.553659447344046;-85.58656055088986;-150.44667640824102;14.542368388528857;1.012195086869666;1.6308405453048098;1.107442630066223;20.37839197748918;1.1857678314936884;20.314638207638644;nan;nan;nan;nan;[0.21186363 0.47549864 0.10150404];[ -85.70328903 -150.48785859   14.60654362];[[ 0.59342956  0.591684    0.54566601] [-0.37189635 -0.39967238  0.8378276 ] [-0.71381683  0.70012286  0.01713228]];-18.527723672465857;6.00753689964482;0.1467449153926771;-3.002500235362359;-0.393777591556764;0.6099135588243154;3.0890229853791973;19.477899736728276;19.3930165092431;-16.48931347588564;19.43364006643026;-155.58093898164125;-268.78945039712863;135.10743168458453;337.9268769386364;-261.64504924341844;-196.88029688303504;83.51401716572758;17.103686815917783;0.058466926503199075;332.38689338949484;-19.503404107474907;-2.4476427243825234;-128.35361806463357;-251.73082816864095;97.32379016405174;88.51666158795757;338.68453657585894;-124.62896790436987;-189.3534530192041;14.861947668057255;-123.12229613563757;-184.62505268083646;14.954962234019888;61.53190196491584;65.63988843184484;53.917114485287776;26.386506392990636;49.88221837202301;27.193892051119892;nan;nan;nan;nan;[7.02016285 3.58257248 0.42980551];[-124.16421558 -188.52095559   15.26686928];[[ 0.61187913  0.58449012 -0.53289327] [ 0.21582492  0.52478988  0.82341678] [ 0.76093596 -0.61884319  0.19496044]];424.09113320472784;96.62203399636235;-58.08028957892118;455.9793186038054;290.39313037439655;6.033026743785652;540.6308413092275;438.81935549156873;593.7351421693384;316.2959413445327;595.2362830933164;-2090.1413865027503;-5452.11485505819;3236.4680682646667;12424.901081026748;-2417.038466175323;-11388.126166147293;-4341.2756593240965;0.03192554616528281;31.322878387823554;19.00324343514702;-531.5798781092757;-551.198077764724;7959.954682844411;8027.147517275225;57.51100913210415;-90.40718576995745;6675.999772709302;55.003302849037816;50.89056668934508;-512.1525496993393;-548.2365514598497;7821.8227942903;8022.043549080325;37.41528197215932;-104.97417121049749;10.951436010472822;-94.189341272094;nan;0.19890825413254684;37.41528197215932;10.951436010472822;nan;10.752527756340275;134.73907213621106;68.46244514257697;-2043.5792903759482;1065.215218639113;-4620.8009151376955;980.3400064108708;nan;-0.2093006221253785;nan;1065.4245192612382;971.70432230673;1822.8186897255368;
