dt;xt_48;yt_48;zt_48;xt_avg_48;yt_avg_48;zt_avg_48;xxt_48;xpt_48;xp_48;wd_48;xp_avg_48;wd_avg_48;disSTL_48;disSTL_avg_48;disSTLz_48;disSTLz_avg_48;PCAsigma_48;PCAmu_48;PCAwt_48;vxt_48;vyt_48;vzt_48;vxt_avg_48;vyt_avg_48;vzt_avg_48;vavg_48;vv_48;vv_avg_48;vvt_48;vpvt_avg_48;axt_48;ayt_48;azt_48;aavg_48;axt_avg_48;ayt_avg_48;azt_avg_48;curvature_48;curveRadius_48;turnRate_48;vxp_48;vxp_avg_48;axp_48;axp_avg_48;thetaToR_48;psiToR_48;aa_48;xt_49;yt_49;zt_49;xt_avg_49;yt_avg_49;zt_avg_49;xxt_49;xpt_49;xp_49;wd_49;xp_avg_49;wd_avg_49;disSTL_49;disSTL_avg_49;disSTLz_49;disSTLz_avg_49;PCAsigma_49;PCAmu_49;PCAwt_49;vxt_49;vyt_49;vzt_49;vxt_avg_49;vyt_avg_49;vzt_avg_49;vavg_49;vv_49;vv_avg_49;vvt_49;vpvt_avg_49;axt_49;ayt_49;azt_49;aavg_49;axt_avg_49;ayt_avg_49;azt_avg_49;curvature_49;curveRadius_49;turnRate_49;vxp_49;vxp_avg_49;axp_49;axp_avg_49;thetaToR_49;psiToR_49;aa_49;xb__48-49;xb_avg__48-49;vxb__48-49;vxb_avg__48-49;axb__48-49;axb_avg__48-49;phi1to2__48-49;psi1to2__48-49;phi2to1__48-49;psi2to1__48-49;phiO1to2__48-49;phiO2to1__48-49;phi1to2__48-49;phi2to1__48-49;phiE1to2__48-49;phiE2to1__48-49;alpha1to2__48-49;alpha2to1__48-49;dphi1to2__48-49;dphi2to1__48-49;dpsi1to2__48-49;dpsi2to1__48-49;dphiO1to2__48-49;dphiO2to1__48-49;dphiE1to2__48-49;dphiE2to1__48-49;dalpha1to2__48-49;dalpha2to1__48-49;
454.908333333;-84.93341603019323;-148.8531297844072;15.059512925243723;-85.04928067518121;-148.61189621078523;15.037543463414606;0.0;0.0;2.951307460826882;20.74832147681958;1.52849199166267;20.738151923183715;nan;nan;nan;nan;[nan nan nan];[nan nan nan];[[nan nan nan] [nan nan nan] [nan nan nan]];;;;;;;;;;;;;;;;;;;;;;;;;;;;;-137.9373687634218;-197.40093921629114;16.52219784963033;-137.40185180975712;-195.28824045114933;16.144618131801707;0.0;0.0;69.15541935467513;29.904623121431385;66.19169032439056;30.092391122075426;nan;nan;nan;nan;[nan nan nan];[nan nan nan];[[nan nan nan] [nan nan nan] [nan nan nan]];;;;;;;;;;;;;;;;;;;;;;;;;;;;;71.891920639032;68.93270044842014;;;;;;;;;;;;;;;;;;;;;;;;;;;
454.9125;-85.40898800712061;-149.67295299366236;14.941880433722943;-85.20178212510183;-149.06591327822244;14.9927403778355;0.48103586792419245;0.48103586792419245;2.003718943427409;20.70666693203418;1.6233273272236146;20.72065807513731;nan;nan;nan;nan;[nan nan nan];[nan nan nan];[[nan nan nan] [nan nan nan] [nan nan nan]];-29.222065314819194;-86.00364675174458;-9.806801138550243;-25.449937120270643;-73.87676722722449;-9.119588221098411;78.66792818355925;91.36043839886877;78.69442165577492;91.55171788701158;78.88678760903439;1102.0571508372407;3464.2953135165812;157.47204064705673;3377.5340309652775;1013.7232847024279;3217.6846442027554;163.11579580918823;0.03972294626368244;25.17436630611339;3.133615625108203;15.686944086994743;11.889087422940122;-1073.4936132088774;-1001.3088808838368;159.90035887337257;108.59863125636791;3638.773066096592;-135.56603383757783;-195.29259758494186;16.234617869641667;-136.03697768427168;-194.88494214080802;16.161848673511162;1.4233157756139048;1.4233157756139048;65.97531550491256;29.275756404493436;65.40006986182331;29.65490586366489;nan;nan;nan;nan;[nan nan nan];[nan nan nan];[[nan nan nan] [nan nan nan] [nan nan nan]];320.34717352833127;126.83317532389889;-7.666054284089483;316.79027249457994;141.70867505014348;-13.044596414126444;347.28603027945826;344.6269495245841;348.2942233686981;344.06483661092017;348.35872863703435;-1069.9560926558927;4455.353840905849;-1711.6973407947564;4430.191902125339;-970.1736552893393;4048.5644566783267;-1514.757145010506;0.03609145081514628;27.707392676504323;12.572771920630416;-236.01830929533006;-259.2853940058084;-6867.317050161365;-6280.382654694984;65.91785466262385;-89.03739299944257;4891.3077672918735;67.81262706274893;67.73350676424046;-312.3760906516482;-324.5006219909464;-3644.84334827188;-3304.211864128927;29.630071007597078;76.01637301972262;18.24498213182669;-86.74278608748398;nan;6.430161821289586;29.630071007597078;18.24498213182669;nan;11.814820310537103;189.53042988096965;84.16283679445054;;;;;;;;;;;
454.916666667;-85.35804462521065;-149.78187646297528;14.879842056042392;-85.33339557949117;-149.45510715005364;14.950533819615565;0.8940339171793176;0.89404357342619;1.9262702836587156;20.64011506688352;1.6982245970096546;20.70201164008233;nan;nan;nan;nan;[0.26049459 0.46707545 0.0998427 ];[ -85.39580426 -149.70812655   14.8988645 ];[[-0.57743478 -0.5815091  -0.57307612] [ 0.57227305  0.2123441  -0.7920944 ] [ 0.58229943 -0.78533888  0.21016711]];-24.832591717699742;-72.11766002229695;-9.135838889181985;-24.251386477117755;-69.8603854787766;-8.763257188343411;74.46742832846347;76.81847467060686;75.11489980769386;76.99660992007529;75.31252374004634;1005.6037060933312;3202.1062723520486;164.44542698529568;3266.6112347260246;979.2304139056325;3112.053663233794;164.2521003628639;0.04335670666294806;23.064482451905967;3.2653029998435015;11.369472999158928;10.623526198585207;-998.9539400765715;-967.4871314389387;159.74042259655025;108.72641636628596;3360.322260081814;-135.15878752461862;-196.16557195211675;15.679516162600649;-134.69259397820022;-194.3964405887412;16.14541338674075;2.852259740078727;2.853795217679864;66.24718279497164;28.685128225577536;64.4781098591584;29.234836202395638;nan;nan;nan;nan;[1.47474216 0.78900592 0.37386618];[-135.34858449 -195.99117122   15.94117227];[[-0.6268193  -0.55448485  0.54739759] [ 0.01914924  0.69136907  0.72224796] [ 0.77892931 -0.46320121  0.42274551]];316.1126027258478;144.48212368982152;-14.344105303136022;315.8010522863039;145.94028298809764;-14.283563618953668;348.1851389899339;347.86206321612315;349.87076468408884;346.61304813173837;349.9287330756761;-963.1785953512242;4018.5305413496767;-1495.498818751489;4241.2604785720405;-928.3445099462236;3880.0336545780146;-1439.3768642339012;0.03428581189523796;29.16658363102355;11.997590718971566;-263.32810573740034;-266.16264375256833;-6243.98681501898;-6028.084296461941;65.2193411813262;-88.91392964473057;4394.635074177375;68.06027240056444;66.46463762382118;-326.81018757723433;-327.81071981568647;-3284.821859448223;-3155.5078396343874;29.270010731169634;75.58047525762935;17.82425621869157;-86.09999467775923;nan;6.002283290645243;29.270010731169634;17.82425621869157;nan;11.821972928046327;189.01043332771988;83.04359740001777;-112.48325285658693;-254.37308233140476;-188.8634945646619;426.4515405158416;nan;-181.4458918915741;nan;-72.92719043983058;-204.7975605762211;-576.5701163065572;
454.920833333;-85.58772252738393;-150.0167612488142;14.855412611998347;-85.44586990339455;-149.784147214743;14.911059897413244;1.2439668503152617;1.2440093263825907;1.6085772864817567;20.64966462442947;1.7544842916434715;20.682648076462804;nan;nan;nan;nan;[0.29693548 0.57405454 0.15905288];[ -85.50713684 -149.93001508   14.86112037];[[ 0.58226971  0.59154288  0.55770871] [-0.49652101 -0.28445046  0.8200944 ] [ 0.6437615  -0.75443022  0.12808658]];-20.83608834478814;-59.31002818443765;-8.437626014213249;-21.788878841022612;-61.763432432745;-8.093978290843;65.99234282547982;63.42724614474707;68.16591374691646;63.58635983738746;68.35792038607461;913.431443217296;2946.6849655537108;170.552340935296;3050.888434705895;911.665166192079;2906.7184076630983;166.65822609958224;0.053740764018922874;18.607848590464513;3.6736068682923526;7.36181599367781;8.101904245923928;-924.7828536784839;-902.1882858569219;159.37699351854147;109.17094196960966;3089.7244842666496;-134.6175752528402;-195.87597539372535;15.537441889831442;-133.36679059233813;-193.8305684043099;16.099246100387138;4.290522747368965;4.296049482851468;65.6505019011784;28.468725173082614;63.43690301905192;28.831155336754495;nan;nan;nan;nan;[3.27501919 3.18429332 0.36366984];[-133.52614203 -194.16625847   16.01713546];[[ 0.66016381  0.69175712  0.29267018] [ 0.32234171  0.09102376 -0.94223697] [ 0.67843907 -0.71637055  0.16289158]];312.31617937696853;160.34083955682385;-20.14297502701547;313.7439932911402;154.72469162331404;-17.02199066463376;350.2353090286408;351.64800607049216;352.5271639657421;349.67011909632845;352.5683244218457;-859.6453149256793;3596.0422414233126;-1289.6903191141732;3872.803126927363;-846.8929086338793;3551.5486983906862;-1291.4636286800453;0.030759473970149855;32.510308887936034;10.844816197753113;-288.0732125285632;-280.25635462166207;-5636.266017724677;-5537.781451352682;63.78290638842689;-88.62699019716482;3915.8410321144665;67.1376134830884;65.13247867975642;-339.76042850896283;-334.65970690218;-2932.5924712196497;-2866.8745465094057;28.822337573827923;74.77807962668129;16.67237566673649;-84.31384445251885;nan;5.2118056102755626;28.822337573827923;16.67237566673649;nan;11.460570056460927;188.1993310923694;80.45528205516338;-123.94476123936488;-217.6608103621711;-190.66375393211504;432.5000873505138;nan;-166.92691260558672;nan;-50.73389775658444;-229.71409158639378;-502.71853878311066;
454.925;-85.69085011355614;-150.21591225185625;14.757674490585615;-85.54087963578323;-150.05758536536615;14.874439676963563;1.5356723331793614;1.535790600645624;1.367187664368483;20.56936095881466;1.7934005026724968;20.66297638023339;nan;nan;nan;nan;[0.29137172 0.54996206 0.1426608 ];[ -85.5750498  -150.03944061   14.84770913];[[ 0.58404205  0.5931245   0.55416443] [ 0.48004135  0.2981441  -0.82502751] [-0.65456489  0.7478726  -0.1105956 ]];-17.2147169383016;-47.55255234497421;-7.715772815261696;-19.495668166954573;-54.23844649277526;-7.3963465820289604;58.10848559364753;51.15784264337279;62.19976604612754;51.28862357525393;62.38215336497098;825.5403622091349;2698.031393121568;175.79278249705771;2834.2400625286477;845.7640085087846;2699.868652201784;168.25348380247308;0.0668738026178346;14.953538767859891;4.171731811004556;3.662437292492157;5.788203867867551;-850.9803540146147;-834.5302721840671;158.97113669888734;109.49992337075645;2826.9760151589467;-133.46315704829692;-195.22077193399508;15.732087561284274;-132.05771375069057;-193.19490932535342;16.02710026101357;5.740701807840586;5.753084027444246;64.36268418978288;28.499876180672953;62.287271046975015;28.442866378242048;nan;nan;nan;nan;[4.02015547 3.76148165 0.32871268];[-132.04325626 -192.84082959   15.98133979];[[ 0.70550647  0.70807711  0.02978971] [ 0.1055736  -0.06343937 -0.99238584] [-0.70079586  0.70327964 -0.11951114]];308.9443859113637;174.46905209002995;-25.10595521575261;311.954940125015;162.46550616699417;-19.291775829544946;352.25430867081917;355.69142906547324;354.9031038105718;353.0236265239803;354.930313282096;-759.3562513792584;3187.8889411267587;-1094.2718418828088;3507.2387768794706;-765.4296251508148;3224.3339678003313;-1148.2646868546735;0.027377389254041585;36.52649238102114;9.717065344782869;-310.31866899318567;-292.7565054814762;-5044.154658278459;-5043.282596549595;62.53436589820238;-88.36623459067363;3454.951328369857;65.63977594194266;63.74328030511595;-351.2592805326467;-340.49105321049814;-2588.155183586161;-2574.3006570248563;28.33265029069893;74.00661280292526;15.704480532598458;-82.54623184013045;nan;4.490234191550168;28.33265029069893;15.704480532598458;nan;11.214246341048291;187.30378698958626;78.23884643080083;-138.3339371608111;-183.39983771594927;-195.28194821916227;431.9191923985364;nan;-152.68955817941597;nan;-30.710279536533356;-259.3636837484354;-434.09704637930565;
454.929166667;-85.96010521263729;-150.9056692040324;14.540584158617534;-85.62002498955432;-150.27985599961062;14.84077918107817;1.7738531822930086;1.7741207306213365;0.6312526587564719;20.400015849119587;1.8162609225689184;20.6433790848594;nan;nan;nan;nan;[0.27002064 0.51147831 0.14015267];[ -85.60269468 -150.09475024   14.82193086];[[ 0.5841851   0.5926982   0.55446967] [-0.47601587 -0.3031206   0.82554636] [-0.65737102  0.74620825 -0.10505521]];-13.950639240457333;-36.81703361071418;-6.973889593944983;-17.31326104319686;-47.10938722732655;-6.690640324378851;50.634060086411004;39.984364884019094;56.71975568608896;40.07109218117056;56.89139456293493;741.9304630688478;2456.145555055621;180.16675167058082;2619.0670517512835;781.4830297757042;2494.0167941293907;169.34203950083608;0.08495441150311389;11.771019094910054;4.83317494468559;0.2698011175427215;3.6209476058843872;-777.5464410849635;-766.0679715326932;158.49558243231704;109.77580701626835;2572.075398983585;-130.71406055162717;-191.79316045682867;15.956116591230156;-130.76356600047234;-192.4967982181901;15.932548932849853;7.2044404065023855;7.226555259262918;60.0239600317561;28.308505772784972;61.039764651214035;28.069002351372614;nan;nan;nan;nan;[4.54481469 3.93700427 0.44137394];[-130.76890269 -191.90989426   15.83155551];[[-0.66004512 -0.62850609  0.41148576] [ 0.18807286  0.39205778  0.90051057] [-0.72730257  0.67176692 -0.14057089]];305.9837047587038;186.926490454564;-29.27633762937218;310.3350869197891;169.5455226738291;-21.28813945939959;354.2692977297042;359.75636805553677;357.0899984309491;356.49314101930054;357.104823498348;-662.3114047119611;2794.070640460013;-909.2433870573965;3146.86695452039;-684.7140981986914;2900.921821910558;-1009.252602842082;0.024143172907997067;41.41957661533232;8.62164350000039;-330.1295144556345;-304.2220311625193;-4467.652736680322;-4550.82025117646;61.40742531825456;-88.11970508000576;3012.0110686383214;60.635857308193245;62.30315759344547;-361.33921073409874;-345.6749409989903;-2251.509996547756;-2282.0471770033487;27.78946456350082;73.18921501058178;14.858535580386713;-80.70967705793451;nan;3.820748005230272;27.78946456350082;14.858535580386713;nan;11.037787575156441;186.28504699581785;76.26596089864127;-154.34656188238432;-141.8081070514368;-183.57839934084254;399.46980705358965;nan;-135.5862651998999;nan;-6.221841851537039;-285.52073963435123;-350.33713447492033;
454.933333333;-85.61083136933954;-150.063803625535;14.992935910343945;-85.68483185153093;-150.45527601977557;14.810169389645283;1.963077529639422;1.9636176228530855;1.6042205748863214;20.78972671855903;1.8243468447296756;20.62421226131675;nan;nan;nan;nan;[0.25497011 0.49419091 0.1380364 ];[ -85.57823422 -150.03372035   14.83312461];[[ 0.58378987  0.59533482  0.55205602] [ 0.49297055  0.28035312 -0.82363958] [ 0.64511195 -0.7529798   0.12981522]];-11.02601699347256;-27.07527308846516;-6.2155866518807725;-15.29456326766505;-40.567512381978354;-5.9776071593964435;43.765037572960495;29.88773964324418;51.93068223872514;29.90148054457438;52.089809436610636;662.601745796435;2221.02745135587;183.67424845586532;2407.001563136324;719.7950998742638;2290.5783199997186;169.71299032476014;0.10886418943051043;9.185757090841284;5.67071488190637;-2.8176283092297214;1.669947654270106;-704.4811148895305;-696.8112273065052;157.9625554773247;109.91431404714507;2325.0247832560117;-127.22601125474293;-187.4147927554182;16.457970277672587;-129.48260621210795;-191.74332107761654;15.818984797792371;8.682565362204413;8.717019144616998;54.52132157818517;28.280940629656413;59.704663542870485;27.708626193674267;nan;nan;nan;nan;[5.48140347 4.71558021 0.44482024];[-129.25803542 -190.63832069   15.77264525];[[-0.64731268 -0.61975399  0.44372434] [ 0.21987291  0.40557407  0.88722352] [ 0.7298234  -0.67187399  0.12626613]];303.4206183486592;197.77288381555024;-32.69741402789893;308.9589361888556;175.67114941902355;-22.89705633344358;356.1463914991799;363.6582270428014;359.01248429922356;359.9282413919476;359.01718149679175;-568.5107749237882;2414.587339423077;-734.6049546379357;2795.4788508733395;-605.4459619289613;2584.4427302226804;-876.8083981481811;0.02110358484597198;47.385314262892585;7.576549550879267;-347.5707882402767;-314.1869762798043;-3906.760252930272;-4063.6384019540424;60.4452224926763;-87.90646719201237;2587.098946751991;55.938054234774654;60.81809035876632;-370.03268619913183;-349.92828173327047;-1922.6569101044367;-1991.6789519073002;27.17986748102655;72.37926323443372;14.176148551633604;-78.94690523681258;nan;3.2178212067228587;27.17986748102655;14.176148551633604;nan;10.958327344910746;185.14242295835126;74.62137104430991;-183.47063535684174;-130.74479452102455;-258.42317954180004;445.5862470365036;nan;-128.83586442353294;nan;-1.9089300974917787;-358.9026266277268;-331.30173194081925;
454.9375;-85.84102196848006;-150.5605869833372;14.815236457028178;-85.736751782462;-150.58804483277183;14.782686239629717;2.1077789504691262;2.108802196644865;1.0379208586306086;20.651374518240964;1.818933163476462;20.60580551809201;nan;nan;nan;nan;[0.25582146 0.50043467 0.14015078];[ -85.54240384 -149.95714626   14.85443538];[[ 0.58251719  0.59464559  0.55413929] [-0.50601589 -0.26822291  0.81975874] [ 0.63609877 -0.75792684  0.14465566]];-8.423011939564473;-18.299071885034635;-5.444474290686719;-13.47069782557791;-34.750094023917995;-5.265721357478543;37.63982672640479;20.86733002302066;47.89562333161554;20.747510454011863;48.040767031550565;587.5542103918966;1992.6770820223137;186.31527285291122;2200.5207261583773;661.7179665683875;2091.836388731451;169.23747147766588;0.13866695824050512;7.211523297897627;6.661667035805857;-5.601386765884437;-0.0105100911514216;-631.784375428316;-627.2547385678516;157.40246428438496;109.84406293455346;2085.8320364459987;-127.59735470146332;-188.91689349524347;15.912251258097797;-128.2131495792318;-190.94131502690837;15.689620155404045;10.175216581660521;10.224158507392058;55.783261573755105;27.811548229654786;58.291976435860974;27.360830755688824;nan;nan;nan;nan;[5.87771846 4.74842867 0.60735462];[-128.11404659 -189.92910799   15.60149554];[[-0.62884763 -0.59710873  0.49800785] [ 0.22130754  0.47655281  0.85083512] [ 0.74536811 -0.64525854  0.16753444]];301.2416091109001;207.06796133811278;-35.41247617135765;307.8695870833566;180.67294471214015;-24.074819478107873;357.77925112384037;367.2569824265204;360.6029702048912;363.20609639553004;360.5999158278862;-477.9543620147388;2049.4390380159507;-570.3565446244271;2457.7898905298953;-528.6034841706456;2279.0042708782466;-753.2921318003531;0.018293060775644288;54.66553750979815;6.596476175931737;-362.70752967147945;-322.35602858557706;-3361.4772070283043;-3587.1173805891262;59.669683423060434;-87.73863337505831;2180.354863481763;56.70979645543332;59.293923135575724;-377.3721740135588;-353.07852542137937;-1601.5959242562017;-1706.1820880521623;26.503243214482122;71.65939501607615;13.676801354959148;-77.38076199915763;nan;2.6908624618988;26.503243214482122;13.676801354959148;nan;10.985938893060347;183.9057074988671;73.34648477801959;-232.50452958415949;-123.0963704941841;-382.7432685033684;492.5036147477374;nan;-124.26025024078031;nan;1.1638797465962296;-478.48030344120025;-320.10639751932285;
454.941666667;-85.78446836663413;-150.28427290681236;14.786303131546873;-85.77716201702239;-150.68224435012206;14.758390625072892;2.2122565341773153;2.21414360831633;1.2717004832459764;20.611086746281106;1.8012883740557237;20.58846200118236;nan;nan;nan;nan;[0.19738918 0.40429184 0.12901407];[ -85.58667335 -150.03836378   14.84046556];[[ 0.58244563  0.59678971  0.551905  ] [-0.51378752 -0.25585206  0.81887857] [ 0.62990433 -0.76051415  0.15760319]];-6.1237858209502765;-10.460231107230168;-4.664162811980477;-11.518599540226521;-28.51488104051635;-4.586788565112164;31.093652173135744;12.987363178651737;43.086596336551615;12.57688593520731;43.220996929810504;516.7878568552323;1771.0944470549537;188.0898248617185;1997.2254226064529;602.9235947658319;1896.4934793267787;169.42553069469938;0.20307473772402085;4.92429541560705;8.777092615691979;-8.083010030480645;-1.8423674479850631;-559.4562227013197;-560.3730124333765;156.50062221673534;110.06126442228222;1854.5142252348533;-126.1089573823487;-187.48676350100033;15.799858624300228;-126.95356761868773;-190.09736831781962;15.54748692291439;11.681967373801248;11.74698306028309;53.71757616331491;27.482731733065275;56.81144104691726;27.024738800971843;nan;nan;nan;nan;[5.76901943 4.64638491 0.60458635];[-126.77841921 -188.93025979   15.47181457];[[-0.63064505 -0.59763822  0.49509128] [ 0.21690225  0.47679041  0.85183585] [ 0.74514444 -0.64459247  0.17105644]];299.4331594750968;214.87145218737564;-37.46481581977309;306.5664273447691;186.50325340098098;-25.64616069424983;359.75569969416944;370.4504965346381;362.36156075881206;366.2288376902733;362.3481485059025;-390.6421659848136;1698.6257362386334;-416.49815701686987;2121.88869341178;-452.60924647675944;1975.8683830364932;-627.2962857767001;0.015521381211986495;64.42725594728277;5.624143744417608;-375.60477807360945;-331.7687490855222;-2831.8035989744208;-3119.2046716478985;58.773914680846204;-87.51671361156248;1792.0383390028226;54.873645910637464;57.736365178846654;-383.39014126319233;-357.04009847436674;-1288.3270390030514;-1427.0010767129934;25.650945519720928;70.22573673825401;13.086608597292724;-75.23368651151176;nan;2.144189003194394;25.650945519720928;13.086608597292724;nan;10.942419594098329;182.15156773645626;71.86052327813893;-309.4398111510683;-93.59419186832476;-531.7663575496094;463.86114444542284;nan;-113.55274476638311;nan;19.95855289805849;-646.366987732846;-263.2879173379509;
454.945833333;-85.73469586475849;-150.2980468300217;14.70394546330769;-85.80736546381287;-150.74183898796034;14.737328397092805;2.280674870919068;2.2841963491947963;1.264000704702724;20.52311335377403;1.7726745726386595;20.57245839409561;nan;nan;nan;nan;[0.19957736 0.40386548 0.12635841];[ -85.61430261 -150.09008951   14.83121348];[[ 0.5835809   0.59955659  0.54769081] [ 0.5090466   0.25538877 -0.82197818] [ 0.63269652 -0.75849091  0.15616224]];-4.110500379847185;-3.5305518618592773;-3.8782625173797087;-9.723445886731419;-22.831031669126258;-3.89802847303355;25.119634411460304;6.663477318616328;38.920100369869246;5.357258232868714;39.043412932620946;450.3026851864421;1556.2795464537878;188.9979044822872;1796.4684182820174;546.4460822630958;1702.984509071704;168.935546661484;0.31319399033894624;3.1929092857681445;12.228162292818773;-10.264033881077609;-3.4733890618561345;-487.4966567085415;-492.5868295863924;155.3526661689115;110.01998779226932;1631.1035353082964;-125.86106254485966;-188.08305372733219;15.330592040009861;-125.7022881705294;-189.21782033058298;15.39543663521945;13.201934051620519;13.284001020237866;53.92919464463919;26.993976104860902;55.272524095586206;26.69950300609262;nan;nan;nan;nan;[5.62580061 4.45352697 0.66852732];[-125.62402321 -188.19090218   15.32360936];[[ 0.63352006  0.59460487 -0.4950731 ] [-0.19602453 -0.49563406 -0.8461213 ] [ 0.74848294 -0.6330813   0.19743698]];297.9817518709197;221.24308552846318;-38.89772473317;305.4957234261507;191.4223558486208;-26.838675911875423;361.5113689429502;373.1684074672382;363.94294421624886;368.92088962441363;363.9216448437286;-306.5741868340119;1362.1474340911248;-273.0297918152645;1793.7910005019996;-377.8092493003236;1678.592523196123;-507.2213182577834;0.012915187843975417;77.42821955675021;4.7001164036452625;-386.3275727710338;-339.760093084468;-2317.73942876862;-2655.2117768150247;58.02793319785244;-87.33660203980125;1422.666029485718;55.12009375089839;56.15099046402781;-388.1190550338454;-360.11886783547845;-982.8502543449849;-1148.9624661055807;24.565705467949222;68.46986777855098;12.650998267508546;-73.27656520959688;nan;1.655360376559906;24.565705467949222;12.650998267508546;nan;10.99563789094864;179.9183716368607;70.67893146536099;-432.70732632741885;-64.85043127720871;-813.6329216971509;420.42025449348426;nan;-102.41940253977245;nan;37.5689712625639;-917.3135481341807;-207.87670319559118;
454.95;-85.71949736262928;-150.38924033851504;14.707911866475072;-85.82859070536014;-150.77067566703283;14.719530363884052;2.317063916970614;2.3241817831022837;1.2014448172557906;20.52642063868747;1.7343474563212222;20.55804491785023;nan;nan;nan;nan;[0.19799521 0.4077326  0.12755586];[ -85.64963941 -150.13872899   14.8219277 ];[[ 0.58445187  0.59765989  0.54883391] [ 0.4940868   0.27440786 -0.82497185] [ 0.64365693 -0.75332793  0.13491768]];-2.3653173584724145;2.5181647442704107;-3.090383708502069;-7.971765440202021;-17.367529455472056;-3.1897673255277508;19.37407389299662;4.635337242461694;35.02051641281573;-0.9438228530044293;35.13230903081071;388.0986953855262;1348.2323802188184;189.03951171461728;1592.545524161357;490.2374384467499;1505.8777045216534;167.93105578223552;0.5464736137694659;1.829914518840534;19.19887987613277;-12.145994095734544;-4.99980158420243;-415.9056774499815;-422.39515804385826;153.69289574522307;109.73250157356236;1415.6578278029438;-124.20756077414134;-187.3583168421016;14.984460492608818;-124.45779539802024;-188.30876157390998;15.236140444881864;14.73387435455075;14.833363908707666;52.2241594480745;26.42239608667055;53.684421304229886;26.38430596063422;nan;nan;nan;nan;[5.4045516  4.05423214 0.77669052];[-124.40490061 -187.33524827   15.18950468];[[-0.62769728 -0.58394559  0.51478507] [ 0.16934488  0.54302234  0.82246523] [-0.75981474  0.60343541 -0.24196545]];296.8738687280391;226.2425905264994;-39.754494671573134;304.5494236045228;195.8824021784787;-27.846183810918504;363.1744441090119;375.36678535571906;365.3668107063003;371.2263703865652;365.3384849280974;-225.75042456233442;1040.0041315734256;-139.9514490196106;1463.2455224514601;-301.97782555971423;1378.0420309318527;-388.4546470692403;0.010370321723940354;96.42902376803364;3.788677626841304;-394.94095308811933;-347.0013359978402;-1819.2846964109033;-2182.2384958918797;57.35980030193394;-87.17668886827326;1073.3863498119204;53.3677816837015;54.54323768704374;-391.5913824113307;-362.67160919742287;-685.1655702820035;-864.6493792146991;23.072280426797704;65.79435042534463;12.306656998390727;-71.36817697447009;nan;1.197916130142062;23.072280426797704;12.306656998390727;nan;11.108740868248665;176.76517617202077;69.66645730032467;-642.5685002404568;-30.634649603780353;-1425.15582219682;341.2521582955736;nan;-87.85892386621352;nan;57.224274262433106;-1383.3054888550016;-140.39589992347297;
454.954166667;-85.45644444567333;-149.8223489275553;14.788216710850406;-85.84199199811674;-150.772483812697;14.70501229071783;2.3253186895262665;2.344022107866528;1.8192333115660888;20.56285465652103;1.6875563231241175;20.545445330975284;nan;nan;nan;nan;[0.19800482 0.41066207 0.13461859];[ -85.6585153  -150.16316184   14.80778933];[[-0.58437586 -0.59977986 -0.54659763] [-0.50159077 -0.26251371  0.82431381] [-0.63789619  0.75587742 -0.14743737]];-0.8703984990431513;7.7141176043514506;-2.3041366869652165;-6.3781131069434;-12.511955839056089;-2.487566430620121;14.262445529087959;8.0977928988781;31.72756227552105;-6.358975171506859;31.82645147676476;330.17588745248446;1146.9529483500442;188.2146465587088;1394.281612749095;437.26298212657656;1313.465575392692;166.22419309575633;1.0822272731308782;0.924020328102622;34.44345379513134;-13.73042645251071;-6.295441708772118;-344.6832849256399;-352.22960674515855;151.31428098719215;108.88826792062045;1208.2805698856182;-120.65503272757;-182.4263216557219;15.749628874206635;-123.21862978763333;-187.37603368499063;15.072089122130818;16.276274798487837;16.39298744059921;46.27937961945883;26.638990836121746;52.05605739802544;26.078360167193416;nan;nan;nan;nan;[5.01394916 3.42191751 0.91646321];[-123.18403973 -186.53945298   15.03228246];[[-0.62289909 -0.57070309  0.53506515] [ 0.10751497  0.61501985  0.78114731] [-0.77487887  0.54410346 -0.32173617]];296.09599247612545;229.92969634660858;-40.078417395007286;303.8374959628789;199.42543831229438;-28.517722000728824;364.5558803080181;377.023582237708;366.5274999754738;373.106637628633;366.4939843877836;-148.1708791697807;732.1958286855365;-17.26312862990875;1145.7577874334868;-228.46889221974578;1087.8870527705387;-277.60517496363883;0.008001844171243113;124.97119146531027;2.9326277527690507;-401.5099583492332;-352.75723674898234;-1336.4394019012718;-1720.0223728975209;56.83604759853367;-87.06078653749202;747.2371488279595;47.98837325900257;52.91841026429477;-393.83959048146124;-364.3146632517325;-395.272986814107;-585.5200411209802;20.959811081890678;61.68959343108089;12.110578006865632;-69.77306308882103;nan;0.801865355395912;20.959811081890678;12.110578006865632;nan;11.30871265146972;172.27409206908283;68.9466256053993;-1017.8109809530022;1.8457647911650543;-3674.958603138149;253.27345926507988;nan;-72.21680663351637;nan;74.06257142468142;-2343.497308739205;-76.40208905954935;
454.958333333;-85.43095899621443;-149.57376294964195;15.001163663298556;-85.84864927246119;-150.7508753549223;14.693774899941923;2.3091987265289178;2.3692713395488756;2.0916132668244747;20.76682260168459;1.6335440719928052;20.53485692951049;nan;nan;nan;nan;[0.20174141 0.42153341 0.13957299];[ -85.66678992 -150.18509254   14.80088821];[[-0.58342352 -0.59880453 -0.54868035] [-0.50862881 -0.2572996   0.82164083] [-0.63317748  0.75843922 -0.1544546 ]];0.3920944562233839;12.085505611576233;-1.5231317543868095;-4.928108556866238;-8.2393117286209;-1.795371957880906;9.7670810469041;12.18741622704596;28.90557296786481;-10.921072176241648;28.991976819258575;276.534261387317;952.4412508474663;186.52330901456168;1202.0314246920816;387.55464053794435;1125.9843525517474;163.8297419683086;2.6318763432168075;0.3799570608920597;76.30329793369671;-15.01886672946534;-7.363346620727437;-273.8294791355165;-282.2050693005797;147.52008750677413;107.08359356419128;1009.1612749420466;-121.24149806342908;-184.86301047092002;15.147648719286408;-121.9833881490514;-186.42522942949358;14.905593054862068;17.827427441102646;17.96065181104776;48.35869566156302;26.15623619098152;50.39608610496518;25.78090804138077;nan;nan;nan;nan;[4.83327932 3.02141451 0.92249834];[-121.80794125 -185.47193265   14.9249261 ];[[-0.61754004 -0.56984657  0.54214314] [-0.10193841 -0.62547746 -0.77355446] [ 0.77990567 -0.53296606  0.32816812]];295.63460554484885;232.3641321539147;-39.91278466349716;303.3462737912992;202.10917694184624;-28.89263311122758;365.6526568688875;378.1348176072854;367.43572932145065;374.5380198846921;367.3985536923739;-73.83555065635102;438.7225254274563;95.03516935384131;841.9293909172982;-157.36367859914262;808.4272736751775;-174.7201051002376;0.005792868865920967;172.6260378312598;2.1282916430689456;-406.099627878742;-357.0958207098433;-869.203545239723;-1269.1397619892425;56.445123215937336;-86.98638737323049;454.9294739542437;50.27670590615663;51.28167633265696;-394.8961463300495;-365.08687860131147;-113.17250394129447;-311.9448893533829;17.717542924798767;53.9180519070486;12.05136825169279;-68.52440898867623;nan;0.4657584312576153;17.717542924798767;12.05136825169279;nan;11.585609820435174;165.2376304315729;68.49649146763012;-67.5748791825903;33.414926614102775;-13681.42963998582;160.47792633403222;nan;-40.06583427764374;nan;73.4807608917465;-3347.491239410199;-14.532019325173374;
454.9625;-85.38490657557783;-149.5297790778244;15.02936601675512;-85.84956813269787;-150.70934472828972;14.685803870980696;2.2723272297637576;2.411569974932655;2.1582019165510653;20.78805353556131;1.5735472027974955;20.526450547006174;nan;nan;nan;nan;[0.2024767  0.44157852 0.14201962];[ -85.66729059 -150.19595202   14.79960886];[[-0.58129771 -0.59863622 -0.55111492] [ 0.53141292  0.23360576 -0.81426572] [-0.61619257  0.76620038 -0.18232853]];1.4399997651099952;15.660527659137289;-0.7509792123845016;-3.6171041432562276;-4.554149157079715;-1.116074041873787;5.921937030654391;15.744513192333212;26.507090740221603;-14.66335637803926;26.581826998882583;227.1738171900235;764.6972877110826;183.9654990821759;1016.3247285637891;341.24800999218303;943.7328243345505;160.7299158220613;9.137501292405998;0.1094391090079605;242.89147855680227;-16.012850704657687;-8.196928701263742;-203.3442600796114;-212.38419475374542;140.26689492231716;103.34871214570144;818.6654932888808;-120.77598303376854;-185.10041462741913;14.718104725849813;-120.75072361516698;-185.46169270156616;14.738782248637929;19.385496778723617;19.534084594561158;48.18593916710822;25.672805460109156;48.71289015585655;25.491221911820535;nan;nan;nan;nan;[4.78062971 2.91852179 0.90628862];[-120.56472013 -184.62015209   14.79375585];[[ 0.61996735  0.5707023  -0.53846019] [-0.10807028 -0.61761203 -0.77902259] [ 0.77714947 -0.54116011  0.32122334]];295.4761903638797;233.60562711354206;-39.30088823706756;303.0749460930445;203.940108505391;-28.986318485592715;366.4508117958544;378.7114045117805;368.09694917934735;375.5097519920407;368.05752785166084;-2.7444390220450146;159.58422179918523;196.94344493163965;553.2832256928702;-88.79086274441161;540.2043484164612;-80.11100098087107;0.003735146260681915;267.7271330781657;1.3747486988709607;-408.7750010010132;-360.00910832610754;-417.57712642625717;-830.2941213797034;56.183982149778316;-86.95320823407152;253.4982767088152;50.17863379828918;49.63806874948215;-394.79351704290866;-364.98073711627575;161.1358783364332;-44.31268724998365;12.47805290729004;31.0649384049575;12.125959380125327;-67.66245092828062;nan;0.20005863345048963;12.47805290729004;12.125959380125327;nan;11.925900746674838;152.7449478296072;68.30994152990364;8756.996707869352;64.02491054412289;-14653.346424041903;71.06955725022651;nan;9.225867004973061;nan;54.79904353914973;-1996.8664542094202;44.54262091904341;
454.966666667;-85.23410613051252;-149.38905034867759;14.956544761767802;-85.84567985705706;-150.65126887199207;14.681069840335129;2.218189791726987;2.4699680469754646;2.3299660527045924;20.69390884069538;1.5087958163331543;20.520370554523318;nan;nan;nan;nan;[0.20400254 0.45163999 0.14009771];[ -85.67910575 -150.23242881   14.77347251];[[-0.57713314 -0.59708523 -0.55714143] [ 0.58016089  0.1803696  -0.79427964] [-0.57474402  0.78163677 -0.24230823]];2.2911556854098127;18.467382640260144;0.008710637434307;-2.4335355197981174;-1.4399056349306147;-0.45252669269804097;2.8635997924340364;18.608968048545087;24.473238704460254;-17.619579903225432;24.537361554411525;182.0945548600186;583.7210589384723;180.54121676149896;837.6378302533004;298.3721943300821;766.8024641078662;156.92402416524112;62.28100220646264;0.016056260570197347;1528.2114691110758;-16.713914156154555;-8.796251519527077;-133.2276277569705;-142.7969368283072;120.18745117138248;95.34183031098434;637.5608461218759;-120.58025540867237;-185.53803622126912;14.259940221746248;-119.51934564208223;-184.49051852383445;14.573606326687278;20.948577606805575;21.111029134259184;48.354440824515585;25.199524742275067;47.01458128432211;25.208604020150755;nan;nan;nan;nan;[4.97511862 3.09609522 0.84914464];[-119.48731631 -184.07974858   14.59142389];[[ 0.61635559  0.5737288  -0.53938951] [ 0.13007204  0.60138336  0.78830154] [ 0.77665117 -0.55603356  0.29603993]];295.60722936289227;233.71391039060882;-38.28601987572686;303.0147697094842;204.95693590086012;-28.828260015447636;366.9555351966765;378.7765109924316;368.52441382292807;376.02211676489765;368.48395589349855;65.1024557340404;-105.21908220279101;288.46169810466415;284.3446495302435;-22.786458815168153;283.3629116183031;6.17392341541403;0.0018422662690764603;542.80969954539;0.6788455626384505;-409.6011170404124;-361.53745184874356;18.439854544965314;-403.70413946189245;56.04556533310767;-86.9582888668924;313.8782188614348;50.56268096428394;47.992485092598024;-393.56416970582717;-364.01656699185406;427.6521600226591;217.24715006456196;17.154418931607186;-60.0938617601739;12.329825973478625;-67.18709293588472;nan;0.13187647894194365;17.154418931607186;12.329825973478625;nan;12.197949494536681;137.34187010298967;68.3753913065863;13175.062714648224;96.58823277769496;-2334.9395754988827;-20.630757539702817;nan;32.10293986112613;nan;64.48529291656878;760.9862553151627;106.86792986645514;
454.970833333;-85.59745871788296;-150.07139259474098;14.849965691443103;-85.8378413976949;-150.57990722983277;14.679528401582784;2.1501325932793747;2.5417754383100055;1.5580068301622108;20.64637085034857;1.440513614318551;20.516734860633495;nan;nan;nan;nan;[0.20839454 0.45645205 0.14140957];[ -85.68376172 -150.23834122   14.76454987];[[-0.57452062 -0.59375627 -0.56336449] [-0.62208534 -0.13054315  0.77198985] [ 0.53191718 -0.79398488  0.29436733]];2.9634004748826124;20.534269448061075;0.752327493431193;-1.3632447961951633;1.1288321438085427;0.19256130391018048;1.7803871036974435;20.76063488425827;22.748352066526444;-19.824168431865246;22.803071434560895;141.29647439853179;409.51256453457216;176.2504620526242;666.7181120519172;258.90660090617837;595.1879982529432;152.41935467956856;201.07929463452717;0.0049731624621896335;4585.22551956224;-17.123592861996073;-9.164427926931701;-63.479582169506756;-73.45799143192964;50.65136857113096;95.1177108773346;467.6852141803294;-117.90295801692993;-182.41821615843543;14.576983250794584;-118.28802000909234;-183.5165530473898;14.411834529903395;22.514744712009122;22.689300871951616;44.25622575252324;25.11443909476382;45.30900022677634;24.932386521019488;nan;nan;nan;nan;[5.07419729 3.18691005 0.80533911];[-118.27030173 -183.33407096   14.43605352];[[-0.61968629 -0.57633795  0.53275085] [-0.14430457 -0.58355403 -0.7991501 ] [ 0.77146944 -0.57210074  0.27845223]];296.01420497155294;232.74871115023677;-36.91147133952795;303.1537804311613;205.2112708037177;-28.452889270869647;367.18312483342953;378.36335552413857;368.7392245080508;376.08478481686376;368.6987218860373;129.70513361005436;-355.6873865712485;369.58992887041734;100.89607183258092;40.656762176188444;37.862321836119754;84.22285667069403;0.0006574364451442855;1521.0595752423385;0.24239597704599794;-408.6430153212847;-361.7414458618749;438.8473976620504;10.637721287045618;56.02162973623503;-86.99733792681717;529.0875675851087;45.71692027066571;46.34968766028565;-391.24057140465163;-362.2265369897211;686.3763411101115;472.72623663186073;85.45302547329938;-91.04628179611358;12.659500301329505;-67.07020461785856;nan;0.2769408584923863;85.45302547329938;12.659500301329505;nan;12.382559442837119;136.10439404443034;68.68113003756453;6391.545317693128;131.7161201495687;2500.276251923805;-109.37906230260182;nan;24.136879669961676;nan;107.57924047960692;2537.9156360402035;173.19292446123603;
