dt;xt_50;yt_50;zt_50;xt_avg_50;yt_avg_50;zt_avg_50;xxt_50;xpt_50;xp_50;wd_50;xp_avg_50;wd_avg_50;disSTL_50;disSTL_avg_50;disSTLz_50;disSTLz_avg_50;PCAsigma_50;PCAmu_50;PCAwt_50;vxt_50;vyt_50;vzt_50;vxt_avg_50;vyt_avg_50;vzt_avg_50;vavg_50;vv_50;vv_avg_50;vvt_50;vpvt_avg_50;axt_50;ayt_50;azt_50;aavg_50;axt_avg_50;ayt_avg_50;azt_avg_50;curvature_50;curveRadius_50;turnRate_50;vxp_50;vxp_avg_50;axp_50;axp_avg_50;thetaToR_50;psiToR_50;aa_50;xt_51;yt_51;zt_51;xt_avg_51;yt_avg_51;zt_avg_51;xxt_51;xpt_51;xp_51;wd_51;xp_avg_51;wd_avg_51;disSTL_51;disSTL_avg_51;disSTLz_51;disSTLz_avg_51;PCAsigma_51;PCAmu_51;PCAwt_51;vxt_51;vyt_51;vzt_51;vxt_avg_51;vyt_avg_51;vzt_avg_51;vavg_51;vv_51;vv_avg_51;vvt_51;vpvt_avg_51;axt_51;ayt_51;azt_51;aavg_51;axt_avg_51;ayt_avg_51;azt_avg_51;curvature_51;curveRadius_51;turnRate_51;vxp_51;vxp_avg_51;axp_51;axp_avg_51;thetaToR_51;psiToR_51;aa_51;xb__50-51;xb_avg__50-51;vxb__50-51;vxb_avg__50-51;axb__50-51;axb_avg__50-51;phi1to2__50-51;psi1to2__50-51;phi2to1__50-51;psi2to1__50-51;phiO1to2__50-51;phiO2to1__50-51;phi1to2__50-51;phi2to1__50-51;phiE1to2__50-51;phiE2to1__50-51;alpha1to2__50-51;alpha2to1__50-51;dphi1to2__50-51;dphi2to1__50-51;dpsi1to2__50-51;dpsi2to1__50-51;dphiO1to2__50-51;dphiO2to1__50-51;dphiE1to2__50-51;dphiE2to1__50-51;dalpha1to2__50-51;dalpha2to1__50-51;
474.683333333;-85.55006395116528;-150.25511352401264;14.70747296304505;-84.68222501440837;-153.272473100346;14.06143829520778;0.0;0.0;1.4055119052112537;20.501668568668347;3.777549370000128;19.643137285924727;nan;nan;nan;nan;[nan nan nan];[nan nan nan];[[nan nan nan] [nan nan nan] [nan nan nan]];;;;;;;;;;;;;;;;;;;;;;;;;;;;;-90.72110734957118;-242.82001468419503;19.99118565598998;-91.91839316965336;-238.84712471422415;20.708503323664214;0.0;0.0;91.77400421136949;27.81553877565623;88.04131061201817;28.624145150475364;nan;nan;nan;nan;[nan nan nan];[nan nan nan];[[nan nan nan] [nan nan nan] [nan nan nan]];;;;;;;;;;;;;;;;;;;;;;;;;;;;;92.85966959043157;98.5054469038049;;;;;;;;;;;;;;;;;;;;;;;;;;;
474.6875;-85.7459148360246;-150.62222118382203;14.65846004027864;-85.09427646166505;-152.71558709766722;14.09301865050293;0.6934736721797164;0.6934736721797164;1.0005229257027788;20.484394825906985;3.0730634736368674;19.754171344697653;nan;nan;nan;nan;[nan nan nan];[nan nan nan];[[nan nan nan] [nan nan nan] [nan nan nan]];-80.4851012712719;115.4164349019112;9.71228636886895;-69.63670465290795;104.26288939320597;10.777680417549949;125.841881481163;141.04301995712132;126.07627647852857;141.0863901787264;126.17260555426469;2862.642034124357;-2866.2335119807317;317.28082082039776;3947.0271876034403;2763.155441100924;-2803.659397914261;288.94568431130875;0.060950571419563795;16.406737077431597;7.690292406027662;-143.8713636251636;-128.67438080180494;3945.277210828655;3839.398892043331;34.05269165276033;97.30719650445334;4063.3337396770035;-87.42063771157612;-236.95400279786918;20.105757802748542;-90.18639185873684;-237.83311943658742;20.306254632199437;2.046909683859254;2.046909683859254;85.83209673742208;27.40634459197459;87.16343315743863;27.982249981432908;nan;nan;nan;nan;[nan nan nan];[nan nan nan];[[nan nan nan] [nan nan nan] [nan nan nan]];380.48528954967594;262.2378207935293;-90.60146105707105;359.17441663803913;272.86885020261536;-87.01001125248982;459.38482020668846;470.8995168440035;460.8468791189141;470.50500963947326;461.0058603195454;-5516.151186552503;2899.157346640944;930.3601928491312;6107.443527161611;-5375.8726641558715;2753.0679864091335;906.3532415449711;0.025865652684917844;38.66130935033763;11.92421746873711;-237.928601945312;-252.98374578024246;-4161.681813435295;-3926.1183295769147;53.559512589560086;-81.81171667482162;6300.683083755683;86.51967560201803;95.97518027828137;-603.3458037909717;-599.0127294623735;760.3928114131622;918.0832869966804;143.12779268009578;-76.77361367436626;50.67678962974394;-86.09295494478897;nan;9.460652334378874;143.12779268009578;50.67678962974394;nan;41.21613729536507;177.1804843328561;104.23630221930404;;;;;;;;;;;
474.691666667;-85.42986017903087;-150.3252510278154;14.73235895224255;-85.45478596230943;-152.20961369963555;14.130643670626393;1.3157925018357408;1.3158817551203776;1.4388266431735945;20.511577107541772;2.439027877048931;19.861733682424894;nan;nan;nan;nan;[0.35856949 0.79820069 0.25625934];[ -85.85528852 -151.04257407   14.49168016];[[-0.57647275 -0.57923952 -0.57633389] [ 0.69832362  0.0170026  -0.7155802 ] [ 0.42429151 -0.81498006  0.3946951 ]];-68.77539891696603;103.610309647591;10.971357819527103;-65.18944806301474;99.40023452451534;11.081927378376454;119.38542572989702;124.84198994673866;121.06714921773612;124.8121996406615;121.18243716996794;2758.296396415422;-2800.853085337008;287.19793512638824;3894.9055835121394;2718.6655900288033;-2775.347636290963;276.7533410846996;0.06876669293140739;14.541923675135411;8.333315445546754;-127.66424806829619;-122.19932418139494;3834.4148204535654;3791.804313441861;33.633307405779426;98.05603969425188;3941.5047469286396;-88.20816691576312;-239.56513079141695;19.349294121885123;-88.55272659797693;-236.76607662124525;19.920599272438743;4.034757171246964;4.035922657798655;88.40431591412536;26.799554283385945;86.20891659509371;27.36894082771903;nan;nan;nan;nan;[2.07181129 3.44675635 0.38842616];[ -87.43543536 -237.53163172   19.60188485];[[ 0.6170793   0.59901817 -0.51028459] [ 0.2765643   0.4420068   0.85331248] [ 0.73669894 -0.66768797  0.10708621]];357.8064526110909;273.99770122470795;-86.7772915902275;350.04273516927157;276.86700653006073;-85.47319295426603;454.41272260303043;458.9449816070468;457.92409925256817;457.83819830487886;458.07823557917857;-5369.971391233161;2745.9912128560263;905.2950915457609;6020.096151640941;-5311.890100383652;2687.6607461922654;895.4668892959992;0.026242068229847745;38.10675253342263;12.020920312677074;-254.751090751476;-258.44447690335653;-3913.8695033412246;-3821.754616602645;52.462155162560705;-81.53789818688631;6098.9031543812835;89.40241170631873;93.45513198442917;-599.8274053276483;-595.8025485889705;927.7527659699156;986.0111641932277;144.76102862066998;-75.91891038734015;50.84309744401213;-85.87252642961346;nan;8.719021609621247;144.76102862066998;50.84309744401213;nan;42.12407583439088;178.3943360264494;103.30525260657284;489.62024513619406;-265.4490168161753;587.4296331134018;108.0924346116569;nan;-276.2727098242783;nan;10.823693008103316;241.2453339501235;-806.5889138570677;
474.695833333;-86.31959711179714;-152.10810716594352;14.210176683584663;-85.76559437468379;-151.7534025715621;14.173778118712267;1.8691935903347006;1.8695883951314847;0.81900692777825;20.137958611409932;1.8734890772111832;19.965701635734753;nan;nan;nan;nan;[0.40277805 0.90997762 0.30409286];[ -85.76856934 -150.81565445   14.57424485];[[ 0.57656528  0.57878031  0.57670255] [ 0.71811297 -0.0222923  -0.69556942] [ 0.38972586 -0.81517876  0.42848261]];-57.496953797265554;92.07477189713319;12.106639658506019;-56.48677565621472;89.94683930323514;11.708704910391264;106.85636852970514;109.22561073161783;112.31126987884353;109.06823410340408;112.44150881598925;2655.6385615135814;-2736.3515101266607;257.86180721430935;3794.115097067551;2632.471092034194;-2720.5450379379495;253.0612889230792;0.08950245561479497;11.172877806882179;10.063791152063656;-111.91560208825625;-109.58071447273632;3725.2118139512795;3699.631065656587;32.67413351273664;99.89737904900377;3821.8488285109092;-86.38668492239607;-235.61250270155307;19.481538235385898;-87.01483028878246;-235.64869768918595;19.551096467591268;5.967784764184632;5.972464177734151;84.44789986599922;26.63134190228605;85.1821420438888;26.783483770358863;nan;nan;nan;nan;[2.42567183 3.86970894 0.46814947];[ -86.41104835 -235.99522503   19.39085696];[[-0.59842957 -0.58630369  0.54601286] [ 0.2888508   0.47779048  0.82962731] [ 0.7472933  -0.65418976  0.11656966]];335.73318756231555;285.1244638383592;-83.05688579162715;332.26535148960204;284.76344721973356;-82.48037902293397;445.30158050105956;448.2311673537084;451.76012878401605;446.1312941765794;451.90554744522177;-5225.476679443632;2595.2607942274876;880.5536320923628;5851.460099146525;-5188.114963366096;2560.9523048350557;874.3979135157422;0.02692313462065883;37.142777543914725;12.166713889690232;-270.55048688821273;-269.2842211085458;-3670.5973321096844;-3619.4162963894128;50.24661205871005;-80.9799405690448;5900.538942880946;83.67063897898514;90.94827900253708;-595.6202447830099;-589.8365766950092;1090.9986104446657;1117.9964879446843;146.78301868837588;-73.85550519103433;49.81248172893854;-85.43224434969817;nan;7.553679425861284;146.78301868837588;49.81248172893854;nan;42.25880230307726;179.4571522011125;100.05909378764859;501.01818529626235;-299.2825196060502;827.5610356967724;112.39952026331528;nan;-267.52931017269333;nan;-31.753209433357373;209.90246909422913;-857.302584280898;
474.7;-86.23100652497362;-151.90217743203493;14.149932155042961;-86.02851325499837;-151.3458186365955;14.221899722439481;2.355894165506974;2.356996530490353;0.6628529056835257;20.063481799935342;1.3745223798462818;20.065957551122015;nan;nan;nan;nan;[0.3745264  0.87029166 0.29793544];[ -85.76593664 -150.76894479   14.59175547];[[ 0.57570006  0.57958172  0.57676206] [-0.75537021  0.10694363  0.64651289] [ 0.31302602 -0.80786638  0.49936622]];-46.642733400474235;80.80615976956541;13.121243376563742;-47.81644598107683;80.35167222452944;12.256097192886447;94.30278709529709;94.21967450336084;105.25724723486064;93.85128932501603;105.39659766754318;2554.6685294188355;-2672.7287863496904;229.2724370841609;3691.2663493709674;2544.427010564683;-2664.3619869410586;229.15857490138887;0.12113641878297851;8.255155716560733;12.767366393356607;-96.61851158557376;-96.8592812107027;3617.6681913217953;3605.326789459221;31.563516479230707;102.31974801194596;3704.3725934349254;-84.44057989120162;-232.70650762046637;19.081648417853373;-85.57016508748471;-234.48364177467684;19.19731105964828;7.850075490450818;7.8617965843388555;81.54737901174813;25.93507349517959;84.08741180087421;26.225153671102824;nan;nan;nan;nan;[2.82599752 4.36404743 0.6349226 ];[ -85.46422582 -234.65404196   19.13678725];[[-0.59649991 -0.58382552  0.55075914] [-0.27391951 -0.49692504 -0.82342796] [-0.75442426  0.64203837 -0.13649454]];314.2584732219755;295.6282574476345;-79.43889515356177;314.3221142552459;292.40572863562863;-79.46024142746064;436.5929816391133;438.7083229852729;446.11011810357894;435.3434269687814;446.2464321005024;-5082.667051183911;2446.966090755327;856.1358144889366;5679.092642810325;-5060.906340038839;2431.477126291463;852.7832358216585;0.027532348426749932;36.32091184159278;12.286212252785036;-285.34570760078253;-279.6523176979864;-3431.8652997406703;-3413.3446729339357;47.95265602055737;-80.3903523659395;5705.621432880699;80.97448505565714;88.4575268873718;-590.7414642823982;-583.0298569078653;1250.1303448374128;1251.2037822132725;148.84119733013455;-71.02366344473292;48.63102230387935;-84.9717561411838;nan;6.4167490277543555;148.84119733013455;48.63102230387935;nan;42.21427327612499;180.40471380936526;96.58367832443672;509.10815301050354;-327.2767149276499;1210.0724040435493;115.65200172635971;nan;-253.60262414980284;nan;-73.67409077784707;167.6825262400327;-897.1586786332684;
474.704166667;-85.97671075449506;-151.17292937466715;14.464692398975103;-86.24532485733127;-150.98574207572156;14.274499174031781;2.7780955411955746;2.780587256197113;0.4683257213018888;20.331009063717318;0.940231899424677;20.16238878494796;nan;nan;nan;nan;[0.35724104 0.81921849 0.27416035];[ -85.77264401 -150.76150672   14.56853997];[[ 0.58025505  0.5845621   0.56709014] [-0.48758194 -0.30839409  0.81679675] [-0.65235567  0.75045335 -0.10607469]];-36.20570521489588;69.80081138391525;14.018280464458305;-39.24089249161561;70.75670772113585;12.752551440695619;81.90840554741845;79.87188834089916;99.16292275679804;79.15958101435272;99.30885584475682;2455.386300131183;-2609.9849140060965;201.42982473594301;3588.2343402171914;2456.076684638006;-2607.8620676469964;205.34954497007854;0.17205438356205024;5.812115793256478;17.086523974622146;-81.76606246077871;-84.18824937811137;3511.7839525651148;3510.603535084803;30.248169211055238;105.68131881553124;3589.083045640552;-84.67507272036292;-233.58814307665796;18.87828127895517;-84.2162224053373;-233.27352572526343;18.85881350938315;9.68554554898608;9.708989652516607;82.41072913984193;25.7776511348193;82.92894934124486;25.693234172426564;nan;nan;nan;nan;[3.16934228 4.69757532 0.80859427];[ -84.59407905 -233.49146721   18.86870449];[[ 0.59226338  0.58058031 -0.55870438] [ 0.25231635  0.52488927  0.81291311] [ 0.76521928 -0.62242892  0.16438279]];293.37528840869675;305.5192308656856;-75.92197116832313;296.4393473448418;299.8304903022132;-76.4505182982951;428.50821616064644;430.3198879714134;440.77206117568187;425.432151512525;440.89918757928757;-4941.542506454001;2301.1071024395455;832.0416387354826;5506.367626253575;-4932.793484586218;2301.523206900173;831.0377861307603;0.028043843193532685;35.6584507016005;12.364507680629494;-299.1556701344458;-289.652160137513;-3197.673406234185;-3206.917680006822;45.59644485309054;-79.77095557540831;5514.184393777473;82.54357320784094;85.98570976817759;-585.2082059511548;-575.7887992182607;1405.1479691481566;1383.9180889848863;150.9581702325076;-66.95916322690083;47.31846073222373;-84.49558168083806;nan;5.324268507757534;150.9581702325076;47.31846073222373;nan;41.99419222446619;181.20633944356283;92.91490558531427;488.64464318187277;-347.26048989057495;1828.2537729607454;117.73821762786348;nan;-231.23516739699966;nan;-116.02532249357446;102.54980051089551;-921.7554741366495;
474.708333333;-85.12683204347121;-149.32378140853098;15.09662079060935;-86.41778213362863;-150.67206832776372;14.331080130257742;3.1379882432147297;3.1429877762205614;2.474977056682909;20.817651424959283;0.568750559164612;20.254887703440343;nan;nan;nan;nan;[0.34102348 0.76676524 0.25441817];[ -85.73638794 -150.77282102   14.57824276];[[-0.5779081  -0.58226337 -0.5718318 ] [ 0.54968591  0.24018835 -0.80009684] [-0.60321442  0.77671033 -0.18125517]];-26.178836728834252;59.05506485921027;14.800862412947755;-30.83957887351429;61.208569354554115;13.175447115479408;69.7937031129583;66.2713943279263;94.37368119472315;64.99319496448858;94.5229638130399;2357.791873650625;-2548.1198930958794;174.33397016965577;3485.366900805846;2367.729646353874;-2551.194127966311;181.78909879341157;0.2588553642527928;3.863161201571317;24.467776228077994;-67.3513406144011;-71.64920642766432;3407.5590976812364;3415.7563897543796;28.718302922812715;110.5396417153732;3475.987606738406;-83.02508890697243;-230.72027354741158;18.848293216854444;-82.95052290851638;-232.02092410176994;18.535179896351384;11.47793738185403;11.51889151695989;79.59946809751652;25.48756428998099;81.71089931834057;25.18701769753099;nan;nan;nan;nan;[3.61999256 5.48820538 0.90788305];[ -83.68557921 -232.07655981   18.64786125];[[-0.58830649 -0.57945434  0.56402849] [-0.25249635 -0.53099482 -0.808882  ] [-0.7682064   0.61828567 -0.16607759]];273.07661194110494;314.80753290566383;-72.50476532820296;278.728294175354;306.9146061331796;-73.47000262484968;421.0509217630129;423.0030257086599;435.89078623350093;416.35363476529193;436.00865011679224;-4802.103045253901;2157.683829280142;808.2711048320007;5333.777020479666;-4804.0385580384755;2171.534359613267;809.2152754956804;0.028443067617732902;35.15795178775117;12.401423517188368;-311.99929173446327;-299.08818635191744;-2968.021651590229;-3001.0046357091987;43.20363965634821;-79.1238830785042;5326.264670787601;81.51000737774791;83.53559034867662;-579.0376119146214;-567.9754048909691;1556.051483376897;1515.2878328357538;153.0837652718849;-60.93972674437918;45.90371634615141;-84.00798946013168;nan;4.303393826507921;153.0837652718849;45.90371634615141;nan;41.60032251964349;181.8020681946976;89.10735600249961;379.9652257030359;-368.24661716588435;2949.9042006080235;119.67049458408009;nan;-196.68207810657145;nan;-171.56453905931286;-22.575325788199745;-949.0816598839846;
474.7125;-85.50512651147837;-149.9157049345054;14.919429478023332;-86.54760873370446;-150.40370808938263;14.391159212430763;3.4377587163145806;3.4470957500488693;1.7512474035675725;20.700725316318646;0.2582400910321176;20.34335168269339;nan;nan;nan;nan;[0.34081308 0.74289051 0.23985854];[ -85.72176536 -150.78048019   14.58803378];[[-0.57855358 -0.58340345 -0.57001418] [ 0.53005674  0.26223691 -0.80639423] [ 0.61993193 -0.76868213  0.15751883]];-16.555095430593123;48.56525831447809;15.472100712790128;-22.71353530902339;51.79951879110513;13.510839315537405;58.15184960286798;53.59143028819766;91.10270831160024;51.354709754122204;91.25054575754075;2261.8852499771615;-2487.1337236190393;147.98487338529895;3383.5998373445213;2280.1947260026795;-2494.847224741675;158.73624660485862;0.41680147825066655;2.399223736434531;38.03336236292307;-53.367431946970875;-59.373755693226805;3304.9936266701607;3321.6314141093044;27.0307121888;117.91725535734606;3365.0941392445798;-83.25720620769519;-232.18704514435728;18.073440898300404;-81.77061651812029;-230.72836917829906;18.225991918890593;13.230813478253896;13.296101275455664;81.01447267296713;24.772204944514726;80.43732756364571;24.705805450342265;nan;nan;nan;nan;[4.16691548 6.62843584 1.03594784];[ -82.73446131 -230.44683564   18.41372919];[[ 0.58435716  0.57857362 -0.56901606] [-0.25419595 -0.53539783 -0.80543999] [ 0.77065629 -0.61530621  0.16579249]];253.35542263782585;323.50331238072096;-69.18592912549315;261.3747248633847;313.5427907509445;-70.54986168360801;414.25005903786763;416.68940002146377;431.53128732656535;408.06286380799725;431.6399568221182;-4664.34866758361;2016.6962712771178;784.8242127784906;5162.847551819979;-4675.707228927976;2042.6936988640578;787.5018763820785;0.028719652604369598;34.81936267738327;12.396549610096327;-323.89548964609537;-307.79242330991815;-2742.9100358088;-2797.5792272432923;40.80898665104428;-78.45340998627732;5141.902506692966;82.36245718564125;81.10985990706865;-572.2468242981397;-559.5764307530555;1702.840887523634;1643.8760660948053;155.03020892568617;-51.72371511890847;44.42462331647157;-83.51442986727342;nan;3.397308779450956;155.03020892568617;44.42462331647157;nan;41.027314537020615;182.06092111448618;85.23360996751585;-38.772323722197804;-391.16919647674155;4668.481031181046;122.21595125734436;nan;-138.4536752200623;nan;-252.71552125667952;-256.44946058356646;-980.8893938133962;
474.716666667;-86.00831788801892;-151.2952170628841;14.386655730557294;-86.63649900524071;-150.17958731507636;14.454266006409073;3.679598201251642;3.6963226934070277;0.410036158130881;20.25966329904407;0.006891035741019597;20.42768310866781;nan;nan;nan;nan;[0.33799254 0.73226361 0.24035495];[ -85.73033402 -150.83499106   14.57002552];[[ 0.57689827  0.58537995  0.56966543] [-0.59171257 -0.181277    0.78550295] [ 0.56308491 -0.79023349  0.24179828]];-7.327448808353083;38.32772986860835;16.035106854750428;-14.645718480295498;42.60609029511763;13.908890597573485;47.15117429815565;42.1880437418389;86.60797925717162;38.25007035558637;86.75713312695139;2167.666429109518;-2427.0264055747607;122.38253438252853;3285.090037717706;2195.117047950463;-2440.2362261631724;136.10606977751553;0.737466463533795;1.3559938647354832;63.98047615346349;-39.80742235883596;-47.31164321755496;3204.087539530522;3230.2641332313115;25.363798327032573;130.63440035084284;3256.410970066193;-81.04348773965866;-227.73275728733404;18.421645643961625;-80.67408241016992;-229.39835094223196;17.930836894120503;14.947551004894974;15.044944334971472;76.7093568818873;24.758873596780038;79.11222108678959;24.2489074155118;nan;nan;nan;nan;[3.94778525 6.4915886  1.02534013];[ -81.71853311 -228.75504324   18.19553626];[[-0.58459863 -0.57796856  0.56938281] [-0.22822412 -0.55630902 -0.79902066] [-0.77856162  0.59705328 -0.19331112]];234.204699317228;331.6167181041152;-65.96411405244213;244.34103609497984;320.31106866321016;-67.68297304102053;408.51279963767047;411.3061551340327;426.7600062617536;400.51387128394157;426.8599680979089;-4528.279373441285;1878.1444284285976;761.7009625746394;4998.103848997029;-4551.564501488931;1917.5058295553924;766.4685693267667;0.028843515173654924;34.66983805473819;12.312141966857892;-334.863181114746;-316.7959329860859;-2522.3385588869205;-2599.405528524776;38.36334763366875;-77.745982372643;4961.141898228503;76.70481234947222;78.71113829603131;-564.8529852269464;-551.9620448878135;1845.5161815902868;1770.0685429163664;156.25014215276224;-36.35719173916699;42.83499453641757;-83.01073533859179;nan;2.664376508943469;156.25014215276224;42.83499453641757;nan;40.1706180274741;181.61394047979482;81.19834217008632;-1258.8527859787837;-418.98059497311374;6462.842110807592;126.52985712868625;nan;-46.81816570989213;nan;-372.16242926322167;-554.0066565218003;-1022.9300828294524;
474.720833333;-86.06662219513882;-151.25855472055042;14.488916162454487;-86.68611799378766;-149.9986472171782;14.51994306259663;3.8657146309347956;3.8951060900006227;0.36660007120030663;20.368141470588174;-0.1870772572493275;20.507789377191884;nan;nan;nan;nan;[0.34358569 0.74056983 0.24996581];[ -85.71268217 -150.81695024   14.58311243];[[ 0.57819508  0.58458632  0.56916543] [-0.54880099 -0.23754778  0.80149144] [ 0.60374491 -0.77577696  0.1834726 ]];1.511135649330393;28.338817640907983;16.492992329571365;-6.726760811511037;33.437220202783024;14.237149189555092;36.95934824845172;32.82363344023045;83.16961816978416;25.689832248539364;83.31880967626007;2075.1354110502666;-2367.7979389646857;97.52695316204304;3186.569791295105;2109.847428509597;-2385.3411676212004;113.65903948870809;1.448127459376492;0.6905469498041019;120.65625617475597;-26.66439775089629;-35.349241413559525;3104.8408362650744;3138.5702477304644;25.216736048277884;152.4242617823542;3149.9469139262083;-81.43223733957748;-229.748496129366;17.605556419106634;-79.65852901559515;-228.03331709420962;17.649307757939226;16.631337343340643;16.76945144078402;78.654500818439;24.03153098364343;77.73948807552712;23.81564235841049;nan;nan;nan;nan;[3.90902349 6.6612456  0.96433616];[ -80.93158927 -227.46062621   17.9593562 ];[[ 0.5831822   0.57826728 -0.57053087] [-0.25127845 -0.53947034 -0.80363604] [ 0.77250091 -0.61202835  0.16930339]];215.61742079845962;339.1578988887768;-62.83797160142958;227.43325865912178;326.769016536973;-64.83762832198136;403.37054349477097;406.7770436067058;422.44085865154744;393.6599742952368;422.53194825688365;-4393.895162830639;1742.0283007383634;738.9013542210781;4833.313415679695;-4426.5301040302165;1791.9979302436534;745.3141822788718;0.02883128633227822;34.684543328212335;12.182139584729578;-344.9212833853766;-325.2799733233089;-2306.307220830611;-2401.2634185953366;35.894651673209765;-76.99578642664828;4784.030990053223;78.68838460559567;76.3419739426878;-556.8732368265852;-543.7826960879405;1984.0773655729608;1895.2790847387062;154.70710622799928;-12.819706525503102;41.16488001247945;-82.49596360678953;nan;2.2435281526102826;154.70710622799928;41.16488001247945;nan;38.92135185986917;179.92384227627716;77.05953168568922;-3552.907503373714;-440.7885216893341;7534.455081201047;130.47014802748876;nan;55.372439021512534;nan;-496.1609607108465;-644.7424281062772;-1053.4421153649273;
474.725;-85.5390321363937;-150.19751605061106;14.439224350261199;-86.6981014427618;-149.859844265866;14.587745895939513;3.9983487875500794;4.050048293907794;1.4240011069037375;20.23346257843496;-0.3254166297242437;20.58358289395708;nan;nan;nan;nan;[0.34000185 0.73011899 0.24753801];[ -85.7176157  -150.86371887   14.57768372];[[-0.5776133  -0.58263259 -0.57175357] [ 0.5649878   0.22020414 -0.79517226] [-0.58919578  0.78233586 -0.20198747]];9.967690454282147;18.59485975026313;16.848868628019396;1.295332468947908;24.04623846576958;14.526810743725058;28.1234368621933;27.000148817526902;80.4572121603154;13.69096162364885;80.60474582526659;1984.2921957981082;-2309.448323787987;73.4181297234881;3085.642952978453;2022.252071514598;-2328.8300280430703;90.77275475283646;3.1212341101894716;0.3203860923906461;251.5862821129745;-13.931444023493881;-23.143949366185854;3007.253516872429;3044.2864158027983;31.237516072502107;-174.0462916195993;3045.7112962860606;-79.92459983311844;-226.77126557572626;17.7191076893301;-78.72159402028933;-226.63567304820765;17.3810030650384;18.28516659894755;18.473342127707944;75.80518657621117;23.90079906959215;76.32295789581454;23.40533782515208;nan;nan;nan;nan;[3.69635626 6.46980435 0.99204247];[ -80.01862108 -225.8423695    17.74290628];[[-0.58263118 -0.57781742  0.57154872] [ 0.23214912  0.55562266  0.79836724] [ 0.77887592 -0.59783818  0.18958328]];197.58656589988124;346.13700354797214;-59.80615326470267;210.1751823977403;333.1778195488965;-61.93334554832177;398.76911368119806;403.02363729389134;418.24509863933235;387.45402247402194;418.32710768077385;-4261.196035749801;1608.3478882045079;716.4253877174888;4664.637928179412;-4297.633632769622;1663.0390194988026;723.5284231609396;0.028668716842536537;34.88122630296007;11.992901397657397;-354.0887137034038;-333.6250726137711;-2094.816021636829;-2198.070536284693;33.330435234870514;-76.16856216469228;4610.622509027156;76.8493240122582;74.00484384873582;-548.3247212223007;-535.0013385346289;2118.524439473633;2022.969171488568;145.75970226961525;17.499825850847284;39.34348957831146;-81.95631986252036;nan;2.274225128028056;145.75970226961525;39.34348957831146;nan;37.069264450283406;176.99721834211735;72.67392481318197;-5793.096020330361;-446.66957699357806;7699.222270647524;132.6865675822184;nan;127.77591022371752;nan;-574.4454872172953;-471.4169646886866;-1052.5564933695814;
474.729166667;-85.6207693425207;-151.1897432003878;14.568609387201718;-86.67405579344981;-149.76215018914718;14.657242985931305;4.079796566339096;4.17232736568259;0.8242234224645407;20.387430058927528;-0.40985011472956245;20.654981074524684;nan;nan;nan;nan;[0.30165629 0.6499748  0.22741798];[ -85.66505649 -150.77459562   14.60648535];[[-0.57666354 -0.58321617 -0.57211718] [ 0.60751809  0.16209917 -0.77758963] [-0.54624256  0.79597912 -0.26083769]];18.049248118198324;9.092194315701462;17.105847240852555;9.060670028272037;14.805926067748093;14.744311857297832;22.775116250638614;26.47741235344086;78.91779424064325;2.2794843909812226;79.06013354867413;1895.1367833530448;-2251.977560044665;50.05606406686368;2986.167058208301;1935.6791049279498;-2272.809171378823;68.40009334832764;5.61319076895177;0.17815179301072356;443.77961182751176;-1.6016470771588402;-11.202207469446545;2911.325581352586;2950.9762405667007;49.4514450088178;-136.61126239576112;2943.713975255122;-79.34089176641402;-225.98061091281278;17.299021349781782;-77.86094436502603;-225.20778193142442;17.12552698888017;19.9118371291313;20.160013078421954;75.05361337934725;23.39568317406398;74.86638109169688;23.017330142557665;nan;nan;nan;nan;[3.58395051 6.74681323 0.95879185];[ -79.17847284 -224.2793286    17.51484653];[[ 0.58241247  0.5780212  -0.57156558] [-0.24548554 -0.54523254 -0.80153498] [ 0.77494036 -0.60713505  0.17565438]];180.1051134401188;352.5641808948527;-56.867310534553205;193.27881932788824;339.18746436610724;-59.090006506444006;394.8372662918526;399.96655428269224;414.46473081777697;381.8486507901404;414.53777613525017;-4130.1819921987735;1477.1031908270304;694.2730630638714;4498.459532026778;-4169.5978960519415;1535.5457124234765;701.919448070559;0.028363609659499474;35.256443450069916;11.757787671417212;-362.38438931408785;-341.3388312316164;-1887.864961305575;-1997.7530889786858;30.789205059251135;-75.28449927750587;4440.974241214479;75.10370100756515;71.70215359025369;-539.2245805394349;-525.7769051058747;2248.8574032923007;2147.835743234412;125.09954369991192;49.96741915111518;37.49164233173834;-81.40871237322811;nan;2.7049651444558007;125.09954369991192;37.49164233173834;nan;34.78667718728254;174.55098870872973;68.28084739098948;-5933.3739471207455;-449.564880793149;5721.328279512872;135.6559522390933;nan;160.62309372266262;nan;-610.1879745158118;-292.48252433405696;-1046.0103558091032;
474.733333333;-85.45318972215608;-150.48035614405035;14.694606828674878;-86.61555818500543;-149.70455197286938;14.728015776609526;4.112440134413716;4.280716999008289;1.3104523541978264;20.479566905696732;-0.44207193656029137;20.721906344321336;nan;nan;nan;nan;[0.29224017 0.70305364 0.19645143];[ -85.65977032 -150.80183505   14.62787497];[[-0.58468404 -0.58703857 -0.55993776] [ 0.42656742  0.36463089 -0.82769834] [ 0.69006145 -0.72279322  0.03721766]];25.76284115277523;-0.17284054374946395;17.267039658828892;16.56650520023181;5.725966385394909;14.893020771517827;23.000822883037067;31.014585547710652;78.40546801864235;-8.505546897120189;78.54023637377932;1807.6691737150752;-2195.385647734719;27.440756192169836;2888.3043493844452;1850.2534036056616;-2217.3623246031275;46.569072885165134;5.24001054762542;0.19083931051496894;411.5516670115974;10.331907187578926;0.466393289952822;2817.0570297055465;2858.7765026489315;75.58484153614239;-102.6148486910585;2843.9653617756553;-78.03676841132592;-222.60852729224268;17.567425511547654;-77.07427624551568;-223.7519645843554;16.882489321712747;21.513950119561464;21.832531594296515;71.85166782103056;23.439261926727063;73.3734293853824;22.650964418179658;nan;nan;nan;nan;[3.53773671 7.06361428 0.93263928];[ -78.45943791 -222.85589794   17.30810824];[[-0.58159156 -0.57840191  0.57201617] [ 0.27787766  0.51961841  0.80794846] [ 0.76454906 -0.62884652  0.14148071]];163.166042237798;358.44957974257005;-54.02009490327293;176.760145051598;344.80301782615027;-56.310164419401325;391.5406806420279;397.5266396237246;411.0473296327096;376.79653265671755;411.11159623904103;-4000.853032177558;1348.2942086059318;672.4443802602261;4335.104884068525;-4042.618682501669;1409.7025911071155;680.519763408192;0.02792623534580293;35.808621807317515;11.48079918996017;-369.8272274626894;-348.4345059126912;-1685.4540398368486;-1800.5913260626453;28.2813775984084;-74.3290059848646;4275.149553242344;72.56534617451587;69.43623731782995;-529.589956903329;-516.1458617304183;2375.0762570289653;2269.7216923202463;97.48390210023948;81.6600114395183;35.621243103368364;-80.85059846600288;nan;3.3390243798914003;97.48390210023948;35.621243103368364;nan;32.282218723476966;173.06874363638187;63.90262070177677;-4233.659669729165;-449.8592221912496;2503.3069387723813;139.7660849431558;nan;170.07936120350735;nan;-619.9385833947572;-199.48855882647717;-1034.4702116711865;
474.7375;-85.9504427731193;-151.3912901148206;14.57369087990189;-86.52415645445015;-149.68605186071767;14.799658676556533;4.098792269597255;4.39831476944184;0.5035095897078423;20.438884958504786;-0.4237475107636473;20.78428613864015;nan;nan;nan;nan;[0.35259047 0.91297912 0.22946146];[ -85.69450943 -150.93323492   14.60576546];[[ 0.58230295  0.58542032  0.56409779] [-0.44999333 -0.34578425  0.82337067] [-0.67707405  0.73329142 -0.06208405]];33.115502069709024;-9.203906709062057;17.335557372706443;23.803029342015357;-3.1834798878004924;14.972576559820489;28.30012012152175;38.495063650556766;78.84198783616537;-18.606005567921635;78.96752093853839;1721.8893668842009;-2139.672586858151;5.572206099406492;2792.187375880609;1766.0794646828867;-2162.5524018359183;25.313549062729212;2.7245294459884652;0.3670358569522444;215.14933607375852;21.87613287018943;11.848102332981956;2724.447861931309;2767.7963071307845;96.45887353199745;-85.95258829868563;2746.4764372231452;-77.52438547505278;-221.91726136846046;17.029366797022476;-76.35931511239106;-222.27049956077437;16.651505474566445;23.093909219046242;23.493634112389625;71.20611308644848;22.82809696500321;71.847695677224;22.305594540295726;nan;nan;nan;nan;[3.31518528 7.0173277  0.92374397];[ -77.71852098 -221.353711     17.08918558];[[-0.58115027 -0.57949487  0.57135808] [ 0.34454872  0.46084898  0.81786576] [ 0.7372588  -0.6721636   0.0681583 ]];146.7623311115447;363.8033489042759;-51.263157863153666;160.63991733550137;350.0141253536096;-53.59721716309083;388.828667508244;395.62604800665434;407.9729807606366;372.25062903474003;408.02869275683463;-3873.209155686152;1221.9209415412122;650.939339306553;4174.835646028352;-3916.832645876234;1285.6624454129778;659.3532983172796;0.02737136185639423;36.53453581325511;11.168300997238823;-376.43614539446907;-354.89896995594535;-1487.5832572306515;-1606.8410415886406;25.818826100789373;-73.28278168223243;4113.217958548374;71.06997542612112;67.20935775653088;-519.4379924393253;-506.11416911313944;2497.1810006836276;2388.439247506181;75.654760807284;97.64515481367908;33.74526832513217;-80.27824610457003;nan;4.043490925476772;75.654760807284;33.74526832513217;nan;29.701777399655402;172.11363433928148;59.564094425921546;-2609.5090027662823;-448.3712605509965;717.812759844023;145.51067299395743;nan;168.80508477144753;nan;-617.1763453224441;-153.749005800845;-1019.4466491006617;
474.741666667;-85.30299442658145;-150.2692395626412;14.729659971825328;-86.40136913667364;-149.7056673542143;14.871779058899502;4.041560576937779;4.542060526044126;1.565066350356649;20.491364194198553;-0.35651344413905645;20.842052902640745;nan;nan;nan;nan;[0.40741829 1.07221147 0.22961844];[ -85.80303261 -151.23739172   14.53556994];[[-0.58256664 -0.58362155 -0.56568719] [ 0.41982298  0.37988525 -0.824279  ] [-0.6959632   0.71768593 -0.02370926]];40.11426338069592;-18.004666061208642;17.31451187324325;30.771367556788103;-11.920749703862802;14.984932114132853;36.242647879014946;47.25584035820505;80.12255532163293;-27.935309654200328;80.23762935724943;1637.7973628604193;-2084.8383774149584;-15.5495862114263;2697.876890454086;1683.1962450497645;-2108.4042660501505;4.644092818820286;1.2659307391834596;0.7899326314210617;101.57528144255123;33.03794407014253;22.942167884391235;2633.4980780298743;2678.077383580414;109.20293412696753;-80.90001213143283;2651.258767334137;-75.58000452695656;-217.7899956761823;16.754374844314412;-75.7138156712074;-220.76562312773393;16.432196477253715;24.653921225031254;25.145729461814483;67.39118198314756;22.2374306759583;70.29269404571947;21.980583177908798;nan;nan;nan;nan;[3.1409514  6.96916359 0.91815335];[ -77.08783912 -220.05261297   16.84084626];[[-0.58009904 -0.5824878   0.56937954] [ 0.46485352  0.33726535  0.81863502] [-0.6688769   0.73956747  0.0751242 ]];130.88695887998472;368.6356371931214;-48.59515090648719;144.92112211160426;354.82456740971446;-50.95154977191642;386.65057312221535;394.1891902440422;405.202936818081;368.1644295119418;405.2503553460354;-3747.250362724554;1097.9833896328705;629.757940202852;4017.8095600975817;-3792.296086060103;1163.4825651119838;638.429618317624;0.02671518507557111;37.43189490064284;10.826338245010295;-382.2300603546871;-360.74098402916303;-1294.2526134869822;-1416.5934052886828;23.4096193527467;-72.11812709051084;3955.2557272694175;68.24726008454392;65.02370620590051;-508.785829272765;-495.6969360492629;2615.1716342562854;2503.929497202345;62.20340485252852;102.52090259593584;31.872416251778027;-79.68588109147764;nan;4.756352389919339;62.20340485252852;31.872416251778027;nan;27.116063861858688;171.40633897949607;55.28203560452472;-1655.2375493857899;-444.3747179737133;125.42852162145418;153.29525423756948;nan;162.1865030250331;nan;-606.5612209987465;-127.38069559080475;-999.3398641930168;
474.745833333;-85.67859383469258;-151.07277647335263;14.437349037138674;-86.24868546443331;-149.7624312127192;14.943997261310429;3.9437422231980492;4.720245565148483;0.7792763538698171;20.263170044228037;-0.24197753473814876;20.895144091349177;nan;nan;nan;nan;[0.40162949 1.0634198  0.20542774];[ -85.81343656 -151.41881174   14.50791262];[[-0.58626874 -0.57170367 -0.57397201] [ 0.05456251 -0.73476212  0.67612688] [-0.80827712  0.3650747   0.46196165]];46.76615759743215;-26.578780481161665;17.207014651197362;37.477497317644556;-20.488015382510913;14.93300947756219;45.247280046042775;56.476423589849965;82.13010878023758;-36.363641876754436;82.23381669371754;1555.3931616437333;-2030.8830194051432;-35.924620740328514;2605.401428146845;1601.6121161487583;-2054.925023016857;-15.439591130831907;0.639988851240544;1.562527219125171;52.628725878937765;43.82425488690836;33.75365844271421;2544.2076780012426;2589.630019659844;116.92354017335751;-79.77273198492719;2558.3245111149554;-75.48218429293524;-217.44312866452736;16.718291746667276;-75.13556188244223;-219.2395292655649;16.224188978369096;26.19599779433292;26.790906364145506;67.06369229880833;22.183562052707504;68.71185974751121;21.67530178074705;nan;nan;nan;nan;[2.89750659 7.04663513 0.91791606];[ -76.34852811 -218.27547991   16.66493823];[[-0.58087299 -0.58048098  0.57063859] [ 0.39096329  0.41592157  0.82107062] [-0.71395677  0.70003649 -0.01465085]];115.53290436174386;372.9565934222586;-46.01472552556529;129.59870143109148;359.24435995943895;-48.37218923452586;384.9574031846029;393.14352027292637;402.6931689362008;364.49218171737283;402.7325842364716;-3622.976653292768;976.4815528809085;608.9001829491228;3864.142535816692;-3669.0278044636875;1043.175673265295;617.7515859046617;0.02597447331258475;38.49933694384076;10.460766761358522;-387.2278895886043;-365.9788502924197;-1105.4621086058414;-1229.8627622120896;21.059864529546488;-70.79599948487292;3801.346535928637;67.18774529010453;62.881402539960646;-497.65060952899;-484.91293094505073;2729.0481577469404;2616.193664322214;53.9088524509181;103.62692781237384;30.008841153877267;-79.06565716295482;nan;5.450199965237555;53.9088524509181;30.008841153877267;nan;24.55864118863971;170.8323926242756;51.06870568342376;-1130.2653190363;-438.2130352833517;-57.13288402026672;163.7362372608277;nan;152.9356675612172;nan;-591.148702844569;-109.17397245916656;-974.6324029167001;
474.75;-85.48113717147069;-150.35160899610764;14.854763623943754;-86.06756536835461;-149.85539145342955;15.015946586006143;3.8087663298196546;4.936168701659259;1.4199072698740407;20.640048060682016;-0.08171877186476792;20.943502169658018;nan;nan;nan;nan;[0.4835632  1.06290873 0.22491297];[ -85.726207   -151.42707854   14.54253467];[[-0.58804884 -0.55011741 -0.59293288] [ 0.43205225 -0.83337334  0.34470237] [-0.68376123 -0.05347616  0.72774369]];53.07821723161399;-34.929911849893585;17.0161771973268;43.889260660945716;-28.870671457939444;14.806219663150584;54.58028043634609;65.7795270030012;84.98837074590928;-43.69441234592664;85.07961298754293;1474.6767632341407;-1977.806512828704;-55.55289748730026;2514.850589325858;1521.4101476261492;-2002.140932517312;-34.87600423648992;0.3612287712506623;2.768328769986277;30.73320405797202;54.24197941995699;44.253204327054384;2456.5766618454127;2502.523157523472;121.93507457524753;-79.8822891104864;2467.6864230751835;-75.61648014358967;-217.53774743647733;16.56305675472383;-74.62236696149557;-217.69436966787697;16.027115245289266;27.72195813762798;28.430944554396753;67.13007260751318;22.048792252740125;67.10854921738651;21.389130579263895;nan;nan;nan;nan;[2.82288553 7.44964925 0.85046573];[ -75.7268657  -216.66527965   16.45445823];[[-0.57958859 -0.58118562  0.57122706] [ 0.45775498  0.34773631  0.81825414] [ 0.67419392 -0.73573279 -0.06449661]];100.69314637544771;376.7763664048388;-43.5205332126797;114.71311603202635;363.21763645226486;-45.86591388131011;383.6532711654034;392.42015343167157;400.4988040778464;361.18910590896445;400.5305036009089;-3500.388027390791;857.4154312853234;588.3660675453657;3713.9867866154837;-3547.0461180161847;924.8576776152996;597.3273507690363;0.02517243449163992;39.72599473174168;10.082327863797426;-391.44855034148094;-370.52325579101944;-921.2117425872282;-1046.9231430919797;18.784909800923376;-69.26663845817536;3651.5821493629014;67.9279539087327;60.784495207210796;-486.0494753333417;-473.6867544347587;2838.8105711555927;2724.8954342182255;48.409758607659484;103.56614027611367;28.16929360200045;-78.40842063949906;nan;6.107906581793386;48.409758607659484;28.16929360200045;nan;22.061387020207064;170.344833182907;46.954203402923824;-825.1127809735428;-430.357219242613;-109.65463431412243;177.4956166718897;nan;142.6321831900639;nan;-572.9894024326767;-94.662772673565;-945.9918430062371;
